152138782	0	736	20527	45208	40283
152138889	0	741	20574	45255	40312
152138982	0	774	20551	45255	40283
152139082	0	736	20532	45255	40279
152139182	0	778	20570	45264	40279
152139282	0	722	20537	45264	40298
152139382	0	760	20546	45255	40265
152139482	0	741	20555	45264	40237
152139582	0	769	20527	45212	40199
152139682	0	736	20490	45114	40190
152139782	0	717	20438	45142	40185
152139882	0	736	20382	45156	40218
152139982	0	788	20298	45156	40293
152140082	0	895	20283	45156	40415
152140182	0	1054	20190	45156	40457
152140282	0	1218	20129	45212	40518
152140382	0	1298	20007	45180	40532
152140482	0	1227	19946	45123	40523
152140582	0	1209	19871	45105	40537
152140682	0	1255	19767	45109	40410
152140782	0	1223	19669	45048	40509
152140882	0	1255	19613	44978	40532
152140982	0	1284	19617	44926	40551
152141082	0	1330	19519	44912	40485
152141182	0	1312	19491	44861	40452
152141282	0	1302	19444	44818	40419
152141383	0	1312	19355	44762	40335
152141482	0	1321	19290	44682	40349
152141582	0	1321	19224	44645	40335
152141686	0	1359	19191	44593	40246
152141782	0	1410	19126	44532	40269
152141882	0	1420	19093	44495	40274
152141982	0	1443	19050	44443	40199
152142082	0	1495	18952	44434	40208
152142182	0	1542	18905	44327	40180
152142282	0	1556	18830	44303	40129
152142382	0	1542	18694	44219	40035
152142482	0	1593	18614	44125	39913
152142582	0	1701	18591	44036	39819
152142682	0	1762	18488	43890	39744
152142782	0	1814	18455	43768	39711
152142882	0	1846	18329	43698	39646
152142982	0	1874	18319	43590	39617
152143082	0	1987	18244	43539	39575
152143181	0	2019	18174	43384	39458
152143283	0	2127	18113	43318	39374
152143382	0	2155	18090	43168	39298
152143482	0	2216	18066	43112	39172
152143582	0	2258	18057	43009	39059
152143682	0	2291	18024	42887	38994
152143782	0	2427	18000	42798	38862
152143882	0	2431	18019	42671	38717
152143982	0	2497	17996	42549	38665
152144082	0	2609	17986	42380	38529
152144182	0	2684	17921	42300	38421
152144283	0	2764	17879	42216	38295
152144382	0	2839	17888	42122	38206
152144482	0	2914	17879	42024	38074
152144582	0	3055	17864	41859	37962
152144682	0	3148	17869	41747	37844
152144782	0	3176	17925	41648	37732
152144882	0	3260	17944	41536	37619
152144982	0	3429	17991	41437	37502
152145082	0	3476	17996	41348	37394
152145182	0	3602	18024	41245	37291
152145282	0	3677	18015	41104	37211
152145382	0	3761	17986	40978	37085
152145482	0	3822	17996	40870	36963
152145582	0	3953	18052	40748	36799
152145682	0	4080	18010	40663	36691
152145786	0	4235	18043	40523	36541
152145882	0	4272	18104	40415	36391
152145982	0	4403	18085	40302	36302
152146082	0	4511	18146	40199	36143
152146182	0	4609	18183	40105	35992
152146282	0	4717	18207	39969	35861
152146382	0	4834	18216	39913	35763
152146482	0	4942	18240	39758	35486
152146582	0	5054	18207	39608	35397
152146682	0	5204	18249	39505	35237
152146782	0	5284	18268	39420	35158
152146882	0	5382	18324	39364	35064
152146982	0	5495	18324	39209	34932
152147082	0	5607	18352	39078	34834
152147182	0	5710	18422	38961	34735
152147282	0	5818	18408	38905	34632
152147382	0	5950	18422	38778	34552
152147482	0	6053	18417	38679	34487
152147582	0	6142	18399	38576	34487
152147682	0	6203	18394	38501	34393
152147782	0	6292	18380	38412	34295
152147882	0	6362	18389	38346	34234
152147982	0	6427	18389	38253	34149
152148082	0	6488	18431	38201	34107
152148182	0	6545	18464	38154	34079
152148282	0	6563	18422	38126	34074
152148382	0	6610	18422	38088	34027
152148482	0	6648	18445	38051	33966
152148582	0	6676	18483	38065	33947
152148682	0	6671	18445	38070	33952
152148782	0	6704	18474	38023	33910
152148882	0	6704	18445	38041	33943
152148982	0	6657	18445	38056	33952
152149082	0	6643	18422	38074	33929
152149182	0	6662	18408	38070	33933
152149282	0	6671	18441	38084	33966
152149382	0	6629	18445	38102	33938
152149482	0	6629	18450	38135	33971
152149582	0	6587	18417	38140	33999
152149682	0	6620	18441	38131	33924
152149782	0	6615	18408	38178	33966
152149887	0	6582	18413	38178	34022
152149982	0	6615	18403	38149	33976
152150082	0	6596	18361	38117	33980
152150181	0	6610	18384	38145	34046
152150282	0	6573	18427	38126	34041
152150381	0	6601	18403	38098	34018
152150482	0	6615	18380	38107	34055
152150582	0	6615	18347	38088	34027
152150682	0	6629	18375	38084	34079
152150782	0	6615	18347	38093	34088
152150882	0	6592	18338	38102	34079
152150982	0	6587	18329	38145	34130
152151082	0	6587	18296	38102	34079
152151182	0	6582	18287	38093	34135
152151281	0	6573	18235	38107	34149
152151382	0	6596	18226	38088	34140
152151482	0	6559	18188	38102	34154
152151582	0	6596	18174	38065	34130
152151682	0	6587	18141	38088	34144
152151782	0	6624	18080	38098	34149
152151882	0	6643	18024	38051	34140
152151982	0	6671	17916	38041	34173
152152082	0	6709	17780	37962	34126
152152182	0	6779	17649	37873	34083
152152282	0	6878	17461	37835	34173
152152382	0	6962	17292	37746	34224
152152481	0	7074	17091	37633	34280
152152582	0	7201	16861	37591	34285
152152682	0	7355	16632	37422	34262
152152782	0	7515	16392	37324	34280
152152882	0	7674	16111	37211	34421
152152982	0	7871	15853	37117	34477
152153082	0	8077	15596	36972	34426
152153182	0	8311	15295	36831	34534
152153282	0	8499	15000	36756	34618
152153382	0	8780	14691	36602	34576
152153481	0	9057	14363	36490	34735
152153582	0	9253	14067	36349	34834
152153682	0	9563	13795	36246	34867
152153782	0	9863	13430	36086	34965
152153882	0	10195	13073	35969	35054
152153986	0	10514	12727	35838	35153
152154082	0	10852	12333	35734	35265
152154182	0	11166	11981	35641	35387
152154282	0	11560	11677	35500	35472
152154382	0	11850	11302	35420	35594
152154482	0	12202	10936	35298	35706
152154582	0	12563	10617	35172	35833
152154682	0	12886	10317	35082	35917
152154782	0	13275	10008	34993	36058
152154881	0	13627	9652	34862	36199
152154982	0	13973	9361	34848	36344
152155082	0	14330	9108	34707	36499
152155182	0	14686	8761	34628	36625
152155282	0	15075	8499	34632	36775
152155382	0	15399	8246	34501	36869
152155482	0	15759	7993	34431	37042
152155582	0	16055	7735	34388	37193
152155682	0	16336	7506	34365	37338
152155782	0	16641	7299	34295	37455
152155882	0	16904	7135	34215	37540
152155982	0	17222	6990	34154	37676
152156082	0	17489	6868	34158	37760
152156182	0	17733	6770	34088	37859
152156282	0	17888	6676	34107	37938
152156382	0	18010	6653	34065	37995
152156482	0	18127	6601	34060	38013
152156582	0	18212	6606	34060	38056
152156682	0	18291	6578	34008	38065
152156782	0	18347	6582	33980	38060
152156882	0	18384	6606	33976	38070
152156982	0	18464	6624	33919	38037
152157082	0	18441	6643	33901	38041
152157182	0	18488	6667	33872	37981
152157282	0	18525	6714	33793	37938
152157382	0	18558	6728	33727	37891
152157482	0	18610	6821	33643	37821
152157582	0	18614	6925	33530	37741
152157682	0	18699	6976	33385	37629
152157782	0	18736	7116	33244	37511
152157882	0	18830	7280	33094	37296
152157982	0	18886	7487	32873	37197
152158086	0	18980	7688	32658	36963
152158182	0	19107	7941	32432	36770
152158282	0	19163	8199	32151	36560
152158382	0	19280	8428	31888	36321
152158482	0	19434	8714	31636	36100
152158582	0	19538	8949	31350	35791
152158682	0	19688	9258	31021	35608
152158782	0	19871	9567	30698	35303
152158882	0	20040	9890	30351	35003
152158982	0	20246	10219	30055	34679
152159082	0	20410	10594	29638	34402
152159181	0	20598	10936	29272	34083
152159282	0	20785	11264	28939	33741
152159382	0	20949	11658	28582	33478
152159482	0	21136	12019	28179	33159
152159582	0	21418	12408	27795	32784
152159682	0	21629	12783	27406	32442
152159782	0	21892	13181	27030	32146
152159882	0	22102	13589	26594	31795
152159982	0	22379	14025	26153	31495
152200082	0	22618	14395	25708	31139
152200182	0	22867	14836	25328	30768
152200282	0	23139	15258	24845	30416
152200382	0	23378	15633	24526	30078
152200482	0	23659	16026	24090	29792
152200582	0	23893	16435	23706	29445
152200682	0	24189	16861	23298	29047
152200782	0	24451	17320	22838	28723
152200882	0	24733	17771	22412	28324
152200981	0	25094	18169	21966	28029
152201082	0	25413	18581	21582	27715
152201182	0	25694	19004	21151	27363
152201282	0	26017	19458	20710	26988
152201382	0	26402	19908	20237	26636
152201482	0	26735	20382	19772	26153
152201582	0	27059	20803	19355	25848
152201682	0	27457	21268	18886	25600
152201782	0	27790	21704	18483	25216
152201882	0	28137	22144	18024	24906
152201982	0	28498	22632	17583	24592
152202081	0	28840	23096	17128	24273
152202186	0	29201	23500	16702	23978
152202282	0	29577	23926	16238	23710
152202382	0	29924	24390	15839	23453
152202482	0	30304	24798	15436	23181
152202582	0	30693	25258	14939	22881
152202682	0	31068	25675	14536	22641
152202782	0	31467	26144	14076	22374
152202882	0	31813	26557	13622	22149
152202982	0	32203	27040	13209	21882
152203082	0	32564	27499	12750	21610
152203182	0	32977	27936	12324	21385
152203282	0	33319	28348	11883	21090
152203382	0	33675	28751	11466	20897
152203482	0	34046	29173	11119	20644
152203582	0	34421	29595	10693	20471
152203682	0	34764	29980	10284	20307
152203782	0	35111	30430	9905	20133
152203881	0	35444	30815	9544	19922
152203982	0	35749	31185	9193	19683
152204082	0	36072	31533	8846	19524
152204182	0	36354	31884	8508	19411
152204282	0	36630	32189	8237	19247
152204382	0	36860	32479	7904	19158
152204482	0	37136	32775	7623	19050
152204582	0	37347	32991	7370	18914
152204682	0	37511	33230	7210	18797
152204782	0	37713	33464	7004	18699
152204882	0	37798	33568	6868	18596
152204982	0	37920	33746	6765	18520
152205082	0	37962	33830	6643	18497
152205182	0	38070	33947	6554	18464
152205482	0	38206	34083	6446	18370
152205582	0	38187	34116	6441	18356
152205682	0	38168	34065	6437	18323
152205782	0	38149	34079	6474	18324
152205882	0	38163	34098	6479	18315
152205982	0	38135	34107	6498	18216
152206082	0	38046	34126	6502	18076
152206182	0	38004	34168	6587	17949
152206286	0	37948	34116	6690	17789
152206382	0	37849	34144	6742	17644
152206482	0	37760	34163	6854	17480
152206582	0	37718	34229	6929	17259
152206682	0	37540	34238	7037	17058
152206782	0	37526	34304	7205	16824
152206882	0	37422	34323	7374	16603
152206982	0	37268	34313	7538	16331
152207082	0	37146	34341	7702	16073
152207182	0	37024	34407	7913	15754
152207281	0	36953	34506	8124	15516
152207382	0	36850	34529	8349	15187
152207482	0	36686	34576	8611	14873
152207582	0	36560	34613	8893	14607
152207682	0	36461	34712	9165	14269
152207782	0	36330	34806	9422	13917
152207882	0	36194	34867	9675	13641
152207982	0	36119	34946	9970	13280
152208082	0	35941	35054	10275	12970
152208182	0	35805	35101	10594	12661
152208282	0	35697	35214	10894	12314
152208382	0	35580	35303	11213	11995
152208482	0	35537	35416	11541	11672
152208582	0	35430	35580	11864	11297
152208682	0	35289	35697	12206	10936
152208782	0	35242	35838	12600	10594
152208882	0	35143	35983	12947	10284
152208982	0	34970	36053	13289	9989
152209082	0	34932	36171	13664	9652
152209182	0	34923	36325	13964	9394
152209282	0	34778	36471	14330	9029
152209382	0	34651	36620	14728	8719
152209482	0	34778	36728	15042	8485
152209582	0	34534	36864	15389	8232
152209682	0	34393	36996	15731	7988
152209782	0	34459	37122	16031	7768
152209882	0	34393	37319	16294	7524
152209982	0	34234	37441	16669	7276
152210082	0	34304	37558	16927	7130
152210182	0	34327	37643	17227	6981
152210282	0	34196	37765	17531	6831
152210386	0	34140	37835	17728	6728
152210482	0	34126	37981	17925	6615
152210582	0	34158	38051	18071	6540
152210682	0	34219	38117	18179	6517
152210782	0	34121	38131	18338	6507
152210882	0	34130	38121	18408	6507
152210982	0	34112	38112	18464	6479
152211082	0	34112	38107	18520	6488
152211182	0	34083	38121	18539	6517
152211282	0	34074	38135	18567	6488
152211382	0	34032	38140	18581	6479
152211481	0	34032	38112	18600	6517
152211582	0	34013	38074	18596	6526
152211682	0	34013	38121	18605	6531
152211782	0	33980	38041	18642	6578
152211882	0	33929	38046	18680	6578
152211982	0	33835	37966	18685	6634
152212082	0	33708	37896	18694	6756
152212182	0	33619	37784	18722	6864
152212282	0	33492	37666	18807	6985
152212382	0	33324	37516	18825	7088
152212482	0	33150	37394	18900	7257
152212588	0	32991	37244	18985	7365
152212682	0	32770	37061	19055	7585
152212782	0	32540	36878	19163	7815
152212882	0	32310	36677	19247	8044
152212982	0	32029	36476	19364	8274
152213082	0	31738	36185	19453	8564
152213182	0	31448	35922	19556	8827
152213282	0	31153	35688	19735	9099
152213382	0	30852	35420	19894	9441
152213482	0	30449	35082	20077	9835
152213582	0	30121	34782	20194	10139
152213682	0	29760	34459	20391	10505
152213782	0	29389	34163	20584	10866
152213882	0	29070	33849	20761	11161
152213981	0	28681	33530	20968	11569
152214082	0	28268	33206	21221	11953
152214182	0	27861	32855	21390	12380
152214282	0	27453	32531	21610	12783
152214382	0	27021	32198	21835	13153
152214487	0	26665	31846	22036	13486
152214582	0	26308	31556	22280	13884
152214682	0	25933	31199	22566	14278
152214782	0	25535	30852	22820	14770
152214882	0	25155	30491	23064	15131
152214982	0	24723	30191	23322	15516
152215082	0	24357	29877	23527	15900
152215182	0	23954	29563	23795	16331
152215282	0	23523	29220	24114	16730
152215381	0	23064	28873	24409	17156
152215482	0	22613	28540	24709	17555
152215581	0	22163	28221	25024	17963
152215682	0	21760	27898	25291	18361
152215782	0	21343	27589	25633	18774
152215882	0	20925	27270	25975	19210
152215982	0	20551	26932	26280	19636
152216082	0	20086	26594	26613	20119
152216182	0	19688	26228	26937	20513
152216282	0	19262	25938	27218	20897
152216382	0	18910	25685	27551	21310
152216482	0	18478	25352	27879	21788
152216582	0	17977	25000	28212	22280
152216682	0	17513	24644	28573	22698
152216781	0	17180	24292	28920	23181
152216882	0	16763	24024	29239	23584
152216982	0	16345	23767	29591	23921
152217082	0	15886	23495	29891	24292
152217182	0	15445	23186	30327	24719
152217282	0	15014	22946	30651	25127
152217382	0	14630	22712	31012	25478
152217482	0	14198	22421	31336	25923
152217582	0	13809	22186	31678	26416
152217682	0	13435	21971	32010	26866
152217782	0	13003	21737	32343	27241
152217882	0	12596	21465	32733	27682
152217982	0	12211	21263	33028	28085
152218081	0	11818	21024	33352	28474
152218182	0	11410	20803	33704	28831
152218282	0	11030	20635	34051	29272
152218382	0	10636	20443	34393	29624
152218482	0	10233	20246	34768	30064
152218586	0	9835	19993	35111	30468
152218682	0	9436	19833	35434	30848
152218782	0	9108	19655	35791	31199
152218882	0	8771	19533	36035	31547
152218982	0	8503	19420	36358	31870
152219082	0	8129	19285	36634	32221
152219182	0	7852	19135	36981	32573
152219282	0	7613	18994	37174	32780
152219382	0	7431	18910	37347	33042
152219482	0	7210	18825	37540	33281
152219582	0	7055	18793	37690	33413
152219682	0	6957	18760	37840	33568
152219782	0	6798	18699	37901	33675
152219882	0	6676	18666	38004	33783
152219982	0	6643	18610	38079	33844
152220082	0	6601	18577	38121	33933
152220182	0	6559	18506	38178	34008
152220282	0	6493	18502	38192	34041
152220382	0	6507	18464	38178	34051
152220482	0	6465	18445	38234	34065
152220582	0	6488	18441	38238	34121
152220682	0	6437	18431	38224	34079
152220782	0	6432	18455	38234	34102
152220882	0	6413	18492	38267	34112
152220981	0	6390	18478	38290	34158
152221082	0	6404	18497	38304	34121
152221182	0	6418	18488	38295	34154
152221282	0	6404	18511	38309	34191
152221382	0	6404	18520	38346	34126
152221482	0	6352	18535	38374	34201
152221581	0	6330	18516	38407	34205
152221682	0	6273	18539	38454	34257
152221782	0	6203	18549	38520	34304
152221882	0	6100	18506	38604	34374
152221982	0	5982	18520	38689	34459
152222082	0	5860	18492	38797	34529
152222182	0	5818	18422	38862	34670
152222282	0	5696	18403	38947	34740
152222382	0	5593	18394	39106	34787
152222481	0	5485	18399	39209	34881
152222581	0	5391	18375	39289	34989
152222686	0	5284	18394	39425	35195
152222782	0	5167	18399	39528	35322
152222882	0	4979	18333	39683	35509
152222982	0	4834	18338	39810	35650
152223082	0	4721	18333	39950	35786
152223182	0	4605	18328	40138	35946
152223282	0	4473	18347	40237	36119
152223382	0	4347	18296	40405	36199
152223481	0	4197	18328	40541	36377
152223582	0	4052	18310	40677	36476
152223682	0	3944	18315	40828	36597
152223782	0	3780	18375	40898	36709
152223882	0	3710	18370	41067	36845
152223982	0	3499	18338	41198	37019
152224082	0	3387	18356	41353	37183
152224182	0	3223	18352	41508	37352
152224282	0	3157	18305	41653	37521
152224382	0	2984	18333	41784	37643
152224482	0	2862	18323	41939	37793
152224582	0	2745	18408	42056	37938
152224682	0	2609	18413	42202	38098
152224782	0	2525	18413	42357	38229
152224881	0	2389	18469	42493	38365
152224981	0	2286	18427	42652	38482
152225082	0	2160	18497	42812	38656
152225182	0	2038	18474	43009	38867
152225282	0	1944	18502	43088	38942
152225382	0	1860	18530	43309	39036
152225482	0	1814	18549	43417	39144
152225582	0	1724	18581	43468	39167
152225682	0	1584	18619	43679	39294
152225782	0	1537	18675	43792	39439
152225882	0	1434	18722	43843	39599
152225982	0	1415	18746	44059	39843
152226082	0	1373	18816	44144	39979
152226181	0	1307	18844	44294	40096
152226282	0	1288	18924	44345	40199
152226382	0	1274	19004	44345	40260
152226482	0	1260	19050	44345	40349
152226582	0	1246	19116	44650	40373
152226681	0	1237	19187	44650	40448
152226785	0	1227	19285	44650	40518
152226882	0	1200	19341	44650	40570
152226982	0	1148	19420	44650	40593
152227082	0	1200	19500	44650	40616
152227182	0	1158	19552	44650	40677
152227282	0	1181	19585	44650	40696
152227382	0	1190	19692	45180	40715
152227481	0	1181	19730	45180	40518
152227582	0	1059	19833	45189	40448
152227682	0	1036	19885	45194	40537
152227782	0	1022	19955	45198	40556
152227881	0	993	19964	45198	40574
152227982	0	932	20049	45123	40574
152228082	0	820	20082	45180	40504
152228182	0	755	20119	45189	40471
152228282	0	680	20265	45180	40373
152228382	0	595	20349	45273	40330
152228482	0	600	20354	45334	40335
152228582	0	699	20485	45231	40316
152228682	0	741	20448	45363	40368
152228781	0	792	20410	45400	40340
152228882	0	811	20438	45306	40377
152228982	0	858	20462	45222	40396
152229082	0	830	20448	45264	40382
152229182	0	872	20429	45363	40373
152229281	0	881	20401	45316	40373
152229382	0	872	20509	45231	40363
152229482	0	863	20490	45259	40415
152229581	0	872	20462	45269	40401
152229682	0	904	20448	45325	40410
152229782	0	858	20480	45278	40405
152229882	0	872	20490	45367	40387
152229982	0	886	20429	45391	40410
152230082	0	853	20438	45358	40396
152230182	0	849	20452	45344	40387
152230282	0	825	20438	45395	40377
152230382	0	844	20443	45442	40401
152230482	0	825	20415	45442	40419
152230582	0	839	20438	45419	40368
152230682	0	820	20419	45423	40373
152230782	0	835	20424	45423	40344
152230886	0	820	20424	45475	40373
152230982	0	849	20462	45456	40387
152231082	0	835	20405	45452	40391
152231182	0	835	20434	45442	40368
152231482	0	825	20466	45428	40354
152231581	0	835	20448	45433	40363
152231682	0	820	20391	45405	40368
152231783	0	853	20434	45428	40396
152231882	0	849	20424	45400	40405
152231982	0	835	20368	45320	40405
