153006878	0	699	20298	45395	40466
153006971	0	675	20265	45273	40485
153007070	0	699	20260	45273	40518
153007169	0	661	20218	45212	40518
153007269	0	586	20115	45217	40523
153007370	0	553	20068	45203	40546
153007470	0	492	20002	45081	40457
153007569	0	426	19913	45025	40462
153007670	0	422	19819	44973	40251
153007770	0	412	19716	44875	40302
153007870	0	436	19613	44875	40434
153007970	0	506	19524	44847	40401
153008070	0	544	19510	44847	40396
153008170	0	605	19444	44795	40410
153008270	0	628	19467	44804	40368
153008370	0	600	19495	44865	40396
153008470	0	548	19463	44776	40354
153008569	0	539	19467	44748	40326
153008670	0	520	19472	44729	40274
153008770	0	548	19477	44682	40241
153008870	0	638	19477	44654	40157
153008970	0	666	19416	44598	40119
153009070	0	713	19434	44560	40110
153009170	0	717	19388	44560	40129
153009270	0	703	19341	44509	40082
153009370	0	689	19290	44523	40049
153009470	0	731	19238	44439	40044
153009569	0	783	19219	44388	40044
153009670	0	778	19135	44345	39979
153009770	0	755	19079	44289	39885
153009870	0	741	19069	44200	39810
153009970	0	760	19172	44191	39711
153010072	0	806	19069	44097	39636
153010169	0	802	19116	44036	39632
153010269	0	717	19126	43989	39571
153010370	0	717	19233	43951	39500
153010470	0	722	19107	43914	39481
153010570	0	839	19121	43815	39388
153010670	0	877	19116	43801	39397
153010770	0	984	19205	43750	39336
153010870	0	1068	19187	43759	39317
153010970	0	1172	19257	43754	39238
153011070	0	1227	19266	43661	39223
153011170	0	1298	19271	43689	39186
153011270	0	1241	19327	43745	39092
153011370	0	1260	19383	43698	39181
153011470	0	1302	19388	43745	39073
153011570	0	1194	19392	43778	39200
153011670	0	1162	19374	43778	39186
153011770	0	1139	19449	43778	39238
153011870	0	1167	19444	43778	39228
153011969	0	1045	19402	43778	39303
153012070	0	1129	19467	43778	39238
153012169	0	1391	19444	43778	39252
153012269	0	1194	19444	43801	39275
153012370	0	1326	19294	43787	39219
153012470	0	1298	19397	43778	39200
153012570	0	1359	19416	43736	39219
153012670	0	1359	19397	43736	39172
153012770	0	1382	19374	43703	39134
153012869	0	1452	19350	43703	39083
153012969	0	1598	19350	43539	39008
153013069	0	1640	19303	43482	38923
153013169	0	1593	19252	43332	38876
153013269	0	1626	19210	43332	38731
153013370	0	1837	19144	43088	38590
153013470	0	1958	19079	42962	38567
153013569	0	2244	18975	42962	38304
153013669	0	2417	18886	42493	38192
153013770	0	2520	18732	42296	37929
153013870	0	2722	18732	42160	37807
153013970	0	2989	18605	41864	37502
153014070	0	3321	18549	41864	37305
153014172	0	3480	18347	41353	37169
153014270	0	3762	18258	41114	36996
153014370	0	4005	18212	40865	36845
153014470	0	4230	18188	40593	36592
153014570	0	4539	17893	40373	36372
153014670	0	4773	17944	40101	35903
153014770	0	5729	17803	39810	35777
153014870	0	5373	17893	39505	35753
153014970	0	6198	17789	39219	35467
153015069	0	5771	17733	38989	35181
153015169	0	6104	17771	38642	34932
153015270	0	6390	17775	38318	34660
153015369	0	6592	17803	38102	34332
153015470	0	6911	17832	37802	33985
153015570	0	7158	17860	37483	33699
153015670	0	7501	17879	37230	33427
153015770	0	7833	17902	36920	33216
153015869	0	8105	17864	36667	32939
153015970	0	8292	18015	36340	32751
153016070	0	8621	18108	36058	32376
153016170	0	8972	18197	35781	32067
153016270	0	9328	18179	35411	31823
153016370	0	9596	18207	35134	31612
153016470	0	10233	18310	34862	31148
153016570	0	11175	18356	34496	30876
153016669	0	10674	18403	34144	30641
153016770	0	10997	18657	33872	30412
153016870	0	11438	18553	33521	30125
153016969	0	11625	18422	33216	29764
153017070	0	11920	18539	32859	29497
153017169	0	12478	18436	32503	29333
153017270	0	12815	18614	32165	28990
153017370	0	13116	18666	31823	28704
153017470	0	13693	18703	31486	28474
153017569	0	13627	18633	31148	28291
153017670	0	13950	18699	30810	27992
153017770	0	14264	18839	30397	27715
153017870	0	14757	18910	30032	27443
153017969	0	15248	19027	29689	27129
153018069	0	15403	19074	29328	26918
153018170	0	16641	19135	28925	26697
153018272	0	16233	19229	28531	26463
153018369	0	16594	19294	28170	26149
153018469	0	18160	19505	27823	25858
153018569	0	17250	19692	27424	25633
153018670	0	17611	19810	27059	25403
153018770	0	18090	19847	26655	25197
153018870	0	19556	19950	26280	24958
153019269	0	19852	20822	24658	23851
153019369	0	20382	21010	24320	23677
153019470	0	29131	21099	23921	23481
153019570	0	21601	21282	23537	23214
153019670	0	21582	21582	23148	22970
153019770	0	21961	21887	22749	22707
153019870	0	22323	22097	22323	22407
153019969	0	27467	22294	21938	22233
153020269	0	27467	23059	20771	21615
153020670	0	30210	23059	19243	20733
153020769	0	25900	24334	18849	20592
153020870	0	26899	24592	18469	20387
153020969	0	27950	24592	18085	20176
153021070	0	28470	24592	17667	19979
153021670	0	39833	29436	15230	19041
153021769	0	41606	28606	14850	18872
153026969	0	46207	28606	567	19327
153027070	0	44012	28606	595	19294
153027170	0	44064	28606	623	19322
153027369	0	44064	39585	975	19276
153027470	0	44045	39594	797	19285
153027570	0	44040	39603	900	19266
153027669	0	44101	39622	932	19294
153027770	0	44087	39617	984	19257
153027870	0	44101	39650	993	19187
153027970	0	44073	39660	1195	19182
153028070	0	44022	39664	1241	19107
153028170	0	43994	39655	1181	19032
153028270	0	43984	39669	1368	18891
153028369	0	43933	39707	1438	18760
153028470	0	43867	39707	1603	18614
153028571	0	43792	39721	1837	18389
153028670	0	43782	39749	2001	18244
153028769	0	43712	39777	2174	18076
153028870	0	43632	39852	2446	17879
153028969	0	43501	39852	2661	17611
153029069	0	43370	39739	2998	17377
153029169	0	43248	39796	3246	17114
153029270	0	43196	39838	3411	16857
153029369	0	43131	39922	3785	16589
153029469	0	43041	39983	4019	16256
153029570	0	42919	40021	4464	15975
153029670	0	42741	39918	4638	15624
153029770	0	42615	39974	4904	15314
153029869	0	42502	39922	5256	14981
153029970	0	42446	40129	5359	14653
153030070	0	42319	40194	5879	14302
153030169	0	42230	40260	6226	13945
153030270	0	42080	40293	6699	13566
153030369	0	41944	40307	7149	13238
153030470	0	41841	40387	7238	12862
153030569	0	41747	40480	7604	12563
153030669	0	41644	40541	8237	12173
153030769	0	41583	40621	8330	11836
153030870	0	41508	40748	8733	11471
153030970	0	41343	40785	9221	11123
153031070	0	41240	40846	9516	10786
153031169	0	41156	40940	9666	10420
153031270	0	41137	41025	10144	10027
153031370	0	41071	41179	10510	9657
153031469	0	40940	41273	10796	9319
153031570	0	40903	41320	11105	8958
153031670	0	40879	41414	11597	8583
153031770	0	40668	41517	11864	8260
153031869	0	40574	41644	12699	7833
153031969	0	40710	41794	12661	7510
153032070	0	40616	41911	13116	7126
153032170	0	40452	42033	13486	6737
153032269	0	40438	42136	15019	6437
153032370	0	40438	42211	14030	6043
153032672	0	40265	42211	15000	4961
153032770	0	40255	42666	15492	4605
153032870	0	40138	42769	15797	4315
153033169	0	40044	43163	16758	3289
153033269	0	40049	43285	17128	2994
153033368	0	39941	43379	17395	2651
153033467	0	39875	43473	17855	2328
153033568	0	39847	43534	17958	2113
153033668	0	39885	43651	19102	1809
153033768	0	39791	43825	18492	1504
153033870	0	39936	43961	18990	1246
153033969	0	39838	44008	19861	1050
153034068	0	39796	44050	19069	895
153034168	0	39782	44073	19355	731
153034268	0	39730	44115	19463	647
153034367	0	39674	44134	20279	520
153034468	0	39650	44167	20602	445
153034567	0	39594	44167	22290	366
153034667	0	39627	44176	22871	366
153034770	0	39683	44200	22782	356
153034868	0	39636	44205	19631	342
153034968	0	39603	44148	21174	361
153035070	0	39589	44162	19641	351
153035168	0	39594	44139	19524	356
153035269	0	39556	44059	19510	408
153035367	0	39500	44036	19505	516
153035467	0	39449	43994	19533	548
153035568	0	39425	43965	19481	689
153035670	0	39345	43951	19486	914
153035768	0	39378	43890	19378	1012
153035868	0	39313	43843	19495	867
153035970	0	39350	43801	19481	877
153036069	0	39364	43797	19495	947
153036167	0	39359	43825	19528	975
153036268	0	39397	43811	19538	984
153036368	0	39378	43801	19500	979
153036469	0	39416	43876	19510	947
153036567	0	39369	43867	19500	975
153036668	0	39402	43848	19519	1003
153036771	0	39303	43759	19533	1050
153036868	0	39228	43670	19467	1176
153036968	0	39162	43679	19434	1172
153037067	0	39083	43571	19369	1213
153037168	0	38984	43440	19317	1387
153037268	0	38914	43299	19262	1504
153037368	0	38736	43140	19158	1743
153037468	0	38571	42985	19111	1828
153037568	0	38384	42765	19088	1982
153037667	0	38234	42540	18994	2253
153037768	0	38088	42328	18868	2567
153037868	0	37774	42056	18741	2848
153037967	0	37507	41794	18633	3106
153038068	0	37343	41526	18549	3364
153038168	0	37075	41264	18539	3588
153038268	0	36827	40950	18384	3958
153038368	0	36536	40584	18347	4197
153038467	0	36222	40293	18282	4548
153038567	0	35847	39960	18207	4928
153038667	0	35659	39660	18141	5237
153038768	0	35326	39308	18080	5607
153038868	0	35007	38890	18090	5842
153038967	0	34745	38567	18005	6128
153039067	0	34393	38229	17911	6629
153039167	0	34004	37844	17883	7004
153039267	0	33750	37549	17766	7280
153039368	0	33558	37164	17794	7599
153039468	0	33211	36855	17803	8012
153039567	0	32892	36452	17808	8410
153039667	0	32545	36035	17794	8874
153039768	0	32132	35702	17677	10322
153039867	0	31931	35294	17663	9633
153039967	0	31687	34909	17724	9882
153040068	0	31401	34520	17813	10284
153040168	0	30946	34154	17860	14086
153040268	0	30538	33769	17907	11091
153040368	0	30468	33328	17893	11278
153040467	0	30121	32901	17958	17794
153040568	0	29548	32447	18043	12206
153040668	0	29248	32001	18188	13936
153040767	0	29065	31691	18282	13003
153040872	0	28756	31204	18375	13514
153040967	0	28390	30951	18399	15900
153041068	0	28123	30566	18450	15961
153041168	0	27861	30149	18647	14751
153041268	0	27457	29750	18830	15216
153041367	0	27101	29342	18990	15530
153041467	0	26824	28911	19116	16050
153041567	0	26486	28498	19262	16233
153041667	0	26153	28081	19364	16650
153041767	0	25895	27678	19528	17044
153041867	0	25554	27284	19749	23181
153041967	0	25253	26833	19955	25788
153042068	0	25000	26477	20190	18328
153042168	0	24719	26003	20326	18652
153042267	0	24451	25610	20466	19013
153042367	0	24146	25244	20714	19425
153042468	0	23865	24794	20949	19838
153042668	0	23228	23968	21282	20738
153042768	0	23031	23588	21615	23242
153042968	0	22557	22759	22065	31551
153043067	0	22271	22346	22337	22379
153043167	0	21975	21938	22337	22716
153043367	0	21484	21141	23134	23467
153043468	0	21277	20710	23434	30369
153043767	0	20513	19519	23663	25131
153044068	0	19964	18361	24995	26317
153044168	0	19791	17968	25277	28667
153044267	0	19538	17574	25516	27110
153044768	0	18741	15563	26998	34975
153046267	0	17546	9689	28817	46662
153046867	0	17682	7388	28817	47501
153046967	0	17667	6962	28817	52417
153047567	0	18094	4684	28817	45428
153047968	0	18591	3340	28817	47107
153048165	0	18727	2684	28817	47318
153048767	0	19313	1265	28817	48491
153049668	0	19341	666	46319	46287
153049768	0	19290	638	46347	43843
153049867	0	19294	680	46122	43876
153049968	0	19233	736	45264	43900
153050067	0	19196	839	39589	43876
153050168	0	19196	937	39599	43904
153050268	0	19107	998	39510	43909
153050368	0	19097	1031	39571	43904
153050468	0	19111	1036	39617	43928
153050568	0	19097	1064	39664	43928
153050667	0	19083	1064	39744	44003
153050768	0	19060	1172	39768	44069
153050868	0	19107	1330	39786	44087
153050967	0	19116	1144	39697	44050
153051068	0	19107	1148	39772	44144
153051172	0	19046	1199	39688	44134
153051267	0	19018	1176	39739	44130
153051367	0	19050	1190	39744	44158
153051468	0	19018	1274	39753	44101
153051568	0	18966	1345	39782	44106
153051667	0	18929	1452	39768	44083
153051768	0	18886	1556	39814	44050
153051869	0	18774	1776	39791	43994
153051968	0	18624	1879	39847	43942
153052068	0	18492	1781	39805	43862
153052168	0	18324	1949	39800	43820
153052267	0	18108	2108	39749	43679
153052368	0	17921	2319	39772	43590
153052467	0	17649	2534	39800	43515
153052568	0	17475	2923	39889	43454
153052668	0	17189	2998	40002	43351
153052768	0	16918	3359	39955	43267
153052867	0	16622	3724	39993	43121
153052967	0	16294	4174	39908	42990
153053067	0	15965	4225	39904	42858
153053168	0	15731	4506	40054	42713
153053267	0	15319	4801	40119	42680
153053367	0	15037	5111	40162	42563
153053467	0	14691	5710	40190	42389
153053568	0	14363	5870	40194	42272
153053667	0	13987	6170	40246	42122
153053767	0	13669	6596	40298	41981
153053867	0	13233	6854	40396	41930
153053967	0	12848	7257	40480	41836
153054067	0	12525	7838	40513	41747
153054168	0	12169	8101	40565	41625
153054267	0	11775	8424	40593	41517
153054367	0	11381	8846	40710	41362
153054468	0	11001	9174	40832	41245
153054567	0	10627	9478	40912	41151
153054668	0	10238	9989	40959	41104
153054768	0	9849	12155	41043	40959
153054868	0	9530	14953	41123	40795
153054968	0	9132	14953	41222	40785
153055067	0	8752	11339	41329	40748
153055167	0	8358	11339	41329	40743
153055271	0	8002	12642	41329	40668
153055367	0	7590	12535	41700	40537
153055467	0	7243	21272	41775	40448
153055567	0	6854	19500	41850	40349
153055667	0	6451	13702	42033	40269
153055768	0	6100	13997	42136	40363
153055868	0	5753	14381	42263	40283
153055967	0	5377	14714	42404	40190
153056068	0	5022	15314	42507	40176
153056167	0	4675	15399	42582	40016
153056267	0	4291	15764	42769	39889
153056368	0	3921	16378	42769	39936
153056468	0	3593	16388	42769	40068
153056568	0	3242	22172	43182	40072
153056668	0	2989	17086	43276	39979
153056767	0	2618	21193	43388	39800
153056868	0	2389	23331	43482	39941
153056967	0	2123	22759	43670	39960
153057068	0	1837	21324	43811	39913
153057167	0	1607	18389	43867	39997
153057268	0	1293	18525	43975	39899
153057368	0	1144	19285	44083	39904
153057468	0	984	23232	44073	39908
153057568	0	881	23045	44162	39875
153057668	0	717	19276	44176	39875
153057768	0	633	19378	44284	39875
153057867	0	539	19467	44284	39889
153057967	0	516	19524	44284	39946
153058068	0	384	19613	44284	40002
153058168	0	361	19702	44518	40115
153058267	0	366	19861	44682	40176
153058368	0	445	19767	44739	40527
153058468	0	412	19819	44861	40631
153058568	0	436	19814	44950	40246
153058668	0	502	19941	45025	40616
153058768	0	483	20124	45072	40480
153058868	0	530	20241	45123	40532
153058968	0	647	20176	45269	40499
153059068	0	769	20415	45358	40532
153059168	0	792	20227	45283	40504
153059268	0	876	20452	45400	40471
153059371	0	923	20878	45423	40490
153059467	0	932	20509	45255	40466
153059568	0	895	20485	45302	40424
153059667	0	909	20462	45278	40419
153059768	0	881	20396	45203	40443
153059868	0	890	20312	45363	40485
153059968	0	858	20260	45250	40485
153100068	0	820	20218	45348	40499
153100167	0	797	20246	45264	40495
153100268	0	764	20166	45231	40476
153100368	0	731	20176	45212	40485
153100468	0	717	20002	45348	40485
153100567	0	694	20040	45325	40443
153100668	0	699	20199	45180	40424
153100768	0	670	20204	45156	40377
153100868	0	689	20222	45119	40382
153100968	0	652	20279	45147	40363
153101068	0	666	20246	45119	40326
153101167	0	694	20246	45133	40349
153101267	0	661	20227	45105	40349
