145408027	0	633	20405	28775	20537
145408133	0	614	20401	28742	20527
145408229	0	619	20391	28732	20532
145408329	0	642	20368	28714	20476
145408427	0	534	20330	28620	20410
145408529	0	516	20218	28582	20443
145408629	0	450	20133	28413	20382
145408728	0	370	20054	28362	20424
145408827	0	309	19974	28277	20405
145408930	0	323	19932	28320	20363
145409030	0	333	19899	28235	20363
145409128	0	281	19866	28235	20373
145409227	0	244	19871	28230	20340
145409327	0	258	19875	28235	20316
145409427	0	230	19828	28291	20298
145409527	0	333	19824	28249	20232
145409627	0	408	19800	28212	20232
145409729	0	572	19674	28113	20255
145409829	0	623	19599	28039	20190
145409929	0	656	19500	28015	20213
145410029	0	694	19467	27922	20180
145410127	0	783	19486	27870	20054
145410229	0	872	19439	27823	20016
145410329	0	923	19378	27715	19941
145410429	0	1003	19350	27659	19908
145410529	0	1064	19243	27574	19927
145410631	0	1111	19210	27528	19941
145410727	0	1120	19191	27495	19880
145410827	0	1106	19111	27438	19847
145410929	0	1144	19074	27457	19875
145411029	0	1167	19074	27438	19927
145411129	0	1172	19083	27467	19922
145411227	0	1195	19079	27495	19955
145411327	0	1199	19027	27467	19983
145411427	0	1237	19013	27471	20007
145411527	0	1213	18999	27415	20002
145411627	0	1255	18947	27434	20025
145411727	0	1251	18919	27420	19979
145411827	0	1312	18872	27382	19988
145411927	0	1321	18835	27363	19997
145412027	0	1363	18797	27321	20007
145412127	0	1420	18699	27302	20035
145412227	0	1476	18596	27251	20110
145412327	0	1570	18520	27143	20091
145412427	0	1668	18370	27091	20082
145412527	0	1762	18282	27016	20133
145412627	0	1865	18165	26969	20157
145412727	0	1972	18099	26927	20166
145412829	0	2057	17972	26768	20110
145412927	0	2272	17808	26674	20110
145413027	0	2431	17597	26529	20176
145413127	0	2553	17391	26425	20208
145413227	0	2787	17236	26285	20171
145413327	0	2989	17048	26092	20232
145413429	0	3181	16782	26022	20274
145413527	0	3411	16632	25839	20279
145413627	0	3687	16322	25741	20410
145413729	0	3916	16116	25568	20448
145413827	0	4179	15853	25469	20415
145413927	0	4436	15605	25206	20499
145414029	0	4717	15389	25094	20592
145414127	0	4909	15098	24897	20621
145414227	0	5190	14845	24691	20710
145414327	0	5471	14555	24531	20789
145414427	0	5739	14555	24456	20841
145414527	0	6020	14039	24198	20935
145414627	0	6287	13716	24048	20996
145414729	0	6587	13467	23888	21108
145414829	0	6826	13195	23752	21207
145414927	0	7135	12937	23555	21258
145415027	0	7416	12619	23472	21376
145415129	0	7636	12361	23383	21469
145415227	0	7951	12047	23167	21545
145415327	0	8255	11799	23031	21638
145415427	0	8517	11494	22951	21756
145415527	0	8813	11245	22749	21887
145415627	0	9085	10978	22641	21975
145415727	0	9375	10650	22529	22088
145415827	0	9647	10402	22416	22182
145415927	0	9900	10144	22280	22299
145416027	0	10224	9825	22224	22435
145416127	0	10505	9572	22083	22595
145416226	0	10805	9253	21900	22693
145416327	0	11091	8972	21817	22815
145416427	0	11424	8653	21713	22993
145416527	0	11728	8372	21573	23153
145416627	0	12005	8072	21484	23279
145416727	0	12267	7782	21371	23420
145416827	0	12600	7496	21282	23607
145416927	0	12900	7163	21146	23781
145417027	0	13219	6831	21057	23949
145417127	0	13505	6582	21005	24114
145417227	0	13804	6311	20921	24278
145417327	0	14091	5978	20850	24409
145417427	0	14381	5664	20747	24634
145417526	0	14757	5377	20747	24850
145417627	0	14944	5097	20621	25042
145417727	0	15253	4796	20532	25188
145417827	0	15492	4520	20504	25361
145417927	0	15713	4239	20424	25549
145418027	0	15970	4057	20405	25704
145418127	0	16238	3762	20298	25811
145418227	0	16449	3574	20288	25994
145418327	0	16721	3326	20237	26111
145418428	0	16960	3092	20194	26261
145418527	0	17184	2909	20115	26355
145418627	0	17358	2679	20049	26444
145418727	0	17531	2520	20002	26561
145418829	0	17677	2385	20040	26655
145418927	0	17836	2272	19974	26735
145419027	0	17949	2113	19997	26852
145419127	0	18127	1963	19969	26960
145419227	0	18258	1832	19955	26998
145419327	0	18361	1720	19941	27105
145419427	0	18502	1607	19918	27180
145419527	0	18591	1471	19918	27213
145419627	0	18717	1429	19838	27270
145419727	0	18816	1377	19782	27270
145419827	0	18877	1288	19735	27307
145419927	0	18957	1246	19711	27377
145420027	0	19060	1204	19664	27420
145420127	0	19187	1134	19627	27481
145420227	0	19276	1087	19617	27504
145420327	0	19350	1083	19571	27579
145420427	0	19444	1022	19524	27574
145420527	0	19542	1040	19449	27579
145420627	0	19585	1003	19388	27589
145420727	0	19664	1012	19313	27565
145420827	0	19739	1064	19285	27546
145420927	0	19758	1101	19201	27518
145421027	0	19814	1097	19130	27537
145421127	0	19852	1129	19018	27513
145421227	0	19913	1200	18929	27448
145421327	0	19908	1186	18839	27392
145421427	0	19955	1326	18703	27363
145421527	0	20007	1443	18572	27251
145421627	0	20030	1588	18403	27143
145421727	0	20068	1776	18226	27049
145421827	0	20129	1907	18033	26923
145421927	0	20138	2137	17803	26796
145422027	0	20194	2385	17606	26669
145422127	0	20190	2567	17377	26477
145422227	0	20180	2820	17114	26350
145422327	0	20194	3092	16852	26125
145422427	0	20227	3378	16585	25891
145422527	0	20279	3654	16289	25741
145422627	0	20373	3911	16003	25577
145422727	0	20457	4225	15745	25446
145422827	0	20537	4516	15460	25235
145422928	0	20593	4806	15131	25075
145423026	0	20663	5097	14892	24888
145423127	0	20714	5364	14644	24723
145423227	0	20780	5720	14283	24465
145423327	0	20897	6011	13983	24273
145423427	0	21052	6339	13660	24170
145423527	0	21118	6681	13303	23945
145423627	0	21258	7013	12933	23752
145423727	0	21348	7337	12657	23537
145423827	0	21427	7628	12366	23387
145423927	0	21535	7979	12023	23256
145424027	0	21671	8274	11700	23068
145424127	0	21812	8607	11386	22946
145424227	0	21892	8916	11077	22754
145424327	0	22046	9226	10711	22599
145424427	0	22154	9567	10378	22459
145424527	0	22247	9863	10083	22327
145424627	0	22416	10219	9793	22168
145424727	0	22580	10575	9417	22041
145424827	0	22726	10861	9165	21905
145424927	0	22895	11241	8743	21817
145425027	0	23054	11546	8377	21685
145425127	0	23200	11855	8101	21563
145425227	0	23340	12173	7786	21432
145425327	0	23532	12535	7454	21305
145425427	0	23701	12872	7107	21258
145425527	0	23888	13181	6812	21118
145425627	0	24067	13500	6474	21000
145425727	0	24226	13823	6147	20921
145425827	0	24404	14119	5907	20799
145425926	0	24564	14461	5579	20677
145426027	0	24766	14757	5261	20635
145426127	0	24963	15037	5003	20667
145426227	0	25197	15324	4694	20551
145426327	0	25375	15647	4371	20509
145426427	0	25539	15890	4085	20448
145426527	0	25708	16172	3869	20326
145426627	0	25867	16467	3532	20326
145426727	0	26069	16735	3350	20321
145426827	0	26233	16988	3069	20265
145426927	0	26407	17189	2848	20218
145427031	0	26547	17438	2562	20227
145427127	0	26683	17616	2389	20138
145427227	0	26740	17771	2286	20105
145427327	0	26829	17972	2062	20049
145427427	0	26941	18122	1916	20016
145427527	0	27030	18305	1837	20049
145427626	0	27110	18366	1724	20058
145427727	0	27209	18520	1621	20025
145427827	0	27270	18605	1452	20016
145427927	0	27345	18727	1368	19979
145428027	0	27415	18835	1274	19993
145428127	0	27453	18910	1213	19941
145428227	0	27467	18971	1195	19955
145428327	0	27504	19041	1153	19913
145428427	0	27499	19140	1111	19861
145428526	0	27523	19191	1097	19828
145428627	0	27542	19276	1007	19758
145428727	0	27546	19336	914	19697
145428827	0	27574	19449	932	19627
145428927	0	27589	19556	947	19556
145429026	0	27617	19627	947	19500
145429131	0	27617	19669	947	19411
145429227	0	27607	19758	984	19383
145429327	0	27579	19838	1012	19303
145429427	0	27574	19894	1031	19163
145429527	0	27589	19932	1050	19149
145429627	0	27542	19960	1083	19074
145429727	0	27546	20021	1144	19069
145429827	0	27523	20021	1176	19027
145429927	0	27532	20049	1190	18933
145430027	0	27387	20021	1237	18825
145430127	0	27340	20082	1382	18722
145430226	0	27274	20063	1415	18567
145430327	0	27157	20096	1584	18408
145430427	0	26988	20138	1715	18221
145430527	0	26899	20138	1944	17996
145430627	0	26744	20185	2164	17799
145430727	0	26641	20213	2413	17508
145430827	0	26463	20293	2656	17283
145430927	0	26252	20293	2933	16993
145431027	0	26008	20340	3275	16702
145431127	0	25825	20448	3569	16402
145431227	0	25638	20466	3850	16092
145431327	0	25488	20555	4221	15736
145431427	0	25281	20635	4511	15394
145431527	0	25080	20738	4900	15019
145431627	0	24794	20785	5228	14677
145431727	0	24550	20841	5626	14334
145431826	0	24301	20935	5987	13997
145431927	0	24071	21066	6343	13580
145432027	0	23893	21179	6760	13209
145432127	0	23720	21310	7140	12815
145432227	0	23527	21460	7557	12422
145432327	0	23265	21568	7965	11991
145432427	0	23092	21751	8325	11630
145432527	0	22890	21821	8733	11255
145432627	0	22745	22018	9099	10861
145432727	0	22632	22196	9488	10496
145432827	0	22435	22355	9900	10134
145432927	0	22177	22477	10313	9685
145433027	0	22060	22716	10697	9267
145433127	0	21905	22834	11100	8902
145433229	0	21765	23012	11522	8489
145433327	0	21629	23261	11892	8082
145433427	0	21507	23453	12272	7693
145433527	0	21348	23691	12718	7290
145433627	0	21258	23893	13134	6873
145433727	0	21094	24076	13486	6493
145433827	0	20972	24297	13865	6198
145433927	0	20897	24517	14208	5767
145434027	0	20803	24733	14583	5448
145434127	0	20700	24981	14901	5129
145434227	0	20639	25169	15281	4731
145434327	0	20499	25389	15586	4417
145434427	0	20490	25558	15909	4169
145434527	0	20471	25783	16195	3855
145434627	0	20368	25989	16524	3518
145434727	0	20448	26195	16829	3265
145434827	0	20251	26411	17133	2947
145434927	0	20344	26571	17377	2637
145435027	0	20222	26744	17667	2408
145435127	0	20208	26885	17935	2155
145435227	0	20199	27040	18183	1921
145435326	0	20143	27185	18342	1739
145435427	0	20091	27321	18535	1551
145435527	0	20185	27424	18675	1452
145435627	0	20161	27504	18807	1288
145435726	0	20161	27593	18975	1195
145435827	0	20199	27682	19065	1213
145435927	0	20124	27729	19111	1139
145436027	0	20049	27743	19201	1125
145436127	0	20011	27776	19247	1115
145436227	0	19983	27771	19308	1144
145436327	0	19993	27790	19359	1200
145436427	0	19918	27771	19406	1204
145436527	0	19880	27739	19472	1181
145436627	0	19786	27725	19472	1078
145436727	0	19702	27659	19552	1106
145436826	0	19660	27664	19571	1125
145436927	0	19542	27603	19617	1144
145437027	0	19467	27612	19674	1194
145437127	0	19369	27546	19711	1129
145437227	0	19322	27560	19749	1064
145437328	0	19252	27523	19800	1064
145437426	0	19172	27495	19861	1129
145437527	0	19018	27481	19950	1194
145437627	0	18868	27420	20007	1270
145437727	0	18802	27415	20025	1288
145437827	0	18717	27377	20101	1391
145437926	0	18577	27246	20082	1523
145438026	0	18356	27119	20124	1678
145438127	0	18183	26988	20105	1865
145438227	0	17986	26890	20152	2015
145438327	0	17771	26711	20204	2258
145438427	0	17503	26589	20255	2529
145438526	0	17269	26421	20302	2745
145438626	0	17007	26242	20298	3036
145438727	0	16683	26022	20377	3312
145438826	0	16392	25867	20448	3616
145438927	0	16083	25661	20518	3925
145439026	0	15685	25507	20592	4268
145439127	0	15384	25239	20649	4614
145439226	0	15047	25005	20696	4932
145439327	0	14686	24770	20818	5355
145439427	0	14334	24517	20893	5762
145439527	0	13983	24325	20972	6067
145439627	0	13585	24109	21075	6441
145439727	0	13256	23884	21216	6845
145439827	0	12900	23673	21352	7243
145439927	0	12460	23453	21437	7646
145440026	0	12005	23251	21568	8058
145440126	0	11635	23021	21709	8433
145440227	0	11227	22890	21840	8771
145440327	0	10819	22716	21980	9169
145440426	0	10416	22524	22135	9549
145440527	0	10111	22379	22257	9984
145440627	0	9680	22163	22435	10392
145440726	0	9319	22008	22623	10763
145440827	0	8949	21845	22806	11086
145440927	0	8522	21713	22960	11503
145441027	0	8115	21596	23176	11845
145441127	0	7838	21474	23345	12192
145441227	0	7440	21324	23528	12582
145441327	0	7032	21212	23734	12984
145441430	0	6714	21066	23926	13350
145441527	0	6399	20949	24118	13669
145441626	0	5992	20841	24329	14053
145441727	0	5668	20771	24526	14410
145441827	0	5368	20733	24751	14747
145441927	0	5064	20681	24939	15033
145442027	0	4708	20541	25136	15338
145442127	0	4478	20551	25314	15624
145442227	0	4221	20438	25502	15872
145442327	0	3860	20438	25722	16214
145442427	0	3644	20387	25900	16463
145442527	0	3457	20354	26027	16702
145442627	0	3181	20312	26219	16922
145442727	0	2984	20260	26308	17147
145442827	0	2769	20237	26477	17386
145442927	0	2529	20222	26538	17560
145443027	0	2361	20185	26702	17743
145443127	0	2192	20143	26833	17902
145443227	0	2123	20185	26932	18043
145443327	0	1972	20161	27040	18174
145443427	0	1855	20138	27091	18319
145443526	0	1748	20082	27162	18445
145443627	0	1645	20025	27190	18563
145443727	0	1551	20002	27246	18638
145443827	0	1518	19979	27270	18732
145443927	0	1415	19950	27284	18783
145444027	0	1345	19904	27288	18872
145444127	0	1340	19824	27307	18924
145444227	0	1213	19725	27279	19013
145444327	0	1134	19655	27312	19144
145444427	0	1036	19556	27321	19205
145444527	0	1012	19486	27335	19327
145444627	0	979	19434	27345	19444
145444727	0	886	19416	27420	19617
145444830	0	820	19402	27457	19749
145444927	0	745	19294	27499	19810
145445027	0	694	19266	27574	19889
145445127	0	745	19074	27570	20040
145445227	0	764	19055	27626	19969
145445327	0	713	19149	27725	20110
145445427	0	694	19205	27762	20218
145445529	0	713	19252	27907	20340
145445627	0	670	19266	27922	20326
145445727	0	647	19359	27922	20401
145445827	0	647	20391	28085	20513
145445926	0	647	19585	28104	20462
145446027	0	670	19589	29084	20541
145446127	0	623	19753	28291	20602
145446227	0	769	19852	28610	20757
145446326	0	741	20185	28624	20921
145446427	0	825	20021	28793	20907
145446527	0	890	20185	28887	20808
145446627	0	956	20232	28887	20785
145446727	0	1012	20344	28920	20780
145446827	0	1078	20822	28953	20700
145446927	0	1059	20485	28986	20616
145447027	0	1115	21160	28929	20504
145447127	0	1144	20911	28920	20930
145447227	0	1148	20527	28929	20775
145447327	0	1139	20504	28892	20691
145447426	0	1172	20419	28934	20808
145447527	0	1195	20438	28915	21029
145447627	0	1209	20387	28906	21052
145447727	0	1200	20326	28948	20766
145447827	0	1195	20405	28906	20480
145447927	0	1237	20429	28929	20771
145448027	0	1241	20438	28957	20667
145448127	0	1312	20480	28850	20621
145448227	0	1307	20443	28911	20490
145448328	0	1316	20448	28962	20387
145448427	0	1270	20466	28948	20344
145448526	0	1293	20466	28990	20443
145448628	0	1260	20424	28939	20457
145448727	0	1293	20396	28962	21104
145448826	0	1312	20443	28972	20757
145448929	0	1307	20429	28967	20382
145449027	0	1340	20457	28976	20771
145449130	0	1377	20429	28934	20977
145449227	0	1359	20452	28948	20944
145449327	0	1349	20560	28920	20982
145449427	0	1284	20471	28915	20893
145449526	0	1260	20448	28939	20958
145449632	0	1274	20401	28953	20719
145449727	0	1246	20485	29009	20658
145449827	0	1265	20518	28990	20681
