145745823	0	839	20592	28925	20593
145745930	0	806	20354	28901	20518
145746022	0	727	20434	28765	20476
145746122	0	609	20382	28803	20499
145746222	0	548	20246	28803	20480
145746322	0	370	20152	28554	20354
145746422	0	333	19805	28320	20335
145746522	0	305	19758	28263	20326
145746622	0	351	19566	28170	20283
145746722	0	426	19510	28029	20232
145746822	0	623	19486	27940	20180
145746922	0	708	19472	27875	20176
145747022	0	806	19430	27823	20115
145747123	0	797	19406	27776	20025
145747222	0	947	19331	27706	19960
145747322	0	867	19350	27626	19894
145747422	0	881	19430	27546	19767
145747522	0	881	19294	27485	19678
145747622	0	923	19430	27453	19627
145747722	0	918	19355	27387	19589
145747822	0	844	19411	27335	19556
145747922	0	863	19224	27349	19505
145748022	0	932	19243	27274	19463
145748122	0	1064	19336	27270	19369
145748222	0	1097	19294	27204	19313
145748322	0	1144	19374	27190	19294
145748422	0	1321	19439	27138	19252
145748522	0	1373	19336	27143	19229
145748622	0	1391	19327	27110	19252
145748722	0	1377	19280	27105	19252
145748822	0	1401	19262	27077	19247
145748922	0	1420	19215	27082	19257
145749022	0	1574	19294	27059	19280
145749122	0	1659	19271	27059	19271
145749222	0	1631	19219	27087	19243
145749322	0	1612	19219	27007	19233
145749422	0	1991	19182	27016	19224
145749522	0	1443	19210	27026	19266
145749622	0	1532	19196	27054	19252
145749722	0	1888	19191	27063	19252
145749822	0	1584	19163	27063	19252
145749922	0	1598	19177	27091	19303
145750024	0	1617	19196	27138	19327
145750122	0	1560	19205	27110	19359
145750222	0	1434	19219	27157	19369
145750322	0	1401	19219	27162	19378
145750423	0	1345	19191	27124	19397
145750522	0	1373	19229	27138	19369
145750622	0	1377	19172	27091	19341
145750722	0	1349	19140	27021	19303
145750822	0	1410	19069	26960	19294
145750922	0	1457	19018	26871	19229
145751022	0	1499	18966	26749	19144
145751123	0	1631	18882	26636	19004
145751222	0	1729	18783	26477	18929
145751322	0	1851	18647	26322	18760
145751422	0	2071	18502	26106	18703
145751522	0	2305	18333	25844	18539
145751621	0	2520	18146	25600	18347
145751722	0	2830	17972	25296	18212
145751822	0	3124	17803	25009	17991
145751922	0	3392	17635	24719	17836
145752022	0	3691	17433	24381	17630
145752122	0	4094	17212	24043	17470
145752222	0	4385	17034	23729	17236
145752322	0	4764	16819	23340	17048
145752422	0	5115	16632	22965	16889
145752522	0	5504	16397	22571	16692
145752622	0	5879	16205	22247	16481
145752722	0	6254	16017	21892	16284
145752821	0	6676	15797	21479	16101
145752922	0	7107	15624	21057	15858
145753022	0	7557	15445	20598	15703
145753122	0	8016	15206	20199	15535
145753222	0	8396	15080	19749	15389
145753322	0	8855	14953	19331	15277
145753422	0	9338	14761	18872	15136
145753522	0	9793	14621	18389	14972
145753622	0	10256	14452	17925	14850
145753722	0	10739	14353	17485	14751
145753822	0	11138	14283	17048	14686
145753922	0	11616	14170	16589	14597
145754022	0	12075	14086	16092	14531
145754124	0	12544	13983	15633	14466
145754222	0	12994	13936	15178	14391
145754322	0	13496	13945	14691	14358
145754420	0	13936	13912	14245	14306
145754520	0	14424	13903	13782	14358
145754622	0	14864	13908	13270	14410
145754722	0	15338	13959	12815	14391
145754820	0	15815	14048	12319	14419
145754919	0	16350	14114	11822	14499
145755020	0	16838	14208	11316	14527
145755120	0	17283	14297	10852	14672
145755220	0	17775	14381	10378	14784
145755320	0	18277	14555	9895	14869
145755422	0	18764	14757	9427	15019
145755520	0	19247	14915	8963	15141
145755621	0	19688	15094	8480	15314
145755720	0	20143	15263	7960	15478
145755820	0	20611	15455	7496	15671
145755920	0	21136	15661	7069	15872
145756019	0	21573	15876	6634	16041
145756120	0	22065	16083	6165	16233
145756220	0	22468	16308	5729	16472
145756320	0	22862	16538	5364	16678
145756420	0	23190	16730	4979	16904
145756522	0	23565	16993	4586	17128
145756620	0	23949	17194	4211	17339
145756720	0	24282	17391	3860	17536
145756820	0	24601	17611	3504	17738
145756920	0	24967	17803	3143	17930
145757021	0	25314	18019	2909	18127
145757122	0	25577	18183	2637	18291
145757220	0	25848	18352	2389	18450
145757322	0	26120	18544	2118	18563
145757420	0	26299	18685	1930	18703
145757520	0	26491	18793	1720	18839
145757620	0	26646	18891	1631	18947
145757720	0	26749	18957	1495	19065
145757820	0	26847	19050	1443	19126
145757920	0	26899	19050	1335	19140
145758019	0	26988	19126	1293	19182
145758119	0	27012	19205	1316	19243
145758224	0	27096	19219	1373	19191
145758320	0	27101	19262	1373	19238
145758420	0	27143	19262	1330	19262
145758519	0	27185	19238	1330	19322
145758620	0	27152	19219	1204	19336
145758720	0	27180	19215	1200	19355
145758820	0	27223	19201	1190	19397
145758920	0	27180	19140	1223	19439
145759020	0	27209	19107	1237	19481
145759120	0	27185	19069	1218	19556
145759220	0	27246	19046	1158	19603
145759320	0	27265	19046	1204	19660
145759420	0	27265	19036	1186	19702
145759520	0	27288	19041	1181	19735
145759620	0	27288	19004	1213	19753
145759720	0	27302	19027	1218	19749
145759820	0	27321	18975	1194	19782
145759920	0	27354	19004	1204	19782
145800020	0	27382	18990	1172	19810
145800120	0	27382	18994	1218	19847
145800220	0	27415	19013	1181	19833
145800320	0	27396	19004	1144	19857
145800420	0	27363	19008	1186	19857
145800520	0	27387	19027	1172	19828
145800620	0	27359	19022	1162	19810
145800720	0	27363	18994	1195	19777
145800820	0	27373	19008	1148	19800
145800920	0	27316	18971	1199	19810
145801019	0	27293	18929	1213	19814
145801120	0	27251	18807	1251	19791
145801220	0	27166	18727	1363	19810
145801320	0	27096	18558	1485	19843
145801420	0	26965	18431	1556	19880
145801520	0	26871	18226	1757	19875
145801620	0	26730	18029	1930	19885
145801720	0	26538	17808	2151	19913
145801820	0	26317	17531	2422	19922
145801920	0	26163	17212	2694	19904
145802019	0	25961	16941	3008	19983
145802120	0	25797	16613	3354	20025
145802220	0	25563	16336	3663	20068
145802324	0	25347	15998	3967	20180
145802420	0	25094	15638	4390	20194
145802520	0	24859	15248	4764	20274
145802620	0	24611	14869	5158	20358
145802720	0	24357	14452	5593	20495
145802820	0	24142	13992	5978	20611
145802920	0	23879	13608	6366	20742
145803020	0	23560	13139	6803	20827
145803120	0	23336	12788	7276	20996
145803220	0	23148	12333	7725	21160
145803320	0	22932	11845	8180	21343
145803420	0	22702	11400	8621	21521
145803520	0	22505	10955	9076	21685
145803619	0	22243	10491	9525	21882
145803720	0	22107	10069	9975	22065
145803820	0	21933	9605	10435	22304
145803920	0	21770	9108	10964	22548
145804020	0	21582	8639	11400	22749
145804120	0	21404	8162	11845	23026
145804220	0	21212	7707	12338	23232
145804320	0	21085	7234	12834	23523
145804420	0	20916	6784	13270	23804
145804520	0	20766	6784	13739	24010
145804620	0	20630	5818	14194	24292
145804720	0	20513	5377	14649	24592
145804820	0	20410	4956	15061	24817
145804920	0	20340	4534	15474	25080
145805020	0	20222	4141	15895	25342
145805120	0	20143	3756	16303	25610
145805219	0	20068	3411	16641	25779
145805320	0	19979	3064	16993	25961
145805420	0	19979	2726	17292	26224
145805520	0	19932	2450	17597	26416
145805620	0	19974	2202	17808	26594
145805720	0	19913	1921	18057	26791
145805819	0	19913	1767	18273	26852
145805920	0	19852	1645	18408	26983
145806020	0	19838	1532	18558	27059
145806120	0	19786	1434	18652	27166
145806219	0	19763	1382	18807	27246
145806320	0	19767	1298	18872	27316
145806424	0	19814	1293	18957	27363
145806523	0	19767	1284	19018	27368
145806620	0	19758	1373	19046	27434
145806720	0	19697	1340	19079	27410
145806820	0	19716	1316	19093	27382
145806920	0	19683	1251	19083	27410
145807020	0	19636	1223	19116	27354
145807120	0	19641	1237	19083	27335
145807220	0	19552	1213	19093	27312
145807320	0	19571	1200	19074	27312
145807420	0	19552	1181	19093	27335
145807520	0	19561	1204	19158	27307
145807620	0	19519	1158	19149	27321
145807720	0	19524	1134	19196	27312
145807820	0	19472	1087	19266	27307
145807920	0	19449	1087	19336	27382
145808020	0	19416	1097	19350	27326
145808120	0	19416	1073	19345	27373
145808219	0	19453	1026	19378	27359
145808320	0	19439	1087	19369	27392
145808420	0	19453	1040	19369	27396
145808519	0	19434	1045	19369	27377
145808619	0	19449	1068	19364	27363
145808720	0	19406	1134	19359	27368
145808820	0	19425	1106	19317	27293
145808920	0	19430	1125	19294	27284
145809020	0	19392	1158	19285	27316
145809120	0	19374	1167	19243	27256
145809220	0	19364	1200	19219	27209
145809320	0	19313	1200	19140	27180
145809420	0	19266	1241	19088	27049
145809520	0	19187	1307	18985	26937
145809619	0	19065	1448	18868	26786
145809719	0	18961	1560	18764	26594
145809820	0	18858	1753	18652	26392
145809920	0	18722	1897	18450	26214
145810020	0	18619	2183	18305	25961
145810120	0	18488	2455	18090	25713
145810219	0	18328	2740	17893	25418
145810320	0	18113	3059	17696	25103
145810420	0	17897	3406	17475	24733
145810524	0	17724	3715	17264	24372
145810620	0	17531	4089	17039	24024
145810720	0	17353	4502	16791	23687
145810820	0	17142	4848	16571	23284
145810920	0	16894	5294	16341	22871
145811020	0	16711	5692	16101	22407
145811120	0	16500	6081	15905	22074
145811220	0	16359	6512	15657	21648
145811319	0	16116	6999	15455	21160
145811420	0	15886	7492	15192	20691
145811520	0	15689	7988	14981	20222
145811620	0	15525	8461	14808	19707
145811720	0	15370	8930	14663	19229
145811820	0	15258	9431	14428	18727
145811920	0	15112	9891	14302	18254
145812020	0	14967	10439	14180	17766
145812119	0	14854	10950	14034	17283
145812220	0	14779	11400	13969	16810
145812320	0	14714	11901	13814	16275
145812420	0	14672	12474	13753	15736
145812520	0	14625	12947	13749	15239
145812620	0	14607	13486	13707	14733
145812720	0	14555	13978	13707	14236
145812819	0	14574	14503	13688	13702
145812920	0	14621	14995	13702	13200
145813020	0	14653	15497	13735	12642
145813120	0	14752	16078	13823	12084
145813220	0	14784	16622	13917	11578
145813320	0	14854	17091	14011	11048
145813420	0	14995	17592	14119	10561
145813520	0	15159	18127	14245	10036
145813620	0	15267	18638	14381	9525
145813719	0	15460	19187	14597	9010
145813820	0	15638	19697	14775	8475
145813920	0	15820	20166	14939	7951
145814020	0	16012	20677	15122	7529
145814120	0	16233	21188	15342	7055
145814220	0	16463	21713	15638	6540
145814319	0	16669	22182	15900	6062
145814419	0	16918	22674	16101	5631
145814519	0	17076	23031	16355	5139
145814624	0	17377	23439	16580	4726
145814720	0	17583	23893	16871	4329
145814820	0	17728	24259	17128	3911
145814920	0	18019	24658	17409	3537
145815020	0	18061	25052	17625	3162
145815120	0	18417	25380	17827	2881
145815220	0	18619	25643	18033	2618
145815320	0	18680	25933	18235	2380
145815420	0	18896	26200	18375	2132
145815520	0	19008	26378	18572	1907
145815619	0	19083	26622	18713	1771
145815719	0	19262	26805	18849	1617
145815819	0	19331	26932	18914	1471
145815920	0	19392	27059	19018	1410
145816020	0	19425	27148	19097	1349
145816119	0	19425	27213	19168	1316
145816220	0	19439	27279	19262	1246
145816320	0	19397	27307	19294	1213
145816420	0	19378	27326	19331	1218
145816520	0	19392	27288	19369	1232
145816620	0	19416	27293	19406	1158
145816720	0	19434	27349	19425	1106
145816820	0	19388	27429	19472	1129
145816919	0	19378	27392	19500	1115
145817020	0	19359	27392	19500	1106
145817120	0	19364	27406	19514	1125
145817219	0	19298	27377	19524	1167
145817320	0	19280	27392	19542	1139
145817420	0	19205	27345	19589	1144
145817520	0	19102	27288	19608	1200
145817620	0	19027	27213	19594	1213
145817720	0	18891	27152	19617	1279
145817820	0	18717	27054	19622	1391
145817920	0	18530	26918	19627	1560
145818019	0	18333	26786	19641	1706
145818119	0	18122	26627	19692	1893
145818220	0	17888	26482	19697	2137
145818320	0	17606	26327	19796	2342
145818420	0	17306	26120	19772	2722
145818519	0	16965	25900	19852	3031
145818620	0	16669	25685	19899	3359
145818724	0	16345	25478	19993	3654
145818819	0	15998	25239	20077	4014
145818920	0	15563	25042	20110	4385
145819020	0	15122	24775	20232	4778
145819120	0	14757	24526	20387	5219
145819220	0	14339	24292	20480	5603
145819320	0	13955	24067	20649	6034
145819420	0	13538	23865	20785	6470
145819520	0	13120	23579	20939	6887
145819620	0	12732	23336	21118	7388
145819720	0	12230	23148	21226	7791
145819820	0	11840	22890	21409	8209
145819920	0	11381	22801	21596	8639
145820020	0	11025	22548	21774	9108
145820120	0	10491	22327	21966	9572
145820220	0	10045	22177	22182	10045
145820320	0	9567	21938	22369	10481
145820420	0	9151	21831	22604	10936
145820520	0	8658	21648	22862	11442
145820620	0	8157	21479	23082	11897
145820720	0	7674	21240	23303	12342
145820820	0	7224	21132	23546	12825
145820920	0	6765	20954	23799	13294
145821019	0	6325	20794	24039	13688
145821120	0	5884	20696	24306	14123
145821220	0	5467	20592	24578	14607
145821320	0	5017	20471	24822	14990
145821420	0	4661	20344	25033	15469
145821519	0	4244	20274	25300	15844
145821620	0	3869	20180	25530	16209
145821720	0	3513	20115	25727	16589
145821820	0	3153	19960	25938	16960
145821920	0	2825	19904	26158	17255
145822020	0	2482	19861	26346	17592
145822120	0	2216	19772	26547	17864
145822220	0	2024	19767	26688	18160
145822320	0	1781	19753	26852	18366
145822420	0	1565	19646	26923	18596
145822520	0	1513	19589	27012	18755
145822620	0	1396	19505	27077	18853
145822720	0	1354	19458	27115	19008
145822824	0	1298	19434	27180	19116
145822920	0	1293	19411	27218	19219
145823020	0	1255	19420	27237	19252
145823120	0	1255	19453	27274	19262
145823220	0	1260	19458	27321	19308
145823320	0	1237	19510	27345	19359
145823420	0	1223	19514	27368	19388
145823520	0	1213	19514	27368	19397
145823619	0	1232	19486	27349	19430
145823720	0	1232	19458	27345	19425
145823820	0	1265	19439	27410	19458
145823919	0	1274	19388	27354	19500
145824020	0	1186	19336	27368	19528
145824120	0	1298	19345	27382	19514
145824220	0	1373	19317	27321	19547
145824320	0	1373	19271	27279	19552
145824420	0	1368	19196	27246	19538
145824520	0	1349	19126	27223	19481
145824620	0	1363	19093	27171	19486
145824719	0	1382	19050	27143	19528
145824820	0	1321	19013	27171	19556
145824920	0	1326	19027	27185	19571
145825020	0	1326	19013	27209	19575
145825120	0	1326	18980	27209	19603
145825220	0	1363	18985	27199	19646
145825319	0	1326	18966	27237	19655
145825420	0	1321	18957	27251	19721
145825520	0	1330	18985	27256	19753
145825620	0	1368	18966	27227	19749
145825720	0	1368	18938	27251	19739
145825820	0	1359	18952	27279	19739
145825920	0	1368	18966	27246	19739
145826020	0	1391	18961	27237	19692
145826120	0	1415	18919	27218	19650
145826220	0	1410	18891	27166	19650
145826320	0	1438	18868	27152	19650
145826420	0	1406	18858	27134	19603
145826520	0	1401	18839	27110	19636
145826620	0	1387	18830	27119	19627
145826720	0	1354	18835	27134	19655
145826820	0	1330	18868	27119	19608
145826924	0	1368	18830	27115	19580
145827020	0	1312	18872	27124	19613
145827120	0	1270	18877	27138	19631
145827220	0	1251	18905	27138	19678
145827320	0	1255	18868	27185	19721
145827420	0	1144	18872	27204	19777
145827520	0	1144	18919	27260	19866
145827620	0	1106	18919	27288	19913
145827720	0	1050	18905	27321	19918
145827820	0	1003	18980	27359	19950
145827920	0	932	18975	27438	19899
145828020	0	890	19041	27532	19946
145828120	0	853	19083	27551	20035
145828220	0	788	19168	27664	20133
145828320	0	736	19196	27767	20171
145828420	0	684	19294	27832	20166
145828520	0	638	19359	27893	20232
145828619	0	600	19425	28025	20293
145828720	0	520	19514	28127	20349
145828819	0	473	19594	28188	20391
145828920	0	394	19678	28235	20443
145829020	0	342	19786	28306	20438
145829119	0	384	19899	28442	20476
145829220	0	441	20016	28493	20532
145829319	0	506	20016	28526	20490
145829420	0	539	20115	28545	20485
145829519	0	647	20016	28587	20490
145829620	0	699	20133	28578	20448
145829720	0	717	20180	28606	20457
145829820	0	783	20208	28624	20429
145829920	0	863	20190	28685	20410
145830020	0	890	20204	28671	20438
145830119	0	863	20190	28700	20434
145830220	0	890	20237	28690	20424
145830320	0	881	20213	28676	20457
145830419	0	951	20251	28784	20499
145830520	0	970	20274	28807	20485
145830619	0	1012	20269	28831	20495
145830720	0	1059	20298	28817	20598
145830820	0	1012	20307	28840	20611
145830920	0	1040	20307	28850	20551
145831024	0	1045	20302	28836	20551
145831120	0	1036	20312	28831	20546
145831220	0	1012	20293	28840	20541
145831320	0	1064	20279	28831	20532
145831419	0	1012	20293	28836	20509
