145933118	0	877	20523	29009	20532
145933224	0	858	20518	28948	20541
145933317	0	853	20584	28953	20523
145933418	0	844	20584	28929	20527
145933517	0	872	20570	28962	20593
145933617	0	849	20490	28798	20584
145933718	0	816	20434	28911	20429
145933818	0	811	20326	28887	20789
145933918	0	811	20190	28831	20667
145934017	0	872	20152	28770	20644
145934118	0	881	20115	28681	20588
145934217	0	951	19979	28554	20574
145934317	0	970	19899	28484	20560
145934417	0	970	19763	28348	20574
145934517	0	1007	19660	28282	20570
145934618	0	1022	19547	28174	20518
145934718	0	1054	19430	28123	20457
145934818	0	1092	19374	28039	20471
145934917	0	1144	19317	28015	20448
145935017	0	1101	19298	27954	20466
145935117	0	1223	19238	27922	20490
145935218	0	1420	19247	27861	20471
145935317	0	1382	19215	27809	20424
145935418	0	1420	19224	27762	20396
145935517	0	1321	19168	27682	20316
145935618	0	1209	19083	27687	20293
145935718	0	1237	19074	27603	20096
145935817	0	1246	19032	27565	20025
145935917	0	1270	19022	27537	19936
145936017	0	1241	19027	27509	19993
145936117	0	1260	18985	27438	19960
145936218	0	1265	18990	27429	20124
145936317	0	1265	18957	27335	20105
145936417	0	1260	18947	27373	20063
145936518	0	1284	18882	27377	20082
145936621	0	1302	18924	27377	20030
145936718	0	1354	18863	27396	20035
145936817	0	1406	18769	27354	20115
145936917	0	1438	18708	27354	20068
145937018	0	1546	18633	27293	20091
145937117	0	1574	18553	27265	20119
145937218	0	1612	18502	27180	20086
145937317	0	1682	18436	27119	20096
145937417	0	1753	18333	27082	20105
145937518	0	1846	18249	27044	20119
145937618	0	1954	18174	26937	20133
145937718	0	2066	18029	26880	20124
145937817	0	2183	17916	26768	20091
145937917	0	2277	17822	26683	20129
145938017	0	2324	17710	26627	20194
145938318	0	2731	17325	26416	20302
145938417	0	2764	17217	26336	20251
145938517	0	2952	17081	26247	20269
145938617	0	3078	16983	26163	20335
145938718	0	3195	16861	26045	20321
145938817	0	3321	16744	25961	20391
145938917	0	3438	16566	25891	20321
145939017	0	3598	16458	25736	20288
145939118	0	3677	16331	25675	20373
145939218	0	3813	16205	25643	20448
145939317	0	3972	16055	25554	20490
145939416	0	4122	15919	25478	20457
145939518	0	4230	15801	25333	20476
145939617	0	4385	15657	25230	20598
145939717	0	4525	15516	25145	20606
145939818	0	4680	15328	25108	20625
145939918	0	4853	15234	24948	20611
145940018	0	4951	15051	24850	20644
145940117	0	5134	14953	24831	20700
145940217	0	5247	14826	24789	20728
145940317	0	5368	14686	24691	20808
145940417	0	5523	14560	24639	20822
145940517	0	5654	14433	24526	20836
145940617	0	5776	14264	24442	20911
145940721	0	5964	14123	24343	20954
145940817	0	6109	13936	24268	20972
145940917	0	6245	13833	24198	21024
145941017	0	6385	13599	24104	21094
145941117	0	6540	13467	24006	21080
145941217	0	6699	13359	23987	21108
145941317	0	6840	13252	23879	21193
145941417	0	6943	13120	23785	21268
145941517	0	7126	12928	23687	21258
145941617	0	7257	12807	23626	21296
145941716	0	7355	12657	23560	21366
145941817	0	7506	12506	23476	21366
145941917	0	7693	12394	23406	21432
145942017	0	7805	12248	23354	21465
145942118	0	7951	12122	23251	21479
145942218	0	8082	11976	23176	21535
145942317	0	8218	11831	23106	21573
145942417	0	8335	11747	23078	21605
145942517	0	8475	11602	22984	21681
145942617	0	8588	11452	22904	21737
145942717	0	8747	11353	22867	21817
145942817	0	8883	11189	22838	21849
145942917	0	9005	11053	22740	21896
145943017	0	9188	10917	22679	21947
145943117	0	9253	10777	22599	22013
145943218	0	9413	10678	22534	22022
145943317	0	9521	10547	22515	22111
145943418	0	9652	10439	22501	22196
145943517	0	9779	10299	22388	22252
145943617	0	9882	10181	22369	22327
145943717	0	10017	10073	22323	22374
145943817	0	10153	9975	22299	22412
145943917	0	10242	9863	22247	22477
145944017	0	10388	9713	22168	22524
145944118	0	10467	9596	22097	22576
145944217	0	10613	9511	22050	22623
145944317	0	10683	9389	21989	22656
145944418	0	10754	9305	21929	22670
145944517	0	10843	9253	21924	22684
145944617	0	10917	9183	21873	22707
145944718	0	11011	9118	21845	22749
145944821	0	11095	9033	21774	22749
145944918	0	11203	8944	21751	22759
145945017	0	11250	8865	21676	22801
145945118	0	11334	8789	21681	22824
145945217	0	11334	8705	21638	22834
145945317	0	11395	8686	21643	22885
145945417	0	11419	8700	21615	22913
145945518	0	11433	8672	21638	22895
145945617	0	11442	8668	21634	22909
145945718	0	11466	8649	21624	22937
145945818	0	11550	8574	21638	23017
145945917	0	11597	8574	21652	22993
145946017	0	11616	8508	21648	22979
145946117	0	11635	8456	21629	23035
145946217	0	11682	8456	21638	23054
145946318	0	11714	8405	21577	23078
145946417	0	11710	8410	21568	23078
145946518	0	11705	8419	21563	23035
145946618	0	11691	8405	21559	23031
145946718	0	11635	8480	21582	23031
145946818	0	11635	8475	21577	23017
145946917	0	11644	8503	21554	22993
145947018	0	11574	8513	21535	22956
145947117	0	11541	8517	21554	22909
145947218	0	11564	8513	21568	22946
145947318	0	11574	8494	21582	22923
145947417	0	11569	8480	21545	22951
145947518	0	11592	8480	21549	22979
145947618	0	11649	8452	21559	22970
145947717	0	11635	8461	21554	22993
145947817	0	11668	8447	21601	23021
145947917	0	11644	8456	21573	23026
145948017	0	11696	8438	21582	22998
145948117	0	11658	8466	21582	23026
145948217	0	11658	8419	21549	23031
145948318	0	11644	8414	21568	23040
145948418	0	11682	8433	21596	23012
145948517	0	11686	8419	21587	23035
145948617	0	11639	8410	21568	22998
145948717	0	11658	8419	21554	22998
145948818	0	11700	8419	21577	23021
145948922	0	11668	8424	21549	23045
145949017	0	11672	8419	21554	22998
145949118	0	11649	8424	21516	22998
145949217	0	11635	8424	21493	22956
145949317	0	11686	8410	21498	22946
145949417	0	11700	8447	21469	22932
145949517	0	11719	8433	21432	22895
145949618	0	11686	8381	21385	22895
145949717	0	11696	8391	21376	22848
145949818	0	11686	8419	21319	22810
145949918	0	11649	8410	21268	22735
145950017	0	11630	8400	21141	22651
145950117	0	11597	8466	21052	22496
145950217	0	11550	8452	20916	22346
145950318	0	11592	8452	20757	22238
145950418	0	11588	8485	20639	22111
145950517	0	11592	8532	20485	21929
145950617	0	11649	8546	20279	21807
145950717	0	11743	8536	20072	21629
145950817	0	11738	8611	19880	21446
145950918	0	11738	8663	19636	21244
145951017	0	11785	8705	19439	21029
145951117	0	11836	8827	19191	20803
145951217	0	11901	8921	18985	20579
145951317	0	11976	9010	18694	20312
145951418	0	12075	9123	18389	20068
145951518	0	12169	9277	18090	19749
145951618	0	12295	9446	17794	19472
145951718	0	12431	9619	17470	19196
145951817	0	12563	9807	17189	18914
145951918	0	12741	9970	16852	18614
145952017	0	12895	10134	16514	18352
145952118	0	13041	10350	16233	18076
145952217	0	13233	10589	15928	17789
145952317	0	13435	10861	15614	17452
145952418	0	13622	11109	15244	17198
145952518	0	13814	11367	14939	16904
145952617	0	14039	11639	14592	16594
145952718	0	14273	11911	14269	16284
145952823	0	14536	12286	13931	15937
145952917	0	14724	12614	13636	15661
145953021	0	14990	12895	13261	15366
145953118	0	15277	13238	12947	15084
145953217	0	15600	13533	12596	14831
145953318	0	15942	13884	12295	14607
145953418	0	16242	14259	11967	14278
145953517	0	16533	14667	11682	13992
145953617	0	16847	15000	11363	13768
145953718	0	17180	15375	11086	13533
145953818	0	17531	15764	10796	13327
145953917	0	17893	16116	10496	13102
145954018	0	18235	16510	10252	12886
145954117	0	18596	16922	10031	12661
145954218	0	18905	17292	9797	12492
145954318	0	19294	17691	9567	12277
145954418	0	19641	18076	9352	12117
145954517	0	20040	18460	9160	12023
145954618	0	20448	18877	8986	11873
145954718	0	20808	19331	8897	11766
145954817	0	21216	19739	8761	11733
145954917	0	21582	20143	8696	11649
145955017	0	21971	20565	8602	11592
145955118	0	22374	20921	8513	11602
145955217	0	22745	21413	8461	11569
145955318	0	23181	21849	8480	11602
145955417	0	23546	22262	8532	11592
145955518	0	23921	22656	8555	11663
145955618	0	24395	23050	8611	11668
145955718	0	24836	23467	8714	11822
145955818	0	25178	23865	8789	11864
145955917	0	25582	24297	8935	11991
145956017	0	26031	24775	9113	12075
145956117	0	26435	25206	9356	12220
145956217	0	26805	25657	9502	12375
145956318	0	27218	26125	9722	12521
145956417	0	27682	26547	9947	12779
145956517	0	28151	27026	10209	12966
145956618	0	28606	27509	10519	13172
145956718	0	29037	27940	10810	13402
145956817	0	29450	28367	11100	13613
145956917	0	29867	28831	11381	13856
145957017	0	30304	29225	11686	14123
145957121	0	30688	29670	11995	14358
145957218	0	31110	30107	12338	14649
145957317	0	31533	30533	12694	14878
145957417	0	31921	30951	13003	15178
145957517	0	32264	31368	13331	15478
145957618	0	32737	31771	13683	15792
145957717	0	33155	32151	13959	16111
145957818	0	33582	32629	14367	16416
145957917	0	33976	33066	14751	16688
145958017	0	34412	33464	15117	17016
145958118	0	34801	33896	15478	17330
145958217	0	35162	34290	15825	17639
145958317	0	35575	34679	16195	17986
145958418	0	36011	35139	16495	18315
145958517	0	36405	35561	16889	18647
145958617	0	36817	35946	17236	18994
145958718	0	37235	36368	17658	19331
145958817	0	37582	36752	17968	19613
145958917	0	38013	37136	18305	19922
145959018	0	38318	37502	18652	20260
145959117	0	38708	37934	19018	20579
145959217	0	39073	38267	19364	20897
145959318	0	39355	38600	19674	21160
145959418	0	39692	38937	19974	21460
145959517	0	39979	39162	20204	21671
145959618	0	40241	39458	20448	21882
145959718	0	40429	39688	20686	22097
145959817	0	40663	39918	20860	22271
145959918	0	40865	40091	21024	22407
150000017	0	41025	40265	21230	22599
150000117	0	41165	40434	21413	22693
150000617	0	41601	40809	21835	23054
150000917	0	41583	40893	21914	23050
150001118	0	41592	40832	21873	23007
150001221	0	41550	40823	21840	22965
150001318	0	41489	40785	21854	22998
150001417	0	41503	40753	21849	22970
150001517	0	41503	40809	21812	22918
150001617	0	41484	40767	21788	22928
150001717	0	41503	40738	21840	22942
150001817	0	41451	40734	21793	22909
150001917	0	41489	40729	21793	22946
150002017	0	41480	40795	21793	22960
150002117	0	41456	40804	21793	22937
150002217	0	41484	40724	21807	22923
150002317	0	41461	40710	21802	22913
150002417	0	41451	40710	21779	22909
150002518	0	41470	40757	21840	22951
150002618	0	41447	40767	21817	22928
150002717	0	41512	40832	21854	22989
150002817	0	41503	40799	21807	23007
150002918	0	41522	40818	21821	22974
150003017	0	41456	40799	21802	22951
150003117	0	41494	40757	21817	22965
150003217	0	41508	40837	21831	22974
150003317	0	41465	40790	21840	22998
150003517	0	41465	40837	21863	22979
150003618	0	41484	40851	21859	22979
150003718	0	41484	40762	21835	22993
150003817	0	41545	40813	21835	22965
150003918	0	41442	40781	21840	22960
150004018	0	41400	40748	21807	22918
150004118	0	41414	40809	21756	22876
150004217	0	41414	40738	21779	22857
150004317	0	41390	40738	21770	22871
150004418	0	41400	40738	21798	22881
150004517	0	41400	40823	21868	22838
150004618	0	41437	40799	21896	22810
150004717	0	41409	40879	21947	22749
150004818	0	41404	40903	21971	22801
150004917	0	41325	40912	22004	22740
150005017	0	41320	40982	22046	22693
150005117	0	41311	40982	22036	22641
150005217	0	41292	41034	22126	22641
150005321	0	41278	41025	22144	22599
150005417	0	41264	41025	22172	22510
150005517	0	41254	41025	22196	22463
150005617	0	41212	41025	22233	22440
150005717	0	41207	41025	22285	22449
150005817	0	41189	41146	22341	22388
150005917	0	41226	41175	22398	22323
150006018	0	41109	41193	22501	22308
150006118	0	41076	41203	22548	22210
150006417	0	40954	41203	22576	22149
150006517	0	40940	41231	22595	22135
150006618	0	40889	41226	22599	22079
150006718	0	40879	41245	22585	22093
150006818	0	40884	41236	22609	22008
150006917	0	40893	41203	22632	21999
150007018	0	40837	41259	22618	21999
150007117	0	40837	41259	22646	21938
150007218	0	40842	41259	22684	21966
150007318	0	40809	41222	22679	21989
150007417	0	40860	41207	22684	21924
150007518	0	40842	41212	22651	21966
150007617	0	40828	41217	22674	21952
150007717	0	40809	41250	22641	21938
150007817	0	40823	41165	22641	21924
150007918	0	40771	41170	22623	21914
150008017	0	40753	41114	22618	21900
150008117	0	40748	41114	22590	21882
150008217	0	40771	41179	22590	21868
150008317	0	40767	41128	22571	21873
150008418	0	40748	41076	22576	21863
150008517	0	40767	41114	22632	21863
150008617	0	40715	41132	22576	21821
150008717	0	40692	41090	22566	21817
150008818	0	40640	41034	22519	21723
150008918	0	40560	40917	22454	21681
150009018	0	40434	40879	22374	21577
150009117	0	40298	40724	22210	21451
150009217	0	40105	40527	22088	21319
150009317	0	40016	40368	21878	21132
150009420	0	39791	40204	21699	20968
150009517	0	39617	40040	21498	20757
150009617	0	39416	39782	21338	20584
150009718	0	39116	39519	21075	20312
150009817	0	38829	39247	20855	20044
150009917	0	38571	38937	20584	19711
150010017	0	38262	38637	20321	19486
150010118	0	37943	38281	20021	19280
150010218	0	37619	37934	19735	18929
150010317	0	37225	37633	19444	18600
150010417	0	36836	37244	19154	18263
150010518	0	36438	36874	18764	17968
150010618	0	36030	36457	18474	17602
150010718	0	35655	36072	18132	17245
150010817	0	35237	35753	17874	16904
150010917	0	34815	35317	17541	16566
150011018	0	34402	34862	17170	16191
150011117	0	34018	34449	16833	15778
150011218	0	33624	34041	16495	15408
150011317	0	33159	33610	16125	15080
150011417	0	32695	33197	15834	14757
150011517	0	32259	32765	15511	14330
150011618	0	31795	32325	15159	13997
150011718	0	31354	31851	14854	13693
150011817	0	30932	31448	14508	13383
150011917	0	30482	31031	14213	13026
150012017	0	30055	30576	13964	12689
150012118	0	29591	30130	13683	12347
150012217	0	29131	29694	13397	12061
150012317	0	28695	29220	13097	11757
150012418	0	28235	28798	12815	11456
150012517	0	27847	28385	12586	11198
150012617	0	27382	27954	12413	10936
150012717	0	26927	27518	12173	10664
150012818	0	26435	27044	11925	10416
150012918	0	25994	26585	11705	10233
150013017	0	25558	26130	11536	10041
150013118	0	25131	25690	11391	9877
150013217	0	24672	25286	11269	9708
150013317	0	24231	24836	11213	9511
150013418	0	23781	24461	11152	9399
150013520	0	23317	23987	11006	9286
150013618	0	22857	23467	10908	9244
150013718	0	22444	23064	10922	9244
150013818	0	22036	22656	10889	9202
150013917	0	21605	22299	10880	9169
150014018	0	21179	21919	10926	9169
150014118	0	20775	21512	10936	9193
150014217	0	20349	21141	10992	9305
150014318	0	19927	20700	11081	9413
150014417	0	19528	20330	11217	9535
150014517	0	19121	19993	11292	9685
150014617	0	18727	19566	11428	9835
150014718	0	18277	19182	11574	9975
150014817	0	17841	18764	11789	10209
150014917	0	17452	18375	11925	10420
150015017	0	17025	18024	12164	10660
150015117	0	16603	17602	12375	10926
150015217	0	16219	17288	12675	11156
150015318	0	15806	16936	12900	11433
150015417	0	15413	16575	13200	11743
150015517	0	15019	16219	13491	12052
150015717	0	14363	15497	13912	12680
150015818	0	14034	15234	14222	12951
150015917	0	13688	14962	14555	13303
150016017	0	13345	14625	14845	13650
150016118	0	13022	14306	15192	13983
150016217	0	12699	14020	15488	14372
150016317	0	12338	13725	15844	14757
150016417	0	12019	13477	16200	15112
150016518	0	11757	13228	16528	15464
150016618	0	11480	12951	16814	15853
150016717	0	11236	12718	17203	16238
150016817	0	11006	12441	17555	16603
150016917	0	10772	12253	17846	16983
150017017	0	10500	12033	18216	17405
150017118	0	10308	11915	18563	17714
150017218	0	10111	11747	18929	18132
150017317	0	9951	11583	19298	18516
150017417	0	9802	11447	19641	18868
150017518	0	9633	11320	19950	19201
150017620	0	9544	11241	20326	19510
150017717	0	9431	11213	20598	19758
150017817	0	9328	11166	20860	20072
150017917	0	9291	11072	21169	20368
150018018	0	9286	11011	21366	20593
150018117	0	9244	10945	21521	20850
150018218	0	9221	10926	21770	21043
150018317	0	9188	10945	21900	21151
150018417	0	9169	10945	22041	21249
150018517	0	9221	10898	22036	21348
150018617	0	9235	10880	22116	21390
150018722	0	9244	10865	22262	21455
150018817	0	9230	10865	22313	21469
150018917	0	9235	10903	22346	21498
150019017	0	9202	10931	22351	21549
150019117	0	9193	10922	22327	21530
150019217	0	9207	10922	22341	21601
150019317	0	9244	10865	22304	21634
150019417	0	9244	10894	22276	21671
150019517	0	9230	10838	22294	21690
150019618	0	9249	10814	22351	21751
150019718	0	9267	10814	22355	21756
150019818	0	9240	10819	22337	21784
150019918	0	9291	10782	22412	21788
150020017	0	9272	10791	22341	21821
150020117	0	9305	10735	22341	21807
150020218	0	9338	10688	22285	21840
150020317	0	9366	10641	22257	21859
150020417	0	9474	10585	22182	21835
150020517	0	9530	10481	22140	21882
150020618	0	9619	10411	22074	21896
150020718	0	9694	10327	22083	21896
150020818	0	9802	10266	22097	21933
150020917	0	9886	10163	22041	22041
150021018	0	10008	10017	22022	22102
150021118	0	10102	9909	21938	22116
150021217	0	10224	9769	21966	22257
150021317	0	10355	9657	21910	22323
150021418	0	10463	9558	21878	22388
150021518	0	10561	9450	21840	22463
150021618	0	10688	9310	21774	22468
150021719	0	10829	9193	21685	22519
150021817	0	10964	9085	21624	22552
150021917	0	11091	8944	21577	22599
150022017	0	11208	8799	21535	22670
150022118	0	11363	8644	21488	22777
150022218	0	11522	8513	21418	22810
150022318	0	11653	8396	21366	22881
150022417	0	11799	8218	21287	22965
150022517	0	11958	8115	21263	23064
150022617	0	12070	7960	21179	23082
150022718	0	12230	7796	21127	23153
150022817	0	12375	7664	21080	23214
150022917	0	12511	7482	21005	23383
150023017	0	12666	7337	20939	23392
150023117	0	12793	7205	20916	23509
150023218	0	12942	7088	20893	23546
150023317	0	13120	6943	20850	23635
150023418	0	13247	6793	20822	23752
150023517	0	13406	6610	20780	23874
150023618	0	13561	6465	20738	23898
150023718	0	13688	6330	20663	23954
150023817	0	13828	6226	20621	24039
150023917	0	13959	6057	20592	24095
150024017	0	14100	5950	20602	24165
150024117	0	14259	5818	20606	24264
150024217	0	14395	5687	20532	24353
150024317	0	14517	5532	20490	24475
150024418	0	14635	5396	20438	24470
150024518	0	14743	5298	20363	24536
150024617	0	14826	5233	20326	24592
150024717	0	14939	5139	20288	24630
150024818	0	15005	5036	20260	24620
150024917	0	15047	5026	20246	24691
150025017	0	15112	4956	20218	24733
150025117	0	15192	4871	20138	24756
150025218	0	15291	4839	20157	24794
150025318	0	15291	4787	20129	24784
150025417	0	15286	4717	20115	24798
150025517	0	15347	4703	20119	24841
150025617	0	15352	4694	20143	24883
150025718	0	15328	4717	20119	24817
150025819	0	15328	4726	20124	24845
150025918	0	15356	4721	20124	24827
150026017	0	15352	4754	20133	24808
150026117	0	15305	4750	20115	24780
150026217	0	15295	4750	20115	24808
150026317	0	15342	4745	20110	24859
150026418	0	15324	4717	20115	24864
150026517	0	15324	4717	20110	24827
150026618	0	15305	4722	20105	24789
150026717	0	15309	4694	20143	24789
150026817	0	15291	4717	20077	24831
150026917	0	15314	4717	20086	24756
150027017	0	15338	4699	20082	24770
150027118	0	15333	4689	20077	24780
150027217	0	15319	4684	20072	24803
150027317	0	15352	4670	20063	24775
150027418	0	15361	4684	20068	24728
150027517	0	15394	4684	20030	24761
150027617	0	15342	4666	20021	24719
150027717	0	15333	4694	20016	24737
150027817	0	15338	4703	19997	24723
150027917	0	15366	4666	19997	24695
150028018	0	15427	4675	19950	24686
150028117	0	15347	4670	19913	24681
150028217	0	15384	4656	19814	24620
150028317	0	15319	4670	19730	24540
150028417	0	15253	4684	19594	24433
150028517	0	15239	4759	19453	24315
150028617	0	15239	4810	19276	24217
150028717	0	15277	4839	19102	24029
150028817	0	15230	4909	18914	23917
150028917	0	15234	4965	18685	23720
150029018	0	15291	5007	18431	23519
150029117	0	15403	5129	18207	23406
150029218	0	15389	5336	17921	23064
150029317	0	15464	5467	17616	22848
150029417	0	15577	5668	17302	22534
150029518	0	15652	5832	17011	22421
150029618	0	15722	6011	16669	22168
150029717	0	15806	6287	16359	21901
150029817	0	15923	6559	15980	21634
150029919	0	16026	6826	15642	21366
150030017	0	16172	7130	15248	21061
150030118	0	16336	7445	14859	20799
150030218	0	16528	7739	14499	20570
150030318	0	16688	8115	14072	20326
150030417	0	16843	8480	13678	19969
150030517	0	17002	8832	13303	19688
150030617	0	17203	9212	12862	19444
150030717	0	17428	9577	12506	19168
150030818	0	17649	9956	12075	18929
150030918	0	17836	10355	11696	18657
150031018	0	18076	10772	11288	18338
150031117	0	18291	11170	10880	18127
150031217	0	18549	11607	10430	17888
150031317	0	18802	11967	10069	17677
150031417	0	19088	12445	9643	17489
150031517	0	19397	12858	9244	17227
150031617	0	19697	13327	8836	16988
150031718	0	19946	13776	8452	16758
150031817	0	20255	14208	8101	16510
150031917	0	20551	14644	7716	16374
150032017	0	20916	15080	7299	16195
150032117	0	21235	15549	6957	16003
150032217	0	21559	15994	6653	15862
150032317	0	21859	16439	6334	15722
150032417	0	22182	16894	6039	15614
150032517	0	22538	17334	5710	15549
150032617	0	22904	17808	5462	15455
150032718	0	23247	18277	5200	15417
150032817	0	23602	18713	5083	15328
150032917	0	23931	19224	4965	15220
150033018	0	24325	19692	4796	15187
150033117	0	24770	20138	4759	15277
150033217	0	25160	20625	4699	15216
150033318	0	25563	21080	4731	15319
150033418	0	25942	21587	4895	15281
150033517	0	26317	21975	5003	15309
150033618	0	26711	22477	5158	15366
150033717	0	27110	22928	5345	15488
150033817	0	27565	23307	5532	15591
150033917	0	27954	23795	5790	15740
150034019	0	28329	24264	6147	15750
150034117	0	28765	24672	6474	15853
150034217	0	29140	25178	6826	16022
150034317	0	29567	25722	7168	16214
150034417	0	29975	26130	7520	16425
150034517	0	30388	26679	7890	16622
150034618	0	30815	27134	8297	16796
150034717	0	31256	27640	8729	16983
150034818	0	31654	28118	9123	17180
150034917	0	32043	28554	9549	17395
150035018	0	32489	29014	9900	17616
150035117	0	32901	29464	10331	17897
150035217	0	33281	29919	10772	18132
150035317	0	33722	30407	11180	18389
150035418	0	34130	30862	11639	18633
150035517	0	34557	31289	12028	18896
150035617	0	34951	31748	12422	19149
150035717	0	35359	32170	12834	19402
150035818	0	35838	32648	13266	19730
150035917	0	36283	33136	13768	20049
150036017	0	36672	33619	14180	20363
150036118	0	37028	34022	14616	20639
150036217	0	37465	34473	15037	20944
150036318	0	37887	34890	15436	21268
150036418	0	38262	35336	15844	21568
150036518	0	38693	35819	16308	21900
150036617	0	39083	36236	16730	22201
150036717	0	39463	36620	17137	22435
150036817	0	39829	37052	17494	22754
150036917	0	40162	37399	17864	23082
150037018	0	40541	37788	18179	23331
150037117	0	40832	38107	18516	23602
150037217	0	41109	38454	18849	23738
150037318	0	41419	38754	19130	24015
150037417	0	41569	38989	19378	24207
150037518	0	41775	39233	19650	24372
150040017	0	42319	39233	20368	24742
150040517	0	42258	39819	20316	24625
150040617	0	42282	39875	20326	24625
150040817	0	42282	39880	20269	24672
150040917	0	42282	39814	20298	24653
150041017	0	42263	39852	20316	24653
150041117	0	42291	39852	20302	24648
150041217	0	42272	39852	20293	24634
150041317	0	42291	39819	20307	24658
150041817	0	42286	39819	20279	24569
150042916	0	42235	39786	20237	24728
150043016	0	42239	39782	20232	24667
150043417	0	42239	39730	20208	24672
150043517	0	42178	39730	20241	24676
150043617	0	42230	39711	20232	24676
150043717	0	42253	39711	20241	24719
150043817	0	42291	39711	20260	24681
150043917	0	42188	39782	20222	24653
150044216	0	42253	39782	20232	24709
150044316	0	42244	39782	20227	24676
150044416	0	42216	39782	20199	24634
150044518	0	42258	39782	20194	24620
150044621	0	42225	39782	20147	24747
150044716	0	42249	39702	20147	24681
150044817	0	42221	39692	20086	24723
150044917	0	42277	39697	20143	24742
150045017	0	42338	39669	20119	24845
150045117	0	42371	39669	20077	24883
150045217	0	42427	39683	20077	25000
150045317	0	42450	39721	20049	25019
150045417	0	42502	39688	20058	25047
150045517	0	42554	39660	20040	25117
150045617	0	42582	39655	19955	25202
150045717	0	42643	39603	19946	25281
150045817	0	42680	39617	20002	25361
150045917	0	42666	39594	19908	25450
150046016	0	42737	39580	19885	25535
150046116	0	42737	39566	19828	25624
150046216	0	42788	39585	19833	25765
150046316	0	42910	39524	19791	25793
150046416	0	42929	39528	19782	25881
150046516	0	42943	39542	19763	25952
150046617	0	43041	39524	19711	25999
150046717	0	43074	39510	19707	26102
150047317	0	43553	39495	19707	26833
150047617	0	43707	39613	19692	27162
150047916	0	43764	39613	19617	27293
150048016	0	43881	39486	19585	27373
150048516	0	44073	39420	19552	27725
150049217	0	44045	38862	19036	27528
150049316	0	43571	38759	18896	27392
150049716	0	43060	38173	18324	27040
150049816	0	42952	38056	18174	26955
150049917	0	42858	37948	18061	26801
150050017	0	42741	37784	17902	26697
150050117	0	42577	37633	17710	26547
150050317	0	42577	37282	17419	26341
150050417	0	42052	37113	17288	26256
150050517	0	41831	36991	17114	26135
150050617	0	41794	36822	16955	26022
150050719	0	41639	36611	16768	25886
150050817	0	41503	36476	16585	25807
150050917	0	41283	36330	16463	25732
150051016	0	41207	36218	16294	25638
150051116	0	41062	36021	16162	25511
150051216	0	40921	35824	15984	25375
150051316	0	40767	35664	15787	25267
150051416	0	40579	35505	15633	25103
150051516	0	40457	35359	15478	25075
150051616	0	40335	35186	15342	25000
150051717	0	40190	35068	15197	24920
150051817	0	40119	34909	15014	24808
150051917	0	39946	34796	14878	24742
150052017	0	39866	34567	14728	24639
150052117	0	39655	34421	14583	24531
150052217	0	39524	34266	14405	24479
150052317	0	39374	34098	14236	24390
150052417	0	39256	33896	14086	24236
150052517	0	39153	33755	13889	24146
150052617	0	38951	33558	13721	24034
150052717	0	38848	33431	13566	23978
150052816	0	38740	33249	13416	23917
150052916	0	38590	33141	13270	23851
150053016	0	38407	32939	13134	23734
150053116	0	38267	32742	12933	23607
150053216	0	38126	32606	12788	23519
150053315	0	37995	32451	12586	23425
150053415	0	37859	32268	12436	23387
150053517	0	37741	32113	12281	23275
150053615	0	37587	31954	12122	23176
150053717	0	37427	31790	11934	23115
150053815	0	37305	31608	11761	23073
150053915	0	37160	31420	11597	22946
150054015	0	37014	31307	11419	22857
150054115	0	36860	31101	11250	22726
150054215	0	36691	30951	11105	22665
150054315	0	36565	30759	10917	22585
150054417	0	36405	30594	10739	22505
150054514	0	36330	30412	10622	22477
150054614	0	36175	30257	10430	22379
150054714	0	36086	30139	10242	22318
150054818	0	35903	29938	10073	22247
150054915	0	35781	29825	9928	22182
150055017	0	35617	29656	9764	22088
150055117	0	35472	29459	9596	22004
150055215	0	35265	29248	9417	21910
150055317	0	35162	29108	9253	21859
150055415	0	35050	28957	9071	21807
150055517	0	34904	28807	8930	21737
150055615	0	34792	28615	8724	21676
150055717	0	34609	28423	8574	21629
150055815	0	34520	28259	8405	21545
150055915	0	34370	28113	8260	21460
150056015	0	34201	27973	8058	21394
150056115	0	34046	27804	7927	21324
150056215	0	33966	27654	7777	21277
150056314	0	33821	27481	7623	21221
150056414	0	33722	27316	7463	21146
150056514	0	33586	27157	7280	21104
150056615	0	33441	27012	7173	21061
150056714	0	33328	26866	6976	21000
150056815	0	33164	26650	6817	20968
150056915	0	33033	26496	6648	20888
150057015	0	32958	26346	6512	20869
150057115	0	32770	26153	6320	20794
150057215	0	32620	25994	6147	20733
150057315	0	32503	25839	5978	20677
150057415	0	32357	25661	5818	20625
150057515	0	32226	25427	5635	20560
150057615	0	32053	25296	5452	20532
150057715	0	31935	25099	5275	20509
150057815	0	31846	24920	5064	20490
150057915	0	31705	24784	4965	20401
150058014	0	31584	24658	4820	20363
150058114	0	31462	24456	4623	20344
150058214	0	31317	24456	4511	20298
150058314	0	31162	24179	4300	20241
150058414	0	31059	23959	4132	20213
150058514	0	30904	23771	3991	20199
150058615	0	30824	23612	3808	20176
150058715	0	30679	23443	3691	20161
150058815	0	30576	23331	3518	20091
150058919	0	30458	23261	3425	20072
150059015	0	30313	23068	3242	20072
150059115	0	30247	22909	3078	20054
150059215	0	30121	22773	2956	20025
150059315	0	30036	22613	2825	19983
150059415	0	29886	22463	2694	19974
150059515	0	29802	22351	2548	19941
150059615	0	29708	22229	2403	19941
150059714	0	29609	22041	2277	19941
150059814	0	29539	21943	2155	19950
150059914	0	29417	21774	2062	19941
150100015	0	29342	21704	1916	19946
150100114	0	29276	21587	1818	19969
150100214	0	29197	21451	1715	19988
150100314	0	29094	21315	1598	19946
150100415	0	29000	21188	1504	19964
150100515	0	28934	21057	1401	19950
150100615	0	28859	20963	1326	19955
150100715	0	28831	20822	1246	19983
150100815	0	28742	20714	1199	20025
150100915	0	28704	20639	1111	20072
150101015	0	28610	20466	1092	20072
150101115	0	28559	20391	1003	20115
150101215	0	28493	20293	886	20138
150101315	0	28460	20180	849	20180
150101415	0	28390	20072	872	20194
150101514	0	28371	20002	890	20237
150101614	0	28296	19904	858	20260
150101714	0	28226	19772	909	20298
150101814	0	28132	19697	890	20251
150101915	0	28090	19580	895	20274
150102014	0	27992	19453	942	20260
150102114	0	27898	19303	947	20241
150102215	0	27823	19252	1036	20204
150102315	0	27687	19107	1101	20218
150102415	0	27621	18980	1181	20152
150102515	0	27513	18821	1241	20105
150102615	0	27368	18689	1335	20077
150102715	0	27241	18572	1467	20016
150102815	0	27096	18417	1635	20002
150102915	0	26969	18301	1790	19988
150103019	0	26815	18099	1949	19979
150103115	0	26716	17972	2104	20007
150103214	0	26665	17836	2225	19964
150103314	0	26510	17663	2380	19964
150103414	0	26388	17531	2501	19983
150103514	0	26266	17363	2679	19979
150103614	0	26191	17184	2764	20016
150103714	0	26078	17034	2966	20044
150103814	0	25970	16843	3129	20044
150103915	0	25881	16721	3293	20058
150104015	0	25802	16617	3411	20096
150104115	0	25704	16449	3579	20157
150104215	0	25619	16270	3719	20208
150104315	0	25502	16125	3874	20255
150104415	0	25408	15947	4052	20293
150104515	0	25305	15768	4221	20293
150104615	0	25169	15633	4366	20302
150104716	0	25070	15469	4516	20354
150104815	0	25000	15370	4670	20387
150104915	0	24897	15197	4801	20438
150105014	0	24855	15098	4923	20513
150105114	0	24766	14915	5106	20537
150105215	0	24662	14779	5298	20579
150105315	0	24592	14578	5410	20611
150105414	0	24470	14377	5570	20700
150105514	0	24367	14208	5767	20710
150105615	0	24268	14067	5931	20719
150105715	0	24151	13865	6081	20775
150105815	0	24085	13739	6217	20836
150105915	0	24020	13632	6371	20869
150106015	0	23931	13477	6502	20944
150106115	0	23809	13308	6709	21000
150106215	0	23729	13120	6845	21071
150106315	0	23710	12966	7022	21146
150106415	0	23584	12797	7191	21188
150106515	0	23509	12624	7388	21240
150106615	0	23443	12431	7557	21310
150106714	0	23298	12253	7711	21376
150106814	0	23256	12089	7861	21423
150106914	0	23195	11962	8044	21460
150107014	0	23096	11822	8171	21554
150107118	0	23007	11611	8325	21620
150107214	0	22956	11471	8485	21676
150107314	0	22913	11311	8649	21732
150107415	0	22810	11152	8850	21793
150107515	0	22716	11016	9001	21873
150107615	0	22646	10857	9179	21929
150107715	0	22524	10655	9295	21938
150107815	0	22463	10528	9431	21980
150107915	0	22430	10360	9596	22093
150108015	0	22369	10209	9760	22168
150108115	0	22323	10027	9895	22294
150108215	0	22257	9868	10083	22360
150108315	0	22177	9741	10228	22444
150108414	0	22093	9586	10406	22534
150108514	0	22018	9361	10589	22571
150108614	0	21943	9240	10763	22665
150108715	0	21859	9043	10908	22726
150108814	0	21821	8893	11044	22810
150108914	0	21760	8738	11227	22890
150109014	0	21746	8607	11386	22951
150109115	0	21629	8433	11527	23021
150109215	0	21615	8288	11658	23096
150109315	0	21502	8166	11808	23157
150109415	0	21479	8021	11976	23284
150109515	0	21423	7847	12136	23303
150109615	0	21352	7678	12309	23387
150109715	0	21305	7501	12521	23481
150109815	0	21216	7332	12638	23574
150109915	0	21174	7168	12797	23682
150110015	0	21174	7013	12937	23771
150110115	0	21151	6859	13134	23874
150110214	0	21108	6718	13275	23931
150110314	0	21038	6540	13402	24006
150110414	0	20968	6338	13613	24123
150110514	0	20902	6175	13814	24217
150110614	0	20832	6006	13969	24343
150110714	0	20775	5790	14133	24376
150110814	0	20705	5617	14353	24503
150110915	0	20686	5457	14494	24592
150111015	0	20714	5280	14696	24709
150111115	0	20653	5158	14812	24817
150111219	0	20653	5007	14958	24883
150111315	0	20602	4820	15112	25019
150111415	0	20584	4666	15300	25141
150111515	0	20555	4473	15488	25272
150111615	0	20518	4324	15633	25310
150111715	0	20490	4207	15778	25408
150111815	0	20438	4028	15914	25507
150111915	0	20391	3892	16078	25582
150112015	0	20396	3715	16256	25699
150112115	0	20382	3621	16420	25811
150112214	0	20368	3471	16585	25914
150112314	0	20330	3298	16744	25999
150112414	0	20326	3129	16866	26125
150112514	0	20293	2980	17048	26233
150112614	0	20265	2886	17189	26294
150112714	0	20213	2670	17334	26369
150112815	0	20232	2539	17456	26519
150112915	0	20147	2446	17597	26599
150113015	0	20222	2277	17780	26688
150113115	0	20180	2151	17925	26782
150113215	0	20218	2019	18047	26923
150113315	0	20213	1926	18160	27007
150113415	0	20246	1837	18319	27152
150113515	0	20255	1706	18431	27256
150113615	0	20279	1612	18605	27340
150113715	0	20283	1481	18675	27504
150113815	0	20340	1359	18793	27612
150113914	0	20349	1274	18910	27734
150114014	0	20387	1209	19093	27814
150114114	0	20448	1232	19168	27959
150114214	0	20480	1186	19285	28058
150114314	0	20527	1148	19383	28212
150114414	0	20555	1120	19491	28273
150114514	0	20555	1083	19631	28381
150114615	0	20541	1078	19735	28503
150114715	0	20523	1101	19796	28549
150114815	0	20518	1073	19899	28549
150114915	0	20462	1012	19969	28582
150115015	0	20443	975	20016	28615
150115115	0	20387	1003	20124	28601
150115215	0	20335	937	20180	28601
150115319	0	20274	942	20269	28610
150115415	0	20176	979	20312	28592
150115515	0	20096	928	20391	28578
150115615	0	20040	881	20368	28545
150115714	0	19950	895	20373	28484
150115815	0	19889	909	20396	28442
150115914	0	19772	918	20349	28348
150116015	0	19664	890	20354	28277
150116114	0	19613	923	20302	28212
150116214	0	19547	970	20344	28123
150116315	0	19416	1003	20288	28053
150116415	0	19331	1087	20265	27973
150116515	0	19215	1134	20241	27875
150116615	0	19116	1129	20199	27767
150116715	0	18990	1194	20180	27654
150116815	0	18914	1349	20190	27546
150116915	0	18788	1424	20115	27485
150117015	0	18624	1551	20068	27331
150117115	0	18488	1668	20054	27246
150117215	0	18361	1729	20011	27119
150117315	0	18235	1893	19988	27007
150117414	0	18108	2015	20011	26908
150117514	0	17921	2146	20007	26838
150117615	0	17785	2281	19997	26716
150117714	0	17635	2408	20054	26613
150117814	0	17485	2501	20054	26514
150117914	0	17320	2703	20115	26402
150118014	0	17105	2891	20110	26313
150118115	0	16941	3008	20105	26191
150118215	0	16829	3148	20143	26092
150118315	0	16702	3256	20180	25970
150118415	0	16533	3457	20171	25905
150118515	0	16378	3607	20241	25811
150118615	0	16191	3729	20293	25755
150118715	0	16087	3878	20307	25633
150118815	0	15961	4019	20377	25544
150118915	0	15829	4155	20410	25464
150119015	0	15680	4315	20438	25357
150119114	0	15525	4516	20462	25258
150119214	0	15375	4670	20471	25122
150119314	0	15225	4839	20485	25000
150119418	0	15037	4956	20555	24930
150119514	0	14887	5143	20588	24850
150119614	0	14733	5298	20667	24808
150119714	0	14583	5396	20710	24728
150119814	0	14433	5574	20747	24569
150119915	0	14250	5743	20794	24479
150120015	0	14091	5903	20860	24433
150120115	0	13894	6118	20897	24325
150120215	0	13716	6264	20954	24217
150120315	0	13571	6427	20939	24114
150120415	0	13425	6554	21010	24039
150120515	0	13242	6723	21090	23973
150120615	0	13073	6911	21155	23888
150120715	0	12933	7032	21207	23781
150120815	0	12793	7187	21235	23668
150120914	0	12666	7370	21282	23621
150121014	0	12488	7529	21324	23532
150121114	0	12324	7674	21380	23443
150121214	0	12145	7861	21418	23326
150121314	0	11967	8012	21484	23247
150121415	0	11836	8157	21512	23176
150121514	0	11668	8349	21591	23092
150121615	0	11471	8489	21657	23007
150121715	0	11367	8658	21723	22937
150121815	0	11189	8799	21817	22848
150121915	0	11058	8949	21859	22806
150122015	0	10922	9123	21943	22726
150122115	0	10749	9253	21961	22646
150122215	0	10589	9408	22032	22562
150122315	0	10402	9586	22107	22477
150122415	0	10238	9718	22191	22430
150122515	0	10087	9882	22266	22332
150122614	0	9933	10069	22327	22280
150122714	0	9797	10200	22398	22229
150122814	0	9628	10378	22473	22158
150122914	0	9441	10524	22529	22074
150123014	0	9272	10711	22641	21994
150123115	0	9132	10861	22684	21929
150123214	0	8940	11039	22792	21831
150123314	0	8775	11184	22867	21798
150123415	0	8621	11386	22928	21695
150123519	0	8485	11513	23007	21666
150123615	0	8311	11663	23101	21615
150123715	0	8204	11818	23153	21502
150123815	0	8016	11948	23218	21493
150123915	0	7857	12108	23326	21446
150124015	0	7669	12300	23434	21394
150124115	0	7552	12460	23504	21333
150124215	0	7407	12633	23541	21240
150124315	0	7234	12764	23616	21216
150124414	0	7135	12867	23663	21099
150124514	0	6953	13017	23743	21094
150124614	0	6803	13167	23870	21057
150124714	0	6662	13341	23903	21024
150124814	0	6526	13486	24001	20982
150124914	0	6371	13622	24090	20930
150125015	0	6203	13777	24179	20888
150125115	0	6057	13950	24268	20841
150125214	0	5921	14100	24343	20822
150125314	0	5767	14245	24386	20771
150125414	0	5574	14438	24418	20681
150125514	0	5457	14531	24498	20672
150125614	0	5303	14691	24634	20630
150125715	0	5167	14826	24747	20611
150125815	0	5031	14958	24737	20598
150125914	0	4871	15112	24869	20537
150126015	0	4745	15258	24934	20523
150126115	0	4600	15403	25056	20499
150126215	0	4450	15577	25141	20457
150126315	0	4249	15703	25192	20415
150126415	0	4103	15853	25347	20377
150126515	0	4005	15989	25427	20368
150126615	0	3846	16134	25554	20349
150126715	0	3738	16303	25615	20330
150126815	0	3593	16425	25741	20288
150126916	0	3462	16556	25783	20274
150127015	0	3279	16692	25900	20283
150127114	0	3138	16866	26017	20269
150127215	0	3012	17007	26125	20237
150127315	0	2872	17170	26214	20227
150127414	0	2717	17320	26341	20185
150127514	0	2595	17452	26416	20157
150127618	0	2478	17592	26505	20190
150127714	0	2333	17710	26599	20171
150127815	0	2249	17846	26740	20133
150127915	0	2099	17991	26824	20152
150128015	0	2001	18118	26937	20157
150128115	0	1860	18235	27021	20199
150128215	0	1743	18375	27096	20138
150128315	0	1682	18478	27166	20119
150128415	0	1556	18600	27223	20115
150128515	0	1438	18722	27340	20129
150128615	0	1391	18816	27410	20124
150128714	0	1274	18905	27532	20115
150128814	0	1223	19055	27635	20171
150128914	0	1125	19116	27701	20180
150129014	0	1064	19229	27809	20246
150129114	0	961	19364	27875	20260
150129214	0	853	19444	28020	20274
150129314	0	849	19528	28076	20326
150129414	0	797	19603	28141	20363
150129515	0	806	19678	28179	20387
150129615	0	792	19744	28202	20349
150129715	0	792	19828	28348	20424
150129815	0	745	19904	28427	20419
150129915	0	713	19997	28493	20495
150130015	0	717	20077	28587	20499
150130115	0	713	20110	28624	20504
150130215	0	727	20227	28723	20485
150130315	0	703	20251	28784	20523
150130415	0	722	20316	28798	20527
150130514	0	727	20316	28897	20584
150130614	0	764	20405	28873	20611
150130714	0	736	20410	28892	20658
150130814	0	820	20457	28892	20728
150130914	0	900	20495	28915	20710
150131014	0	881	20541	29014	20639
150131114	0	956	20555	29033	20752
150131215	0	961	20495	29065	20724
150131315	0	1036	20541	29051	20822
150131415	0	1022	20476	29103	20827
150131515	0	1007	20527	29094	20864
150131615	0	951	20424	29047	20799
150131719	0	937	20485	29033	20672
150131815	0	909	20448	29028	20653
150131915	0	904	20382	28972	20565
150132115	0	820	20288	28976	20429
150132214	0	811	20349	28962	20405
150132314	0	835	20321	28925	20462
150132414	0	844	20335	28943	20457
150132614	0	816	20354	28976	20443
150132714	0	811	20316	28939	20466
150132814	0	788	20415	28929	20518
150132915	0	788	20391	28925	20462
150133016	0	797	20401	28962	20410
150133115	0	788	20321	28962	20415
150133215	0	778	20644	28925	20424
150133315	0	802	20382	28934	20373
150133415	0	802	20396	28911	20368
150133515	0	778	20387	28911	20401
150133615	0	783	20401	28953	20405
150133715	0	769	20396	28920	20518
