150327913	0	713	20495	28817	20546
150328019	0	680	20457	28789	20457
150328113	0	689	20443	28728	20466
150328213	0	675	20396	28718	20424
150328313	0	628	20382	28756	20396
150328413	0	633	20363	28761	20382
150328513	0	614	20307	28690	20387
150328613	0	680	20227	28657	20373
150328713	0	867	20176	28596	20373
150328812	0	1073	20091	28549	20396
150328913	0	1706	20016	28526	20471
150329012	0	1251	19927	28460	20466
150329112	0	1260	19880	28418	20434
150329213	0	1190	19819	28362	20434
150329312	0	1172	19772	28277	20382
150329413	0	1232	19692	28193	20424
150329513	0	1241	19627	28165	20387
150329613	0	1293	19575	28118	20387
150329713	0	1270	19500	28025	20382
150329813	0	1302	19406	28025	20349
150329913	0	1307	19378	27917	20335
150330013	0	1316	19374	27898	20316
150330113	0	1368	19294	27842	20335
150330213	0	1387	19276	27847	20283
150330313	0	1359	19294	27786	20265
150330412	0	1321	19285	27790	20227
150330513	0	1265	19276	27757	20166
150330614	0	1270	19276	27753	20086
150330713	0	1251	19298	27715	20101
150330813	0	1223	19294	27673	19997
150330913	0	1255	19294	27617	19955
150331013	0	1223	19298	27565	19904
150331113	0	1209	19298	27589	19852
150331213	0	1195	19308	27485	19805
150331313	0	1199	19298	27429	19763
150331413	0	1186	19285	27387	19655
150331513	0	1255	19276	27312	19571
150331613	0	1260	19257	27298	19538
150331713	0	1255	19294	27251	19514
150331813	0	1270	19294	27246	19444
150331913	0	1237	19336	27284	19467
150332013	0	1223	19388	27293	19453
150332113	0	1227	19434	27312	19411
150332213	0	1232	19425	27288	19416
150332312	0	1251	19411	27293	19378
150332413	0	1213	19430	27274	19402
150332513	0	1195	19481	27354	19425
150332613	0	1227	19430	27321	19425
150332713	0	1227	19439	27312	19449
150332812	0	1223	19449	27307	19430
150332913	0	1199	19444	27335	19430
150333013	0	1218	19458	27293	19453
150333113	0	1204	19434	27274	19463
150333213	0	1237	19467	27354	19420
150333313	0	1204	19467	27326	19430
150333413	0	1246	19472	27359	19434
150333513	0	1241	19453	27345	19430
150333613	0	1265	19420	27331	19388
150333713	0	1255	19411	27241	19355
150333813	0	1298	19388	27246	19336
150333913	0	1326	19350	27195	19298
150334013	0	1284	19341	27157	19280
150334113	0	1316	19327	27087	19266
150334213	0	1349	19262	26988	19121
150334313	0	1452	19219	26885	18994
150334413	0	1570	19111	26716	18952
150334513	0	1720	19018	26543	18755
150334613	0	1893	18924	26355	18558
150334717	0	2108	18849	26092	18399
150334813	0	2347	18727	25867	18207
150334913	0	2543	18563	25619	18033
150335013	0	2801	18427	25385	17855
150335112	0	3088	18268	25094	17635
150335213	0	3401	18160	24831	17452
150335313	0	3640	18029	24508	17152
150335413	0	4019	17925	24203	17002
150335512	0	4324	17761	23874	16721
150335613	0	4638	17569	23574	16477
150335713	0	4998	17409	23256	16294
150335813	0	5345	17316	22918	16012
150335912	0	5729	17133	22557	15768
150336013	0	6062	17053	22215	15544
150336112	0	6446	16960	21882	15324
150336212	0	6840	16838	21460	15028
150336313	0	7215	16697	21066	14798
150336413	0	7623	16627	20710	14574
150336513	0	8035	16533	20312	14288
150336612	0	8386	16491	19932	14058
150336713	0	8827	16430	19538	13823
150336813	0	9249	16406	19140	13622
150336913	0	9624	16378	18764	13364
150337012	0	10045	16336	18347	13153
150337113	0	10402	16341	17996	12919
150337212	0	10847	16369	17611	12671
150337312	0	11245	16411	17255	12445
150337412	0	11710	16472	16838	12216
150337513	0	12108	16500	16420	12056
150337612	0	12516	16594	16055	11855
150337713	0	12928	16688	15703	11696
150337813	0	13369	16782	15342	11485
150337912	0	13800	16894	14934	11344
150338013	0	14198	17039	14602	11189
150338113	0	14677	17166	14198	11058
150338212	0	15098	17316	13823	10950
150338313	0	15544	17503	13467	10829
150338413	0	15951	17663	13069	10725
150338513	0	16439	17879	12727	10636
150338613	0	16871	18052	12361	10636
150338712	0	17339	18296	11981	10566
150338815	0	17799	18483	11635	10575
150338913	0	18258	18703	11283	10571
150339013	0	18680	18933	10983	10561
150339113	0	19154	19238	10646	10575
150339213	0	19613	19495	10336	10636
150339313	0	20068	19702	10031	10711
150339413	0	20537	19983	9718	10833
150339513	0	21033	20274	9399	10997
150339613	0	21493	20518	9094	11142
150339712	0	21961	20822	8841	11288
150339812	0	22468	21169	8597	11480
150339913	0	22913	21455	8358	11663
150340013	0	23401	21788	8180	11878
150340113	0	23842	22097	7955	12127
150340213	0	24311	22383	7786	12356
150340313	0	24822	22749	7660	12628
150340413	0	25324	23110	7552	12876
150340511	0	25779	23443	7463	13158
150340611	0	26252	23724	7379	13491
150340713	0	26707	24100	7388	13800
150340813	0	27190	24451	7393	14091
150340912	0	27659	24794	7416	14419
150341011	0	28151	25164	7487	14747
150341113	0	28620	25535	7609	15075
150341213	0	29084	25891	7716	15431
150341311	0	29605	26252	7852	15792
150341411	0	30069	26571	8016	16172
150341511	0	30538	26927	8171	16524
150341611	0	30988	27288	8414	16894
150341711	0	31472	27682	8616	17288
150341811	0	31935	28072	8883	17682
150341911	0	32404	28423	9151	18080
150342013	0	32920	28798	9436	18488
150342111	0	33399	29201	9746	18877
150342211	0	33849	29567	10045	19290
150342311	0	34313	29994	10411	19627
150342413	0	34749	30430	10763	20007
150342511	0	35214	30805	11142	20424
150342613	0	35688	31256	11489	20803
150342711	0	36147	31640	11836	21183
150342811	0	36579	31982	12159	21535
150342915	0	36972	32348	12567	21882
150343011	0	37380	32723	12905	22196
150343113	0	37793	33131	13299	22529
150343210	0	38234	33507	13613	22937
150343311	0	38661	33905	14044	23289
150343411	0	39078	34285	14419	23654
150343512	0	39491	34679	14779	23973
150343613	0	39871	35068	15164	24301
150343712	0	40316	35476	15610	24658
150343811	0	40701	35838	15942	25014
150343911	0	41076	36218	16294	25347
150344011	0	41470	36592	16711	25661
150344113	0	41831	36892	17002	26036
150344210	0	42169	37263	17330	26303
150344311	0	42540	37591	17691	26585
150344411	0	42807	37877	17925	26885
150344511	0	43098	38098	18212	27129
150344611	0	43379	38365	18455	27373
150344711	0	43623	38595	18680	27603
150344810	0	43890	38783	18886	27804
150349511	0	43248	40115	20344	25966
150349811	0	42812	40129	20551	25291
150350410	0	42005	40419	21113	23903
150350610	0	42005	40570	21441	23528
150350711	0	41662	40677	21610	23261
150350811	0	41480	40757	21718	23026
150350911	0	41381	40828	21882	22801
150351010	0	41250	40945	22088	22632
150351110	0	41240	41048	22280	22459
150351215	0	41104	41189	22482	22257
150351311	0	40926	41264	22641	22060
150351411	0	40987	41428	22881	21896
150351511	0	40818	41512	23068	21699
150351611	0	40584	41658	23322	21554
150351710	0	40813	41733	23519	21427
150352511	0	40359	42990	25558	20490
150352911	0	39922	43464	26491	20279
150353011	0	39932	43464	26669	20171
150353111	0	39955	43464	26880	20208
150353311	0	39955	43942	27218	19997
150353411	0	39866	43942	27345	20058
150353510	0	39889	43942	27509	20035
150353611	0	39894	43942	27574	19979
150353711	0	39885	43942	27664	19960
150353810	0	39899	43942	27771	20035
150353911	0	39908	44364	27898	20082
150354010	0	39974	44378	27950	20133
150354110	0	40007	44378	28043	20194
150354210	0	39955	44518	28081	20199
150354310	0	40466	44546	28123	20255
150354410	0	40616	44575	28123	20035
150354510	0	39955	44575	28174	19936
150354611	0	40016	44640	28202	19988
150354710	0	39922	44617	28188	20016
150354810	0	39913	44584	28202	19960
150354910	0	39936	44551	28188	19974
150355010	0	39932	44575	28202	19974
150355111	0	39843	44560	28207	20030
150355211	0	39875	44551	28202	20105
150355315	0	39861	44518	28188	20152
150355411	0	39843	44518	28202	20115
150355510	0	39852	44523	28174	20040
150355610	0	39852	44499	28160	19927
150355711	0	39796	44495	28118	19885
150355810	0	39772	44457	28123	19833
150355911	0	39786	44434	28086	19838
150356010	0	39857	44462	28081	19824
150356111	0	39847	44467	28090	19805
150356211	0	39786	44443	28085	19805
150356311	0	39739	44443	28067	19805
150356411	0	39730	44462	28076	19810
150356511	0	39660	44430	28048	19805
150356611	0	39702	44420	28053	19796
150356711	0	39617	44373	28001	19796
150356811	0	39632	44373	27987	19824
150356911	0	39585	44373	27973	19875
150357011	0	39603	44242	27917	19899
150357111	0	39594	44172	27818	19772
150357211	0	39608	44069	27743	19641
150357311	0	39505	43951	27593	19519
150357411	0	39331	43858	27429	19411
150357511	0	39191	43562	27284	19290
150357611	0	39017	43468	27077	19060
150357711	0	38858	43224	26885	18975
150357811	0	38637	42952	26636	18732
150357911	0	38389	42708	26360	18502
150358011	0	38074	42413	26083	18235
150358111	0	37901	42183	25872	18080
150358211	0	37751	41902	25554	17836
150358311	0	37479	41555	25281	17606
150358410	0	37174	41264	24977	17302
150358511	0	36869	40912	24587	17020
150358610	0	36508	40565	24320	16711
150358710	0	36218	40157	23954	16416
150358811	0	35941	39758	23598	16144
150358910	0	35584	39420	23232	15839
150359010	0	35265	39012	22909	15525
150359111	0	34871	38623	22571	15192
150359210	0	34463	38192	22135	14826
150359310	0	34135	37798	21802	14527
150359415	0	33840	37418	21390	14231
150359511	0	33492	36949	20939	13894
150359611	0	33127	36513	20593	13585
150359711	0	32676	36053	20204	13242
150359811	0	32310	35589	19772	12919
150359911	0	31996	35186	19364	12610
150400011	0	31640	34717	18990	12319
150400111	0	31171	34271	18563	11991
150400211	0	30871	33802	18174	11733
150400311	0	30533	33356	17761	11461
150400410	0	30116	32845	17367	11175
150400511	0	29666	32414	16983	10880
150400610	0	29356	31982	16636	10674
150400710	0	28967	31518	16223	10444
150400811	0	28592	31002	15801	10261
150400915	0	28235	30557	15413	10027
150401011	0	27865	30036	15042	9830
150401110	0	27471	29530	14625	9685
150401211	0	27143	29089	14231	9558
150401311	0	26777	28601	13870	9431
150401411	0	26411	28141	13449	9403
150401511	0	26078	27645	13102	9324
150401611	0	25657	27199	12746	9249
150401710	0	25371	26697	12450	9216
150401811	0	25009	26158	12084	9235
150401911	0	24686	25736	11832	9244
150402011	0	24311	25267	11419	9324
150402111	0	24067	24728	11091	9488
150402210	0	23738	24273	10847	9582
150402310	0	23373	23724	10519	9708
150402411	0	23082	23298	10261	9886
150402511	0	22745	22829	10022	10031
150402611	0	22543	22327	9755	10284
150402711	0	22341	21831	9521	10486
150402811	0	22027	21366	9347	10702
150402911	0	21713	20864	9212	10912
150403011	0	21418	20358	9113	11161
150403111	0	21155	19927	9015	11367
150403210	0	20939	19505	8935	11649
150403311	0	20705	19050	8855	11972
150403411	0	20471	18581	8766	12267
150403514	0	20232	18080	8766	12563
150403611	0	19964	17602	8729	12914
150403711	0	19786	17123	8785	13247
150403811	0	19585	16655	8841	13575
150403911	0	19416	16144	8944	13969
150404011	0	19271	15671	8986	14344
150404111	0	19097	15263	9118	14663
150404211	0	18919	14752	9319	15009
150404311	0	18750	14241	9488	15413
150404411	0	18600	13851	9657	15768
150404511	0	18478	13378	9886	16158
150404611	0	18394	12853	10106	16561
150404710	0	18301	12375	10336	16988
150404811	0	18207	11878	10613	17381
150404910	0	18118	11405	10903	17761
150405011	0	18052	10950	11184	18169
150405111	0	17996	10533	11471	18544
150405211	0	18000	10073	11785	18985
150405311	0	17996	9600	12061	19430
150405410	0	17944	9118	12436	19791
150405510	0	17925	8611	12806	20232
150405611	0	17916	8185	13111	20653
150405710	0	17944	7707	13505	21061
150405811	0	18000	7252	13823	21512
150405910	0	18085	6845	14123	21896
150406010	0	18193	6390	14456	22262
150406111	0	18179	5945	14840	22688
150406210	0	18212	5532	15192	23054
150406310	0	18277	5129	15492	23443
150406411	0	18389	4713	15806	23743
150406511	0	18506	4371	16144	24161
150406611	0	18591	4005	16411	24484
150406710	0	18624	3630	16800	24780
150406811	0	18760	3289	17123	25127
150406911	0	18774	3012	17395	25371
150407011	0	18811	2726	17672	25647
150407110	0	18999	2446	17869	25914
150407210	0	19083	2220	18104	26125
150407310	0	19191	2043	18240	26313
150407411	0	19201	1832	18436	26543
150407510	0	19215	1706	18591	26707
150407615	0	19257	1635	18685	26810
150407711	0	19285	1556	18807	26937
150407811	0	19266	1518	18891	26998
150407910	0	19285	1410	18994	27044
150408011	0	19303	1340	19079	27101
150408111	0	19298	1293	19154	27176
150408210	0	19303	1270	19271	27246
150408311	0	19294	1241	19313	27270
150408410	0	19280	1265	19383	27363
150408511	0	19280	1134	19458	27335
150408611	0	19219	1101	19519	27359
150408710	0	19154	1120	19585	27363
150408811	0	19135	1120	19608	27331
150408910	0	19102	1158	19650	27349
150409011	0	19022	1209	19660	27363
150409111	0	18966	1223	19711	27368
150409211	0	18961	1227	19744	27424
150409311	0	19004	1218	19814	27406
150409410	0	19036	1218	19805	27434
150409510	0	18929	1274	19857	27434
150409610	0	18900	1284	19904	27396
150409711	0	18736	1377	19908	27354
150409811	0	18628	1471	19904	27223
150409911	0	18502	1574	19889	27115
150410011	0	18315	1734	19880	26951
150410111	0	18141	1860	19885	26833
150410211	0	17982	2033	19932	26740
150410310	0	17743	2258	19983	26646
150410410	0	17503	2464	20068	26505
150410510	0	17231	2759	20101	26350
150410610	0	16922	3078	20138	26139
150410710	0	16617	3331	20143	25952
150410810	0	16369	3626	20166	25769
150410911	0	16036	3902	20218	25582
150411011	0	15680	4239	20340	25394
150411111	0	15417	4600	20401	25192
150411210	0	15075	4904	20476	25019
150411310	0	14710	5294	20598	24742
150411410	0	14339	5659	20658	24484
150411511	0	14016	6043	20742	24278
150411610	0	13641	6399	20916	24081
150411715	0	13167	6864	21047	23898
150411811	0	12741	7215	21212	23668
150411911	0	12324	7646	21333	23434
150412010	0	11962	8054	21493	23209
150412111	0	11569	8438	21620	23059
150412210	0	11203	8874	21821	22834
150412311	0	10749	9281	21966	22679
150412411	0	10317	9760	22191	22477
150412511	0	9905	10144	22341	22219
150412611	0	9436	10585	22534	22079
150412710	0	9080	10950	22745	21868
150412811	0	8677	11377	22904	21695
150412910	0	8265	11771	23106	21573
150413011	0	7833	12206	23383	21455
150413110	0	7421	12624	23565	21240
150413210	0	6939	13111	23818	21099
150413310	0	6493	13505	24057	20939
150413411	0	6114	13936	24259	20883
150413510	0	5696	14320	24508	20724
150413610	0	5317	14756	24775	20639
150413710	0	4890	15173	24995	20537
150413810	0	4469	15558	25221	20462
150413911	0	4118	15890	25441	20368
150414011	0	3803	16200	25718	20344
150414110	0	3462	16580	25895	20279
150414211	0	3195	16866	26139	20312
150414311	0	2848	17203	26360	20208
150414411	0	2539	17531	26571	20171
150414511	0	2263	17794	26702	20138
150414611	0	2080	17996	26862	20147
150414711	0	1888	18183	26988	20124
150414811	0	1724	18347	27077	20077
150414910	0	1598	18506	27223	20077
150415011	0	1551	18638	27307	20138
150415111	0	1448	18732	27415	20115
150415211	0	1359	18858	27438	20063
150415310	0	1359	18910	27504	20101
150415410	0	1368	18975	27565	20115
150415511	0	1321	19008	27570	20063
150415610	0	1260	19046	27570	20035
150415711	0	1274	19032	27589	20030
150415815	0	1288	19055	27542	20002
150415911	0	1302	19055	27635	19997
150416010	0	1265	19083	27565	19983
150416110	0	1298	19079	27589	19983
150416211	0	1270	19116	27560	19974
150416311	0	1227	19116	27574	19927
150416410	0	1237	19126	27617	19964
150416511	0	1251	19158	27570	19950
150416610	0	1260	19121	27659	19979
150416711	0	1255	19126	27692	19979
150416811	0	1246	19126	27607	19969
150416910	0	1255	19126	27584	19993
150417011	0	1260	19130	27598	19974
150417111	0	1274	19111	27598	19960
150417211	0	1354	19097	27603	19988
150417311	0	1237	19130	27598	19988
150417411	0	1200	19144	27645	20021
150417511	0	1134	19149	27645	20016
150417610	0	1153	19144	27612	20096
150417710	0	1186	19163	27621	20147
150417811	0	1194	19201	27725	20208
150417910	0	1200	19233	27771	20255
150418011	0	1200	19238	27781	20321
150418111	0	1162	19262	27898	20405
150418210	0	1194	19298	27931	20419
150418310	0	1144	19317	28006	20419
150418411	0	1087	19374	28062	20490
150418511	0	1083	19449	28113	20518
150418610	0	1078	19505	28170	20541
150418711	0	1073	19542	28245	20560
150418811	0	1092	19580	28282	20588
150418911	0	1092	19660	28338	20625
150419010	0	1106	19711	28423	20611
150419111	0	1134	19786	28484	20602
150419211	0	1120	19847	28601	20663
150419310	0	1158	19908	28643	20663
150419411	0	1087	19950	28704	20714
150419511	0	1040	20021	28728	20705
150419610	0	961	20091	28718	20663
150419710	0	937	20082	28723	20658
150419811	0	867	20044	28756	20625
150419914	0	802	20058	28746	20625
150420010	0	750	20161	28798	20611
150420111	0	703	20232	28812	20597
150420210	0	741	20204	28831	20602
150420311	0	699	20194	28751	20598
150420411	0	703	20204	28681	20597
150420511	0	699	20232	28728	20616
150420610	0	699	20227	28779	20625
150420710	0	713	20227	28751	20644
150420811	0	661	20274	28704	20621
150420911	0	647	20251	28718	20593
150421010	0	647	20251	28685	20611
150421111	0	675	20255	28751	20625
150421211	0	656	20232	28695	20616
150421314	0	614	20232	28732	20560
150421411	0	633	20194	28770	20584
150421511	0	586	20218	28718	20592
150421611	0	595	20227	28700	20555
150421710	0	591	20218	28690	20560
150421811	0	614	20232	28671	20546
150421910	0	623	20237	28737	20565
150422011	0	605	20222	28690	20565
150422111	0	586	20227	28709	20546
150422211	0	623	20222	28704	20551
150422311	0	581	20218	28690	20588
150422410	0	609	20251	28662	20537
150422511	0	638	20199	28681	20593
150422611	0	623	20237	28728	20574
150422711	0	600	20241	28714	20560
150422811	0	619	20232	28704	20560
150422911	0	609	20190	28718	20541
150423011	0	642	20227	28704	20588
150423111	0	633	20241	28742	20560
150423211	0	600	20218	28695	20579
