122217963	0	5377	3808	3949	5336
122218069	0	5373	3827	3996	5359
122218162	0	5377	3799	3949	5326
122218262	0	5368	3756	3958	5340
122218362	0	5382	3813	3958	5350
122218463	0	5406	3780	3953	5363
122218562	0	5387	3770	3972	5345
122218662	0	5377	3766	3958	5345
122218762	0	5391	3770	3977	5345
122218862	0	7144	3785	3977	5355
122218963	0	6086	3780	3967	5336
122219062	0	5499	3789	3958	5340
122219162	0	5345	3761	3986	5326
122219262	0	5355	3789	3986	5355
122219362	0	6653	3799	3949	5308
122219463	0	7107	3794	3977	5345
122219562	0	6212	3734	3949	5322
122219662	0	6062	3762	3935	5368
122219762	0	6878	3757	3963	5364
122219862	0	7955	3756	3967	5369
122219962	0	5696	3785	3949	5368
122220062	0	5626	3808	3953	5382
122220162	0	5635	3770	3949	5382
122220262	0	5336	3762	3963	5369
122220362	0	5298	3780	4000	5294
122220462	0	5359	3794	4005	5345
122220566	0	5355	3775	3963	5350
122220662	0	5391	3762	3949	5410
122220762	0	5391	3756	3953	5396
122220862	0	5364	3775	3949	5368
122220962	0	5363	3756	3958	5382
122221062	0	5363	3780	3949	5410
122221163	0	5355	3756	3991	5415
122221263	0	5369	3799	3949	5429
122221362	0	5579	3766	3944	5377
122221462	0	5607	3799	3991	5391
122221563	0	5546	3794	3986	5355
122221662	0	5401	3808	3991	5355
122221762	0	5734	3770	3991	5331
122221862	0	5588	3775	3986	5355
122221962	0	6348	3799	3986	5401
122222062	0	5968	3799	3991	5387
122222162	0	5532	3803	3991	5364
122222263	0	5532	3743	3986	5377
122222362	0	5664	3770	3958	5331
122222462	0	6020	3775	3982	5359
122222562	0	5973	3770	3958	5322
122222662	0	5893	3775	3963	5331
122222763	0	5485	3789	3949	5340
122222862	0	5664	3808	3967	5331
122222962	0	5574	3789	3982	5373
122223062	0	5359	3813	3982	5336
122223162	0	5626	3789	3972	5368
122223262	0	5574	3785	3963	5369
122223363	0	5391	3780	3944	5363
122223463	0	5579	3785	3963	5359
122223562	0	5556	3775	3958	5387
122223663	0	5584	3780	3982	5377
122223762	0	5481	3789	3953	5355
122223862	0	5434	3762	3958	5369
122223963	0	5363	3766	3958	5359
122224062	0	6986	3743	3949	5373
122224162	0	5692	3757	3944	5326
122224262	0	6793	3770	3982	5350
122224362	0	5359	3756	3967	5345
122224462	0	5363	3766	3944	5373
122224563	0	5363	3770	3967	5359
122224666	0	5359	3770	3967	5387
122224763	0	5368	3757	3967	5340
122224862	0	5369	3775	3949	5377
122224962	0	5363	3799	3982	5406
122225062	0	5336	3770	3986	5350
122225162	0	5363	3780	3972	5368
122225262	0	5326	3799	3930	5369
122225362	0	5350	3789	3935	5355
122225462	0	5331	3794	3963	5350
122225562	0	5359	3785	3939	5350
122225663	0	5359	3780	3939	5373
122225762	0	5331	3794	3982	5369
122225862	0	5294	3785	3977	5363
122225962	0	5322	3762	3967	5336
122226063	0	5364	3794	3967	5387
122226162	0	5363	3803	3982	5364
122226262	0	5336	3780	3958	5396
122226362	0	5363	3794	3949	5331
122226462	0	5363	3756	3977	5355
122226562	0	5373	3756	3972	5401
122226663	0	5364	3789	3972	5359
122226762	0	5369	3799	3949	5364
122226863	0	5363	3762	3977	5401
122226962	0	5368	3756	3953	5322
122227062	0	5368	3789	3972	5382
122227162	0	5373	3789	3967	5363
122227262	0	5363	3789	3953	5387
122227362	0	5363	3789	3949	5363
122227462	0	5387	3766	3958	5359
122227574	0	5350	3748	3953	5368
122227674	0	5369	3789	3939	5350
122227762	0	5368	3808	3967	5336
122227862	0	5350	3766	3986	5369
122227962	0	5340	3780	4000	5373
122228062	0	5364	3789	3953	5391
122228162	0	5355	3813	3996	5336
122228262	0	5369	3770	4000	5340
122228362	0	5331	3794	3967	5369
122228462	0	5350	3799	3953	5368
122228562	0	5345	3780	3996	5369
122228662	0	5317	3766	3986	5368
122228766	0	5322	3803	3958	5373
122228862	0	5373	3770	3977	5363
122228962	0	5331	3799	3944	5340
122229062	0	5355	3761	3944	5373
122229163	0	5363	3785	3982	5345
122229262	0	5369	3780	3986	5363
122229362	0	5373	3785	3963	5350
122229462	0	5377	3752	3953	5401
122229562	0	5350	3766	3977	5336
122229662	0	5345	3780	3944	5373
122229762	0	5377	3756	3953	5345
122229862	0	5368	3762	3935	5429
122229962	0	5345	3756	3949	5355
122230062	0	5336	3770	3982	5387
122230162	0	5368	3789	3963	5326
122230262	0	5368	3789	3977	5331
122230362	0	5336	3789	3949	5308
122230463	0	5369	3756	3963	5359
122230562	0	5377	3766	3953	5363
122230662	0	5369	3808	3977	5308
122230762	0	5364	3780	3953	5336
122230863	0	5359	3775	3967	5369
122230962	0	5340	3770	3935	5410
122231062	0	5355	3789	3939	5336
122231162	0	5368	3785	3930	5369
122231262	0	5350	3794	3939	5350
122231362	0	5355	3789	3963	5363
122231462	0	5364	3780	3963	5373
122231562	0	5369	3762	3953	5377
122231662	0	5363	3794	3972	5359
122231762	0	5364	3762	3949	5317
122231862	0	5364	3799	3949	5355
122231962	0	5369	3780	3949	5336
122232062	0	5340	3785	3944	5369
122232162	0	5363	3775	3958	5401
122232262	0	5359	3766	3982	5396
122232362	0	5377	3756	3991	5359
122232462	0	5369	3775	3972	5410
122232562	0	5350	3770	3986	5350
122232662	0	5359	3785	3986	5369
122232762	0	5373	3789	3949	5345
122232866	0	5359	3785	3986	5359
122232962	0	5317	3766	3949	5350
122233062	0	5369	3780	3982	5401
122233163	0	5368	3761	3958	5345
122233262	0	5368	3775	3982	5396
122233362	0	5369	3761	3967	5331
122233462	0	5369	3780	3949	5340
122233562	0	5355	3762	3944	5387
122233662	0	5350	3780	3930	5308
122233762	0	5369	3785	3953	5350
122233862	0	5336	3766	3958	5340
122233962	0	5369	3761	3944	5377
122234062	0	5359	3756	3967	5377
122234162	0	5363	3766	3939	5363
122234262	0	5340	3780	3963	5355
122234362	0	5331	3794	3963	5373
122234462	0	5359	3780	3982	5326
122234562	0	5345	3770	3949	5345
122234662	0	5350	3770	3949	5382
122234762	0	5336	3789	3949	5322
122234862	0	5336	3756	3963	5391
122234962	0	5359	3803	3963	5369
122235062	0	5359	3770	3958	5369
122235162	0	5340	3785	3949	5387
122235262	0	5355	3748	3958	5340
122235362	0	5359	3799	3949	5336
122235462	0	5363	3756	3986	5382
122235562	0	5364	3799	3986	5340
122235662	0	5355	3766	3949	5350
122235762	0	5326	3803	3977	5364
122235862	0	5350	3775	3953	5387
122235963	0	5364	3766	3958	5369
122236062	0	5340	3756	3953	5350
122236162	0	5336	3761	3977	5382
122236262	0	5363	3780	3953	5317
122236362	0	5350	3794	3935	5364
122236462	0	5364	3757	3977	5350
122236562	0	5355	3785	3944	5369
122236662	0	5364	3756	3967	5350
122236762	0	5317	3780	3977	5331
122236862	0	5336	3780	3953	5373
122236966	0	5363	3794	3972	5363
122237062	0	5359	3761	3972	5355
122237162	0	5350	3770	3967	5377
122237262	0	5317	3799	3953	5364
122237362	0	5369	3799	3972	5350
122237462	0	5359	3785	3930	5363
122237562	0	5350	3808	3958	5326
122237662	0	5350	3757	3935	5336
122237762	0	5368	3780	3963	5340
122237862	0	5363	3794	3944	5369
122237962	0	5369	3761	3939	5350
122238062	0	5369	3785	3967	5355
122238162	0	5355	3775	3958	5336
122238262	0	5364	3789	3958	5368
122238362	0	5350	3799	3953	5345
122238462	0	5350	3813	3967	5322
122238562	0	5364	3770	3939	5359
122238662	0	5369	3761	3963	5368
122238762	0	5364	3794	3949	5350
122238862	0	5345	3756	3949	5294
122238962	0	5363	3794	3944	5387
122239062	0	5326	3770	3944	5382
122239162	0	5368	3794	3944	5369
122239262	0	5368	3780	3935	5345
122239362	0	5359	3813	3949	5364
122239462	0	5336	3785	3939	5396
122239562	0	5340	3766	3953	5336
122239662	0	5336	3761	3972	5359
122239761	0	5359	3799	3953	5336
122239862	0	5350	3761	3977	5340
122239962	0	5364	3808	3958	5355
122240062	0	5345	3770	3953	5364
122240162	0	5369	3775	3949	5336
122240262	0	5336	3785	3953	5364
122240362	0	5369	3785	3958	5377
122240462	0	5336	3766	3963	5363
122240562	0	5355	3761	3949	5369
122240662	0	5364	3775	3991	5355
122240762	0	5336	3756	3967	5345
122240862	0	5359	3761	3958	5377
122240962	0	5340	3789	3953	5387
122241066	0	5345	3780	3949	5406
122241162	0	5345	3761	3949	5363
122241262	0	5373	3775	3949	5373
122241362	0	5355	3761	3986	5326
122241462	0	5364	3803	3958	5377
122241562	0	5355	3785	3953	5331
122241662	0	5331	3761	3972	5340
122241762	0	5369	3775	3991	5336
122241862	0	5355	3789	3972	5340
122241962	0	5369	3766	3977	5364
122242062	0	5368	3761	3935	5368
122242162	0	5336	3775	3949	5322
122242262	0	5355	3761	3953	5369
122242361	0	5359	3766	3935	5294
122242462	0	5368	3775	3935	5382
122242562	0	5364	3799	3963	5368
122242662	0	5350	3766	3977	5373
122242762	0	5350	3803	3953	5364
122242862	0	5355	3766	3939	5368
122242962	0	5364	3799	3944	5350
122243062	0	5359	3762	3949	5364
122243162	0	5355	3748	3949	5355
122243262	0	5369	3813	3939	5350
122243362	0	5369	3785	3935	5350
122243462	0	5364	3766	3949	5377
122243562	0	5331	3756	3967	5345
122243662	0	5326	3762	3935	5369
122243762	0	5369	3770	3972	5350
122243861	0	5350	3785	3939	5364
122243962	0	5350	3775	3935	5340
122244062	0	5369	3766	3977	5369
122244162	0	5355	3775	3944	5336
122244262	0	5364	3785	3939	5331
122244362	0	5363	3761	3977	5331
122244462	0	5340	3780	3925	5369
122244562	0	5326	3789	3944	5355
122244662	0	5350	3752	3963	5387
122244762	0	5336	3808	3944	5355
122244862	0	5369	3766	3977	5377
122244962	0	5364	3775	3935	5363
122245062	0	5364	3757	3953	5350
122245164	0	5350	3766	3977	5359
122245262	0	5368	3808	3986	5373
122245362	0	5359	3794	3986	5340
122245462	0	5364	3770	3949	5336
122245562	0	5369	3756	3958	5312
122245662	0	5369	3789	3986	5331
122245762	0	5359	3785	3972	5312
122245862	0	5336	3761	3986	5317
122245962	0	5359	3789	3972	5369
122246062	0	5364	3813	3986	5331
122246162	0	5359	3766	3982	5350
122246262	0	5336	3766	3944	5368
122246362	0	5345	3766	3982	5391
122246461	0	5359	3785	3944	5308
122246562	0	5364	3785	3986	5331
122246662	0	5369	3761	3944	5340
122246762	0	5355	3794	3930	5355
122246861	0	5359	3756	3977	5363
122246962	0	5336	3813	3958	5387
122247062	0	5369	3780	3930	5326
122247162	0	5340	3775	3944	5382
122247262	0	5355	3766	3963	5382
122247362	0	5350	3761	3967	5326
122247462	0	5359	3757	3939	5340
122247562	0	5364	3766	3967	5382
122247662	0	5355	3775	3977	5369
122247762	0	5336	3794	3967	5350
122247862	0	5369	3770	3958	5336
122247962	0	5363	3803	3949	5387
122248062	0	5350	3761	3953	5326
122248162	0	5355	3775	3953	5340
122248262	0	5355	3756	3953	5345
122248362	0	5355	3780	3944	5317
122248462	0	5363	3770	3953	5368
122248562	0	5364	3799	3963	5364
122248661	0	5363	3770	3949	5326
122248762	0	5359	3789	3972	5303
122248862	0	5377	3785	3944	5350
122248962	0	5359	3785	3944	5355
122249062	0	5345	3799	3967	5331
122249162	0	5369	3799	3986	5345
122249264	0	5345	3770	3972	5345
122249362	0	5355	3799	3991	5336
122249462	0	5364	3761	3949	5317
122249562	0	5359	3785	3963	5369
122249661	0	5355	3770	3944	5317
122249762	0	5340	3794	3977	5331
122249862	0	5359	3770	3949	5331
122249962	0	5363	3785	3944	5382
122250062	0	5355	3761	3963	5355
122250162	0	5355	3794	3935	5391
122250262	0	5369	3789	3953	5350
122250362	0	5359	3766	3982	5363
122250462	0	5373	3757	3982	5331
122250562	0	5355	3770	3949	5331
122250662	0	5331	3775	3996	5326
122250762	0	5331	3789	3972	5377
122250862	0	5359	3785	3944	5326
122250962	0	5364	3799	3939	5326
122251063	0	5368	3785	3930	5355
122251162	0	5369	3770	3939	5368
122251262	0	5322	3780	3935	5345
122251362	0	5331	3794	3949	5312
122251462	0	5331	3761	3949	5363
122251562	0	5355	3752	3958	5401
122251662	0	5355	3743	3982	5355
122251762	0	5359	3780	3967	5373
122251862	0	5364	3822	3944	5340
122251963	0	5377	3766	3953	5336
122252062	0	5355	3794	3944	5340
122252162	0	5355	3775	3949	5336
122252262	0	5364	3799	3972	5363
122252362	0	5355	3770	3939	5368
122252462	0	5369	3803	3958	5368
122252562	0	5369	3775	3953	5322
122252662	0	5345	3743	3944	5322
122252762	0	5364	3743	3986	5336
122252862	0	5340	3761	3967	5377
122252962	0	5364	3785	3939	5363
122253062	0	5350	3785	3963	5345
122253162	0	5345	3762	3967	5345
122253262	0	5369	3770	3972	5345
122253364	0	5355	3785	3944	5317
122253462	0	5345	3766	3963	5359
122253562	0	5336	3799	3958	5350
122253661	0	5359	3803	3972	5369
122253762	0	5326	3799	3953	5364
122253862	0	5345	3743	3949	5350
122253962	0	5369	3775	3982	5355
122254062	0	5345	3775	3986	5331
122254162	0	5336	3757	3972	5355
122254262	0	5359	3775	3949	5336
122254362	0	5363	3822	3944	5350
122254461	0	5331	3799	3953	5382
122254563	0	5359	3785	3972	5331
122254662	0	5373	3780	3972	5396
122254762	0	5336	3794	3977	5317
122254862	0	5373	3770	3977	5355
122254962	0	5364	3803	3963	5298
122255062	0	5355	3775	3958	5415
122255162	0	5340	3780	3949	5369
122255262	0	5359	3799	3963	5363
122255362	0	5355	3756	3982	5363
122255462	0	5369	3775	3953	5331
122255562	0	5363	3761	3986	5369
122255661	0	5359	3803	3982	5331
122255762	0	5369	3770	3977	5322
122255862	0	5340	3770	3949	5350
122255962	0	5373	3770	3949	5359
122256062	0	5359	3766	3986	5336
122256162	0	5373	3799	3982	5345
122256262	0	5369	3794	3986	5368
122256362	0	5369	3799	3977	5391
122256462	0	5364	3770	3958	5369
122256561	0	5355	3756	3958	5331
122256662	0	5359	3770	3958	5326
122256762	0	5369	3756	3986	5350
122256861	0	5355	3785	3986	5331
122256962	0	5336	3770	3953	5401
122257062	0	5364	3766	4000	5345
122257162	0	5359	3780	3953	5363
122257262	0	5350	3766	3953	5359
122257374	0	5363	3780	3991	5368
122257478	0	5363	3799	3972	5363
122257562	0	5340	3789	3963	5364
122257662	0	5359	3789	3963	5336
122257762	0	5350	3799	3986	5345
122257861	0	5340	3770	3982	5359
122257962	0	5350	3766	3986	5364
122258061	0	5364	3803	3953	5340
122258162	0	5369	3789	3972	5317
122258262	0	5373	3766	3944	5364
122258362	0	5355	3799	3935	5382
122258463	0	5359	3775	3991	5326
122258562	0	5364	3780	3939	5336
122258662	0	5363	3762	3939	5340
122258762	0	5350	3780	3963	5322
122258862	0	5373	3789	3991	5331
122258962	0	5369	3785	3958	5303
122259062	0	5312	3770	3953	5345
122259162	0	5369	3761	3949	5391
122259262	0	5364	3761	3963	5355
122259362	0	5377	3789	3935	5340
122259462	0	5336	3775	3949	5369
122259564	0	5369	3766	3953	5377
122259662	0	5336	3789	3958	5340
122259762	0	5363	3770	3967	5355
122259862	0	5345	3799	3944	5340
122259962	0	5350	3799	3949	5317
122300062	0	5359	3789	3939	5359
122300162	0	5369	3761	3977	5364
122300261	0	5340	3770	3944	5345
122300362	0	5359	3766	3977	5382
122300462	0	5364	3775	3935	5363
122300562	0	5350	3752	3935	5355
122300662	0	5359	3766	3958	5340
122300762	0	5350	3766	3939	5331
122300861	0	5355	3822	3930	5359
122300962	0	5355	3756	3939	5364
122301061	0	5363	3762	3977	5345
122301161	0	5350	3761	3953	5368
122301262	0	5364	3789	3925	5377
122301362	0	5369	3766	3935	5336
122301462	0	5340	3766	3963	5340
122301562	0	5363	3775	3958	5377
122301662	0	5345	3780	3972	5368
122301762	0	5364	3803	3963	5303
122301864	0	5364	3799	3958	5340
122301962	0	5377	3808	3967	5345
122302062	0	5350	3770	3939	5340
122302162	0	5345	3822	3939	5350
122302262	0	5364	3770	3982	5308
122302362	0	5364	3756	3977	5377
122302462	0	5336	3766	3967	5355
122302561	0	5340	3813	3977	5364
122302661	0	5364	3780	3935	5340
122302761	0	5336	3785	3967	5359
122302862	0	5369	3794	3953	5350
122302960	0	5359	3813	3953	5373
122303060	0	5312	3803	3963	5364
122303160	0	5355	3789	3958	5363
122303260	0	5359	3775	3967	5382
122303360	0	5340	3748	3944	5355
122303459	0	5373	3785	3944	5340
122303559	0	5345	3789	3944	5359
122303664	0	5359	3794	3958	5364
122303760	0	5350	3775	3944	5355
122303859	0	5369	3799	3944	5340
122303959	0	5364	3761	3958	5322
122304060	0	5368	3822	3958	5382
122304160	0	5359	3794	3944	5350
122304260	0	5345	3766	3977	5345
122304360	0	5359	3799	3958	5369
122304460	0	5331	3799	3982	5359
122304560	0	5363	3794	3944	5368
122304660	0	5368	3780	3972	5377
122304760	0	5369	3789	3953	5308
122304860	0	5350	3775	3949	5345
122304960	0	5350	3808	3982	5369
122305060	0	5359	3785	3996	5369
122305160	0	5340	3799	3958	5336
122305260	0	5369	3780	3982	5308
122305360	0	5345	3803	3991	5331
122305460	0	5364	3794	3972	5336
122305560	0	5350	3766	3953	5355
122305660	0	5350	3803	3953	5331
122305760	0	5345	3799	3939	5373
122305860	0	5317	3808	3996	5377
122305960	0	5603	3775	3967	5373
122306059	0	5579	3770	3991	5340
122306160	0	5598	3799	3963	5363
122306259	0	5369	3799	3953	5345
122306359	0	5369	3756	3991	5406
122306460	0	5308	3799	3958	5359
122306560	0	5317	3794	3996	5317
122306660	0	5355	3761	3949	5387
122306760	0	5364	3803	3967	5340
122306860	0	5355	3794	3949	5373
122306960	0	5369	3770	3935	5331
122307060	0	5336	3789	3953	5369
122307159	0	5363	3775	3953	5363
122307259	0	5359	3770	3996	5363
122307359	0	5350	3757	3958	5373
122307460	0	5322	3789	3953	5340
122307559	0	5326	3785	3972	5350
122307659	0	5312	3789	3986	5387
122307764	0	5664	3761	3991	5336
122307860	0	5368	3756	4000	5391
122307960	0	5364	3785	3958	5401
122308060	0	5355	3748	3996	5340
122308159	0	5326	3775	3953	5331
122308259	0	5355	3803	3939	5312
122308360	0	5364	3813	3963	5396
122308459	0	5364	3813	3944	5359
122308560	0	5359	3808	3991	5331
122308659	0	5355	3803	3972	5401
122308760	0	5345	3775	3949	5336
122308860	0	5359	3766	3939	5322
122308959	0	5326	3766	3949	5355
122309059	0	5345	3799	3958	5377
122309160	0	5359	3813	3991	5322
122309260	0	5355	3799	3986	5377
122309360	0	5369	3775	3939	5359
122309460	0	5322	3761	3949	5326
122309560	0	5350	3789	3967	5373
122309659	0	5364	3817	3967	5326
122309760	0	5369	3803	3935	5326
122309859	0	5369	3799	3972	5364
122309959	0	5369	3780	3958	5340
122310059	0	5331	3799	3949	5350
122310159	0	5369	3789	3939	5363
122310260	0	5322	3775	3953	5363
122310359	0	5345	3789	3935	5363
122310460	0	5345	3785	3991	5355
122310660	0	5373	3766	3991	5363
122310760	0	5336	3766	3958	5377
122310860	0	5369	3789	3972	5363
122310960	0	5340	3761	3944	5345
122311059	0	5364	3822	3991	5322
122311160	0	5336	3794	3972	5326
122311259	0	5369	3794	3935	5345
122311359	0	5340	3794	3949	5364
122311459	0	5364	3770	3935	5326
122311559	0	5350	3789	3963	5317
122311660	0	5340	3775	3967	5369
122311760	0	5377	3799	3949	5340
122311864	0	5364	3770	3949	5331
122311960	0	5364	3808	3963	5368
122312060	0	5363	3770	3991	5368
122312159	0	5359	3789	3949	5340
122312260	0	5350	3770	3949	5369
122312359	0	5345	3785	3996	5312
122312459	0	5359	3766	3972	5401
122312560	0	5364	3761	3982	5322
122312659	0	5369	3794	3939	5331
122312759	0	5317	3775	3963	5364
122312859	0	5369	3766	3953	5298
122312959	0	5363	3785	3977	5298
122313060	0	5350	3757	3949	5317
122313159	0	5331	3799	3949	5396
122313260	0	5340	3799	3949	5396
122313360	0	5322	3775	3953	5331
122313460	0	5355	3785	3949	5322
122313560	0	5331	3780	3944	5340
122313659	0	5364	3817	3972	5350
122313759	0	5364	3803	3935	5368
122313859	0	5364	3785	3977	5350
122313959	0	5369	3785	3953	5336
122314060	0	5345	3761	3958	5355
122314159	0	5364	3762	3958	5401
122314260	0	5359	3780	3958	5345
122314360	0	5331	3761	3953	5350
122314460	0	5355	3766	3949	5340
122314560	0	5340	3799	3944	5387
122314660	0	5312	3813	3939	5294
122314760	0	5363	3817	3944	5406
122314859	0	5355	3770	3977	5303
122314960	0	5345	3757	3935	5326
122315060	0	5350	3827	3949	5382
122315159	0	5364	3766	3949	5369
122315259	0	5359	3766	3958	5363
122315360	0	5364	3799	3977	5336
122315459	0	5363	3794	3953	5359
122315560	0	5317	3794	3982	5364
122315660	0	5364	3743	3939	5406
122315759	0	5359	3780	3958	5359
122315859	0	5369	3794	3958	5336
122315964	0	5345	3780	3982	5382
122316060	0	5363	3752	3944	5377
122316160	0	5369	3775	3972	5369
122316260	0	5363	3761	3963	5373
122316360	0	5336	3761	3958	5303
122316459	0	5345	3770	3949	5363
122316559	0	5387	3785	3935	5350
122316659	0	5350	3780	3935	5382
122316760	0	5359	3785	3949	5396
122316859	0	5363	3785	3939	5345
122316960	0	5369	3756	3958	5331
122317060	0	5340	3770	3958	5373
122317159	0	5359	3785	3939	5345
122317259	0	5355	3762	3967	5317
122317360	0	5331	3775	3963	5363
122317460	0	5355	3770	4005	5406
122317560	0	5363	3762	3967	5415
122317659	0	5363	3780	3991	5340
122317759	0	5369	3766	3986	5355
122317859	0	5345	3785	4000	5368
122317959	0	5350	3770	3967	5368
122318060	0	5373	3770	3996	5369
122318160	0	5368	3757	3953	5340
122318260	0	5355	3775	3958	5345
122318360	0	5331	3752	3963	5377
122318459	0	5364	3770	3944	5308
122318560	0	5355	3780	3977	5364
122318660	0	5355	3822	3944	5391
122318760	0	5345	3785	3944	5336
122318859	0	5369	3794	3958	5336
122318959	0	5355	3757	3939	5401
122319060	0	5363	3794	3939	5336
122319160	0	5369	3799	3944	5350
122319259	0	5363	3775	3953	5387
122319359	0	5369	3799	3944	5350
122319459	0	5345	3770	3958	5368
122319559	0	5355	3794	3949	5377
122319660	0	5350	3775	3939	5345
122319759	0	5382	3775	3982	5396
122319860	0	5364	3785	3939	5345
122319959	0	5368	3780	3944	5331
122320064	0	5340	3799	3986	5298
122320160	0	5368	3762	3982	5363
122320259	0	5369	3780	3977	5359
122320360	0	5322	3785	3982	5355
122320460	0	5340	3794	3953	5355
122320559	0	5350	3761	3953	5345
122320659	0	5369	3799	3967	5331
122320760	0	5345	3775	3930	5312
122320859	0	5369	3799	3935	5345
122321060	0	5369	3817	3963	5350
122321160	0	5350	3808	3944	5387
122321260	0	5350	3785	3972	5355
122321360	0	5364	3756	3972	5355
122321460	0	5355	3761	3939	5396
122321559	0	5368	3785	3958	5350
122321660	0	5912	3756	3986	5364
122321759	0	6325	3803	3977	5396
122321860	0	6985	3762	3977	5345
122321960	0	7013	3808	3963	5317
122322059	0	7018	3770	3963	5326
122322159	0	7018	3775	3972	5364
122322259	0	7013	3803	3977	5382
122322360	0	6994	3770	3977	5382
122322459	0	6292	3757	3977	5322
122322560	0	5387	3770	3972	5373
122322660	0	5377	3799	3972	5382
122322760	0	5363	3766	3939	5377
122322859	0	5355	3794	3972	5336
122322960	0	5359	3748	3949	5368
122323059	0	5369	3780	3977	5355
122323160	0	5336	3780	3972	5369
122323259	0	5363	3770	3958	5369
122323359	0	5355	3794	3986	5391
122323460	0	5377	3770	3958	5350
122323560	0	5377	3780	3958	5377
122323660	0	5369	3770	3958	5336
122323759	0	5364	3766	3944	5331
122323860	0	5350	3794	3963	5373
122323959	0	5364	3766	3949	5355
122324060	0	5364	3762	3949	5350
122324164	0	5359	3780	3944	5359
122324260	0	5377	3780	3944	5350
122324359	0	5355	3789	3944	5345
122324459	0	5368	3775	3939	5391
122324559	0	5359	3770	3921	5363
122324659	0	5373	3799	3939	5355
122324759	0	5340	3766	3963	5396
122324860	0	5368	3756	3925	5369
122324959	0	5382	3794	3953	5322
122325059	0	5355	3756	3958	5369
122325159	0	5359	3789	3911	5363
122325259	0	5363	3775	3967	5345
122325359	0	5364	3789	3930	5364
122325460	0	5359	3770	3935	5345
122325559	0	5368	3789	3963	5373
122325659	0	5359	3752	3930	5368
122325759	0	5345	3780	3963	5369
122325860	0	5363	3770	3944	5355
122325960	0	5369	3785	3935	5345
122326059	0	5363	3761	3972	5382
122326159	0	5369	3775	3939	5369
122326260	0	5363	3761	3925	5363
122326359	0	5368	3775	3925	5373
122326459	0	5368	3775	3939	5363
122326560	0	5322	3770	3944	5364
122326659	0	5355	3794	3930	5369
122326759	0	5368	3756	3925	5345
122326860	0	5368	3794	3963	5336
122326960	0	5355	3794	3967	5350
122327060	0	5368	3794	3963	5359
122327159	0	5345	3761	3953	5350
122327259	0	5340	3799	3939	5345
122327360	0	5363	3789	3944	5368
122327460	0	5363	3761	3977	5345
122327559	0	5364	3770	3963	5363
122327659	0	5363	3785	3953	5350
122327764	0	5364	3761	3935	5345
122327860	0	5326	3799	3953	5364
122327960	0	5364	3766	3953	5322
122328059	0	5377	3780	3953	5340
122328160	0	5359	3794	3949	5387
122328263	0	5369	3799	3949	5345
122328360	0	5364	3799	3996	5336
122328460	0	5350	3770	3949	5350
122328559	0	5368	3780	3953	5340
122328659	0	5359	3775	3944	5363
122328759	0	5326	3775	3977	5369
122328859	0	5350	3785	3958	5340
122328959	0	5368	3757	3967	5331
122329060	0	5350	3794	3958	5355
122329160	0	5369	3762	3982	5322
122329259	0	5369	3748	3996	5377
122329360	0	5363	3766	3967	5350
122329459	0	5331	3761	3949	5336
122329559	0	5363	3770	3958	5396
122329659	0	5363	3766	3972	5363
122329760	0	5368	3794	3949	5359
122329859	0	5364	3756	3963	5312
122329959	0	5369	3785	3963	5322
122330059	0	5350	3789	3953	5350
122330160	0	5368	3756	3949	5331
122330260	0	5369	3766	3949	5368
122330359	0	5373	3803	3982	5345
122330460	0	5364	3799	4000	5336
122330559	0	5369	3785	3996	5369
122330660	0	5369	3799	4000	5391
122330760	0	5359	3756	3986	5368
122330859	0	5364	3761	3982	5364
122330959	0	5368	3766	3982	5350
122331060	0	5363	3761	3986	5387
122331159	0	5355	3766	3958	5336
122331259	0	5364	3780	3977	5410
122331359	0	5363	3761	3953	5364
122331459	0	5364	3775	3986	5336
122331559	0	5364	3817	3949	5363
122331660	0	5363	3789	3967	5322
122331759	0	5364	3789	4005	5340
122331860	0	5331	3780	3996	5350
122331960	0	5364	3799	3982	5317
122332059	0	5369	3761	3958	5312
122332159	0	5359	3761	3986	5382
122332259	0	5331	3770	3958	5359
122332363	0	5340	3794	3977	5391
122332459	0	5355	3799	3996	5336
122332560	0	5382	3785	3958	5317
122332660	0	5336	3761	3977	5406
122332759	0	5363	3775	3982	5364
122332859	0	5355	3794	3967	5359
122332959	0	5369	3780	3963	5387
122333060	0	5355	3775	3953	5336
122333159	0	5340	3761	3953	5373
122333260	0	5355	3761	3944	5317
122333359	0	5369	3770	3944	5355
122333459	0	5326	3766	3944	5331
122333559	0	5363	3766	3949	5355
122333659	0	5377	3766	3953	5340
122333759	0	5364	3785	3949	5336
122333859	0	5382	3803	3958	5382
122333959	0	5369	3780	3944	5396
122334060	0	5363	3770	3977	5359
122334159	0	5363	3785	3977	5363
122334260	0	5377	3770	3944	5364
122334359	0	5359	3770	3939	5345
122334459	0	5364	3785	3949	5312
122334559	0	5359	3775	3944	5336
122334660	0	5373	3761	3944	5336
122334759	0	5373	3775	3967	5326
122334859	0	5377	3766	3967	5350
122334960	0	5377	3794	3963	5336
122335060	0	5377	3761	3935	5336
122335159	0	5363	3775	3982	5326
122335259	0	5359	3770	3949	5308
122335359	0	5359	3770	3958	5369
122335459	0	5377	3766	3958	5317
122335559	0	5369	3770	3944	5336
122335660	0	5364	3785	3986	5350
122335759	0	5369	3789	3958	5387
122335860	0	5373	3780	3944	5298
122335959	0	5359	3813	3967	5369
122336059	0	5373	3770	3958	5359
122336360	0	5345	3770	3944	5391
122336463	0	5364	3738	3963	5363
122336560	0	5364	3752	3944	5340
122336659	0	5345	3734	3939	5336
122336760	0	5359	3770	3977	5350
122336874	0	5355	3757	3963	5406
122336973	0	5340	3785	3944	5345
122337059	0	5364	3803	3958	5396
122337159	0	5364	3766	3967	5364
122337259	0	5369	3770	3967	5364
122337359	0	5369	3752	3986	5369
122337460	0	5350	3780	3972	5336
122337559	0	5355	3766	3991	5382
122337659	0	5359	3770	3996	5369
122337760	0	5364	3770	3958	5369
122337859	0	5355	3761	3986	5336
122337959	0	5359	3762	3963	5331
122338059	0	5363	3780	3982	5345
122338159	0	5355	3775	4000	5340
122338259	0	5363	3775	3963	5340
122338359	0	5364	3766	3972	5336
122338460	0	5359	3766	3996	5350
122338559	0	5373	3752	3972	5364
122338660	0	5345	3756	4005	5326
122338760	0	5350	3770	3986	5368
122338859	0	5377	3766	4010	5364
122338959	0	5355	3775	4005	5373
122339059	0	5369	3803	3953	5336
122339160	0	5364	3761	3958	5368
122339260	0	5359	3770	3991	5368
122339359	0	5359	3789	3972	5364
122339459	0	5364	3752	3963	5322
122339559	0	5350	3799	3991	5406
122339659	0	5355	3794	3967	5368
122339760	0	5364	3799	3986	5345
122339859	0	5340	3762	3972	5369
122339960	0	5369	3766	3996	5391
122340059	0	5363	3762	3953	5373
122340159	0	5369	3761	3967	5369
122340259	0	5364	3799	3996	5340
122340359	0	5350	3813	3982	5369
122340459	0	5350	3748	3967	5369
122340563	0	5363	3766	3944	5382
122340659	0	5363	3766	3949	5355
122340759	0	5359	3794	3944	5369
122340860	0	5340	3757	3991	5308
122340959	0	5350	3780	3935	5350
122341060	0	5355	3756	4005	5331
122341159	0	5350	3789	4005	5377
122341260	0	5350	3794	3967	5326
122341360	0	5345	3752	3986	5350
122341460	0	5364	3756	4010	5359
122341559	0	5350	3766	4000	5345
122341659	0	5364	3770	3977	5364
122341760	0	5359	3785	3996	5368
122341860	0	5363	3757	3986	5322
122341959	0	5368	3770	3958	5363
122342059	0	5363	3756	3967	5312
122342160	0	5364	3775	3967	5308
122342259	0	5355	3770	4000	5312
122342359	0	5345	3756	4000	5363
122342459	0	5355	3761	4005	5368
122342559	0	5355	3766	3958	5312
122342660	0	5363	3770	3967	5322
122342759	0	5355	3761	4005	5340
122342859	0	5364	3770	4005	5345
122342959	0	5355	3756	3967	5322
122343060	0	5359	3794	3958	5363
122343159	0	5345	3785	4010	5377
122343259	0	5364	3775	3996	5317
122343359	0	5350	3766	3958	5369
122343459	0	5368	3794	3991	5312
122343559	0	5364	3794	4010	5336
122343659	0	5364	3757	3963	5336
122343759	0	5363	3766	3958	5369
122343860	0	5350	3817	3953	5369
122343959	0	5369	3780	3958	5336
122344060	0	5364	3780	3958	5308
122344159	0	5363	3756	3967	5345
122344259	0	5363	3775	3967	5331
122344359	0	5364	3761	3963	5345
122344459	0	5363	3775	3991	5326
122344559	0	5363	3775	3967	5396
122344663	0	5369	3799	3991	5373
122344760	0	5350	3762	3986	5369
122344859	0	5331	3761	3986	5363
122344960	0	5369	3794	3977	5391
122345059	0	5382	3780	3967	5355
122345159	0	5382	3761	3972	5331
122345259	0	5373	3766	3972	5387
122345359	0	5363	3780	3986	5350
122345459	0	5350	3836	3939	5326
122345559	0	5359	3799	3949	5355
122345660	0	5359	3762	3949	5322
122345759	0	5368	3789	3939	5368
122345859	0	5373	3808	3949	5387
122345960	0	5359	3789	3949	5364
122346059	0	5363	3785	3949	5336
122346159	0	5369	3761	3967	5336
122346260	0	5368	3789	3986	5345
122346359	0	5363	3770	3991	5345
122346459	0	5345	3780	3996	5396
122346560	0	5369	3766	4000	5373
122346659	0	5355	3780	3949	5322
122346759	0	5369	3813	3986	5340
122346859	0	5368	3762	3967	5364
122346960	0	5364	3757	3996	5369
122347059	0	5359	3770	3953	5359
122347160	0	5355	3789	3944	5340
122347259	0	5364	3803	3949	5368
122347360	0	5363	3761	3991	5377
122347460	0	5355	3770	3949	5359
122347559	0	5345	3766	3991	5345
122347659	0	5364	3799	3996	5336
122347759	0	5364	3770	3991	5340
122347859	0	5369	3785	3944	5373
122347959	0	5364	3770	3996	5322
122348059	0	5368	3794	3963	5336
122348159	0	5331	3785	3996	5377
122348260	0	5336	3761	3963	5336
122348359	0	5350	3775	3939	5331
122348460	0	5336	3761	4000	5364
122348559	0	5355	3766	3958	5331
122348659	0	5336	3780	3986	5336
122348763	0	6746	3789	4000	5364
122348859	0	6029	3817	3991	5373
122348959	0	5336	3762	3939	5345
122349059	0	5317	3743	3967	5336
122349159	0	6034	3761	3977	5355
122349259	0	5345	3770	3986	5401
122349360	0	5369	3785	3953	5359
122349459	0	5369	3799	3953	5369
122349560	0	5368	3794	3963	5350
122349660	0	5363	3799	3972	5359
122349760	0	6133	3813	3991	5345
122349859	0	5532	3817	3958	5322
122349959	0	5368	3803	3967	5373
122350059	0	5373	3789	3982	5364
122350159	0	5359	3752	3953	5368
122350259	0	5340	3766	3967	5363
122350359	0	5363	3780	3986	5368
122350459	0	6090	3775	3958	5363
122350559	0	6980	3789	3972	5331
122350660	0	6882	3761	3958	5369
122350759	0	6015	3794	3953	5369
122350859	0	5345	3766	3967	5340
122350960	0	5382	3762	3939	5396
122351059	0	5368	3775	3963	5355
122351159	0	5369	3770	3935	5368
122351259	0	5345	3761	3939	5345
122351359	0	5345	3756	3967	5364
122351460	0	5363	3775	3949	5364
122351559	0	5340	3789	3953	5377
122351659	0	5387	3794	3939	5382
122351759	0	5340	3770	3953	5363
122351859	0	5364	3761	3944	5355
122351959	0	5364	3780	3958	5355
122352060	0	5364	3794	3935	5326
122352159	0	5364	3794	3939	5363
122352259	0	5363	3789	3963	5298
122352359	0	5363	3785	3944	5364
122352459	0	5387	3799	3963	5373
122352559	0	5369	3780	3949	5391
122352659	0	5331	3770	3949	5391
122352760	0	5350	3789	3949	5312
122352863	0	5359	3775	3935	5363
122352959	0	5364	3775	3944	5368
122353060	0	5326	3775	3944	5336
122353159	0	5355	3766	3958	5326
122353260	0	5331	3766	3921	5387
122353359	0	5350	3780	3967	5359
122353460	0	5364	3794	3939	5368
122353559	0	5364	3785	3972	5373
122353659	0	5350	3794	3944	5363
122353759	0	5350	3775	3939	5345
122353859	0	5355	3794	3953	5340
122353959	0	5355	3775	3953	5364
122354059	0	5363	3794	3944	5322
122354159	0	5355	3789	3935	5340
122354259	0	5345	3785	3939	5350
122354359	0	5359	3789	3939	5317
122354459	0	5355	3780	3953	5401
122354559	0	5331	3808	3953	5336
122354659	0	5336	3789	3949	5350
122354759	0	5359	3803	3953	5322
122354859	0	5345	3785	3949	5345
122354959	0	5340	3761	3949	5359
122355059	0	5331	3766	3972	5331
122355159	0	5345	3780	3953	5350
122355259	0	5331	3799	3953	5359
122355359	0	5369	3761	3967	5326
122355459	0	5345	3775	3963	5369
122355559	0	5369	3770	3967	5364
122355659	0	5364	3770	3949	5317
122355759	0	5345	3762	3953	5345
122355859	0	5350	3817	3935	5345
122355959	0	5336	3794	3935	5359
122356059	0	5340	3785	3935	5331
122356159	0	5326	3808	3930	5355
122356260	0	5331	3761	3958	5326
122356359	0	5345	3785	3939	5377
122356459	0	5326	3799	3967	5364
122356559	0	5350	3766	3935	5369
122356659	0	5350	3775	3949	5322
122356759	0	5340	3756	3949	5377
122356860	0	5364	3780	3944	5369
122356963	0	5359	3780	3963	5401
122357059	0	5345	3761	3982	5369
122357159	0	5350	3780	3963	5326
122357259	0	5345	3756	3944	5359
122357359	0	5340	3775	3953	5369
122357459	0	5350	3761	3953	5368
122357559	0	5355	3766	3986	5336
122357659	0	5369	3770	3944	5391
122357759	0	5350	3761	3953	5396
122357859	0	5336	3757	3977	5350
122357960	0	5359	3775	3944	5355
122358059	0	5364	3770	3939	5377
122358159	0	5340	3780	3953	5377
122358260	0	5355	3761	3944	5331
122358360	0	5369	3766	3982	5326
122358459	0	5350	3757	3958	5377
122358560	0	5336	3766	3963	5336
122358659	0	5331	3766	3963	5359
122358759	0	5364	3766	3982	5401
122358859	0	5345	3770	3944	5345
122358960	0	5336	3770	3953	5345
122359059	0	5359	3770	3944	5336
122359160	0	5355	3766	3963	5336
122359259	0	5331	3766	3949	5368
122359360	0	5322	3780	3953	5369
122359459	0	5369	3770	3949	5326
122359559	0	5345	3780	3972	5369
122359659	0	5364	3799	3944	5369
122359759	0	5369	3761	3935	5359
122359859	0	5331	3780	3963	5350
122359958	0	5336	3770	3982	5359
122400058	0	5359	3761	3967	5345
122400159	0	5345	3789	3944	5415
122400259	0	5997	3775	3982	5373
122400359	0	5308	3770	3944	5373
122400459	0	5294	3785	3972	5424
122400559	0	5987	3780	3953	5368
122400659	0	5959	3794	3949	5331
122400759	0	5317	3780	3953	5391
122400859	0	6006	3770	3967	5359
122400959	0	5992	3762	3949	5364
122401063	0	6011	3803	3977	5373
122401159	0	5303	3780	3944	5350
122401258	0	5298	3794	3949	5382
122401358	0	5298	3770	3963	5322
122401459	0	5978	3794	3967	5377
122401559	0	5364	3803	3967	5363
122401659	0	5377	3766	3986	5410
122401758	0	5368	3757	3944	5373
122401858	0	5368	3756	3939	5401
122401958	0	5359	3756	3982	5345
122402058	0	5364	3780	3949	5401
122402158	0	5355	3761	3958	5415
122402258	0	5355	3761	3967	5415
122402358	0	5363	3780	3939	5373
122402459	0	5345	3762	3967	5369
122402559	0	5369	3780	3982	5350
122402659	0	5326	3789	3977	5387
122402759	0	5331	3756	3935	5317
122402859	0	5350	3789	3977	5396
122402959	0	5336	3761	3953	5363
122403059	0	5331	3770	3967	5364
122403159	0	5312	3789	3953	5396
122403259	0	5322	3766	3986	5363
122403359	0	5350	3761	3972	5401
122403459	0	5326	3789	3949	5387
122403558	0	5317	3813	3953	5340
122403658	0	5312	3785	3963	5410
122403758	0	5326	3808	3939	5350
122403858	0	5312	3762	3944	5368
122403958	0	5317	3766	3939	5401
122404058	0	5322	3766	3953	5340
122404158	0	5317	3785	3944	5340
122404259	0	5355	3799	3949	5331
122404359	0	5359	3785	3958	5359
122404459	0	5336	3761	3977	5340
122404559	0	5326	3762	3991	5364
122404659	0	5336	3794	3944	5345
122404759	0	5326	3817	3949	5336
122404859	0	5355	3775	3958	5317
122404959	0	5340	3757	3982	5345
122405059	0	5345	3803	3982	5415
122405163	0	5336	3775	3949	5364
122405258	0	5340	3803	3949	5364
122405358	0	5336	3766	3986	5387
122405458	0	5355	3813	3972	5382
122405558	0	5326	3803	3958	5415
122405658	0	5350	3808	3967	5345
122405758	0	5331	3813	3963	5340
122405858	0	5340	3770	3944	5415
122405959	0	5368	3770	3949	5415
122406059	0	5326	3775	3991	5363
122406159	0	5340	3762	3972	5350
122406259	0	5345	3789	3944	5364
122406359	0	5340	3780	3949	5401
122406459	0	5340	3794	3953	5298
122406559	0	5317	3770	3986	5387
122406659	0	5322	3808	3958	5415
122406759	0	5312	3761	3972	5401
122406859	0	5331	3762	3939	5355
122406959	0	5355	3785	3949	5424
122407058	0	5355	3757	3977	5369
122407158	0	5355	3803	3949	5387
122407258	0	5340	3770	3953	5350
122407358	0	5363	3799	3986	5424
122407458	0	5331	3752	3991	5396
122407558	0	5345	3770	3939	5391
122407658	0	5359	3761	3949	5308
122407759	0	5363	3766	3967	5391
122407859	0	5359	3808	3958	5345
122407959	0	5340	3803	3949	5415
122408059	0	5322	3770	3991	5359
122408159	0	5303	3761	3953	5387
122408259	0	5317	3766	3958	5359
122408359	0	5359	3770	3949	5336
122408459	0	5317	3799	3958	5369
122408559	0	5364	3785	3953	5391
122408659	0	5359	3794	3953	5391
122408758	0	5345	3752	3949	5396
122408858	0	5359	3780	3967	5331
122408958	0	5359	3822	3939	5355
122409058	0	5312	3780	3977	5322
122409158	0	5322	3785	3977	5396
122409263	0	5322	3780	3982	5369
122409358	0	5355	3775	3958	5364
122409459	0	5364	3794	3939	5382
122409559	0	5359	3756	3977	5355
122409659	0	5350	3756	3930	5387
122409759	0	5359	3752	3972	5369
122409859	0	5331	3770	3977	5322
122409959	0	5312	3808	3939	5373
122410059	0	5359	3794	3972	5363
122410159	0	5345	3808	3944	5391
122410259	0	5355	3813	3953	5355
122410359	0	5359	3775	3958	5382
122410459	0	5350	3785	3949	5363
122410558	0	5331	3799	3982	5340
122410658	0	5331	3770	3944	5312
122410758	0	5340	3803	3939	5382
122410858	0	5364	3780	3944	5369
122410958	0	5355	3775	3982	5364
122411058	0	5355	3789	3939	5387
122411158	0	5326	3766	3953	5420
122411259	0	5336	3794	3982	5369
122411359	0	5363	3780	3958	5317
122411459	0	5326	3789	3939	5424
122411571	0	5345	3761	3982	5373
122411671	0	5359	3794	3982	5434
122411759	0	5355	3770	3963	5391
122411859	0	5359	3775	3949	5322
122411959	0	5350	3762	3972	5355
122412059	0	5350	3770	3949	5387
122412159	0	5340	3775	3991	5382
122412259	0	5331	3808	3991	5364
122412358	0	5326	3789	3963	5429
122412458	0	5336	3799	3986	5391
122412558	0	5355	3794	3939	5363
122412658	0	5331	3785	3949	5326
122412758	0	5345	3775	3967	5326
122412858	0	5359	3785	3972	5420
122412959	0	5359	3780	3958	5340
122413059	0	5364	3780	3949	5331
122413159	0	5322	3803	3991	5331
122413259	0	5355	3756	3949	5364
122413363	0	5368	3799	3986	5377
122413459	0	5331	3761	3939	5336
122413559	0	5364	3785	3986	5406
122413659	0	5363	3785	3967	5396
122413759	0	5340	3785	3991	5350
122413859	0	5345	3799	3972	5369
122413959	0	5326	3785	3982	5322
122414059	0	5369	3794	3944	5377
122414159	0	5336	3780	3967	5391
122414259	0	5326	3794	3944	5406
122414359	0	5340	3794	3967	5355
122414459	0	5322	3785	3977	5322
122414559	0	5312	3780	3949	5345
122414659	0	5322	3766	3986	5363
122414759	0	5359	3794	3944	5340
122414859	0	5340	3775	3967	5373
122414960	0	5359	3780	3939	5387
122415059	0	5345	3808	3982	5363
122415159	0	5359	3775	3986	5396
122415359	0	5355	3770	3935	5387
122415460	0	5336	3761	3977	5373
122415560	0	5359	3766	3996	5377
122415659	0	5336	3761	3982	5359
122415759	0	5355	3799	3977	5368
122415859	0	5322	3785	3958	5355
122415959	0	5369	3789	3977	5350
122416060	0	5355	3785	3982	5373
122416159	0	5331	3780	3996	5369
122416259	0	5355	3785	3939	5303
122416359	0	5350	3770	3944	5359
122416459	0	5331	3789	3949	5331
122416559	0	5359	3775	3953	5336
122416659	0	5322	3761	3949	5359
122416759	0	5340	3780	4000	5363
122416859	0	5331	3817	3963	5368
122416960	0	5359	3775	3982	5340
122417059	0	5350	3780	3991	5350
122417159	0	5359	3803	3944	5350
122417259	0	5345	3789	3967	5448
122417359	0	5326	3770	3986	5382
122417463	0	5340	3785	3944	5336
122417559	0	5340	3780	3982	5331
122417660	0	5359	3785	3991	5336
122417759	0	5355	3761	3949	5350
122417859	0	5345	3757	3958	5312
122417959	0	5350	3803	3944	5317
122418059	0	5350	3803	3963	5368
122418159	0	5340	3813	3967	5359
122418259	0	5355	3756	3944	5345
122418359	0	5359	3794	3953	5359
122418459	0	5363	3780	3944	5331
122418559	0	5345	3761	3982	5303
122418659	0	5336	3785	3935	5355
122418759	0	5345	3756	3972	5355
122418859	0	5345	3799	3958	5340
122418959	0	5359	3762	3949	5340
122419059	0	5326	3803	4005	5345
122419159	0	5340	3775	3958	5369
122419258	0	5345	3775	3977	5350
122419358	0	5355	3785	3944	5369
122419458	0	5340	3780	3991	5359
122419563	0	5317	3789	3986	5387
122419658	0	5350	3785	3972	5364
122419758	0	5331	3775	3963	5359
122419858	0	5350	3794	3958	5331
122419958	0	5345	3789	3991	5429
122420059	0	5336	3785	3953	5326
122420159	0	5336	3785	3991	5369
122420259	0	5336	3756	3963	5396
122420359	0	5326	3756	3963	5322
122420459	0	5331	3803	3949	5429
122420559	0	5359	3766	3953	5434
122420659	0	5340	3794	3972	5340
122420759	0	5340	3794	3949	5336
122420859	0	5340	3756	3991	5429
122420959	0	5331	3770	3953	5363
122421058	0	5345	3770	3963	5391
122421158	0	5336	3756	3996	5340
122421258	0	5317	3766	3953	5387
122421358	0	5326	3775	3977	5350
122421458	0	5331	3775	3949	5382
122421560	0	5355	3756	3939	5387
122421658	0	5340	3789	3944	5396
122421759	0	5364	3780	3977	5345
122421859	0	5326	3770	3958	5363
122421959	0	5317	3780	3953	5359
122422059	0	5359	3799	3996	5364
122422159	0	5336	3738	3963	5396
122422259	0	5336	3794	3944	5350
122422359	0	5345	3756	3944	5317
122422459	0	5326	3761	3935	5406
122422559	0	5359	3752	3958	5359
122422659	0	5336	3794	3939	5382
122422758	0	5336	3817	3939	5369
122422858	0	5364	3762	3939	5359
122422958	0	5317	3808	3944	5359
122423058	0	5364	3761	3939	5336
122423158	0	5322	3770	3953	5382
122423258	0	5355	3789	3967	5340
122423358	0	5355	3785	3949	5363
122423458	0	5369	3752	3953	5373
122423559	0	5340	3794	3949	5387
122423659	0	5340	3756	3977	5438
122423759	0	5326	3822	3925	5359
122423859	0	5364	3785	3977	5336
122423959	0	5359	3780	3935	5350
122424059	0	5359	3775	3982	5312
122424159	0	5326	3799	3982	5350
122424259	0	5336	3775	3982	5387
122424359	0	5350	3770	3949	5317
122424459	0	5368	3808	3982	5410
122424558	0	5364	3808	3949	5364
122424658	0	5373	3794	3977	5326
122424758	0	5350	3789	3986	5359
122424858	0	5340	3770	3958	5350
122424958	0	5340	3822	3939	5377
122425058	0	5369	3775	3949	5396
122425158	0	5322	3794	3958	5350
122425258	0	5340	3799	3958	5312
122425359	0	5355	3762	3949	5443
122425459	0	5340	3766	3925	5340
122425559	0	5350	3789	3986	5363
122425661	0	5363	3775	3963	5350
122425759	0	5331	3756	3935	5382
122425859	0	5364	3789	3949	5340
122425959	0	5363	3761	3972	5364
122426059	0	5345	3780	3953	5377
122426159	0	5340	3766	3958	5359
122426258	0	5350	3766	3930	5345
122426358	0	5355	3775	3935	5364
122426458	0	5331	3770	3953	5345
122426558	0	5336	3761	3944	5350
122426658	0	5336	3789	3972	5340
122426758	0	5331	3761	3982	5369
122426859	0	5363	3761	3935	5350
122426958	0	5368	3766	3944	5377
122427059	0	5317	3766	3953	5401
122427159	0	5350	3794	3944	5331
122427259	0	5364	3756	3977	5322
122427359	0	5355	3756	3930	5340
122427459	0	5336	3780	3949	5345
122427559	0	5336	3813	3986	5369
122427659	0	5345	3766	3991	5331
122427759	0	5364	3813	3939	5340
122427859	0	5363	3729	3958	5363
122427959	0	5340	3799	3972	5308
122428058	0	5340	3762	3982	5345
122428158	0	5326	3766	3967	5326
122428258	0	5345	3785	3977	5326
122428358	0	5359	3757	3963	5340
122428458	0	5355	3780	3986	5317
122428558	0	5355	3794	4005	5326
122428658	0	5336	3817	3996	5420
122428759	0	5369	3766	3967	5448
122428859	0	5355	3785	3944	5345
122428959	0	5359	3762	3982	5322
122429059	0	5350	3785	3939	5345
122429159	0	5331	3748	3958	5345
122429257	0	5345	3780	3949	5373
122429357	0	5322	3780	3944	5331
122429457	0	5326	3756	3996	5363
122429557	0	5368	3813	3963	5363
122429657	0	5340	3761	3982	5355
122429760	0	5359	3803	3935	5317
122429856	0	5368	3766	3953	5345
122429956	0	5363	3756	3982	5345
122430056	0	5336	3789	3939	5359
122430156	0	5359	3761	3953	5377
122430256	0	5359	3756	3949	5336
122430356	0	5326	3803	3986	5326
122430456	0	5345	3799	3972	5322
122430557	0	5326	3756	3939	5368
122430657	0	5336	3770	3972	5369
122430757	0	5350	3803	3972	5350
122430857	0	5355	3757	3953	5331
122430957	0	5364	3808	3953	5331
122431057	0	5364	3770	3939	5326
122431157	0	5340	3813	3939	5369
122431257	0	5373	3761	3967	5303
122431357	0	5322	3756	3939	5363
122431457	0	5355	3775	3944	5336
122431557	0	5350	3761	3944	5322
122431657	0	5340	3803	3944	5359
122431757	0	5355	3762	3935	5350
122431857	0	5350	3794	3939	5345
122431957	0	5355	3794	3972	5340
122432057	0	5368	3775	3944	5350
122432157	0	5373	3803	3944	5312
122432257	0	5340	3762	3963	5331
122432357	0	5355	3757	3977	5345
122432457	0	5364	3770	3949	5336
122432557	0	5331	3775	3935	5373
122432657	0	5336	3794	3967	5336
122432757	0	5359	3789	3944	5420
122432857	0	5340	3756	3953	5350
122432957	0	5322	3761	3986	5331
122433057	0	5345	3770	3939	5345
122433157	0	5368	3766	3944	5377
122433257	0	5340	3775	3944	5322
122433357	0	5355	3789	3935	5359
122433457	0	5340	3794	3977	5387
122433557	0	5369	3794	3949	5340
122433657	0	5359	3827	3982	5345
122433757	0	5359	3789	3953	5363
122433861	0	5331	3803	3991	5410
122433957	0	5350	3770	3953	5420
122434057	0	5359	3775	3991	5326
122434157	0	5331	3770	3991	5326
122434257	0	5326	3785	3939	5373
122434357	0	5331	3780	3967	5331
122434457	0	5369	3770	3977	5448
122434558	0	5326	3799	3939	5345
122434757	0	5359	3762	3972	5336
122434857	0	5355	3770	3944	5350
122434957	0	5350	3766	3982	5317
122435057	0	5359	3794	3967	5340
122435157	0	5336	3775	3977	5317
122435257	0	5363	3817	3972	5326
122435357	0	5355	3789	3982	5340
122435457	0	5350	3813	3930	5373
122435557	0	5340	3770	3949	5364
122435657	0	5336	3756	3949	5345
122435757	0	5359	3794	3939	5331
122435857	0	5350	3756	3944	5331
122435957	0	5340	3770	3953	5355
122436057	0	5336	3808	3949	5340
122436157	0	5359	3780	3949	5406
122436257	0	5340	3813	3977	5377
122436357	0	5350	3761	3958	5368
122436457	0	5355	3780	3982	5322
122436557	0	5355	3817	3967	5406
122436657	0	5336	3803	3967	5350
122436757	0	5345	3803	3991	5345
122436857	0	5350	3789	3939	5377
122436957	0	5368	3756	3935	5350
122437058	0	5350	3813	3939	5369
122437157	0	5326	3813	3977	5363
122437257	0	5340	3775	3949	5345
122437357	0	5359	3799	3991	5415
122437457	0	5340	3761	3958	5424
122437557	0	5355	3770	3958	5368
122437657	0	5322	3757	3967	5322
122437757	0	5340	3817	3958	5387
122437857	0	5345	3752	3982	5420
122437962	0	5364	3789	3986	5373
122438057	0	5326	3808	3967	5368
122438157	0	5359	3761	3944	5396
122438257	0	5359	3794	3991	5429
122438357	0	5359	3770	3991	5410
122438457	0	5340	3756	3991	5387
122438557	0	5350	3794	3939	5312
122438657	0	5359	3766	3935	5345
122438757	0	5359	3808	3953	5336
122438857	0	5336	3803	3986	5350
122438957	0	5355	3817	3972	5369
122439057	0	5364	3757	3977	5345
122439157	0	5364	3780	3935	5363
122439257	0	5359	3780	3986	5326
122439357	0	5355	3789	3958	5410
122439457	0	5322	3822	3949	5373
122439557	0	5340	3794	3935	5401
122439657	0	5317	3775	3935	5438
122439757	0	5317	3789	3939	5345
122439857	0	5345	3780	3944	5355
122439957	0	5340	3775	3949	5331
122440057	0	5364	3822	3967	5364
122440157	0	5336	3752	3963	5359
122440257	0	5350	3766	3982	5331
122440357	0	5359	3756	3967	5308
122440457	0	5336	3770	3935	5391
122440557	0	5368	3789	3953	5369
122440657	0	5336	3761	3949	5336
122440757	0	5331	3761	3939	5387
122440857	0	5355	3756	3949	5317
122440957	0	5350	3756	3939	5350
122441057	0	5359	3780	3949	5368
122441157	0	5355	3799	3963	5317
122441257	0	5350	3789	3939	5373
122441357	0	5336	3766	3977	5359
122441457	0	5359	3761	3949	5345
122441557	0	5336	3775	3982	5364
122441657	0	5322	3775	3991	5359
122441757	0	5355	3789	3953	5387
122441857	0	5369	3794	3972	5391
122441957	0	5336	3775	3939	5345
122442061	0	5355	3780	3949	5373
122442157	0	5331	3794	3944	5434
122442257	0	5350	3794	3958	5373
122442356	0	5326	3775	3958	5368
122442457	0	5340	3770	3944	5331
122442557	0	5345	3775	3977	5331
122442657	0	5326	3766	3944	5377
122442758	0	5317	3761	3982	5322
122442857	0	5331	3799	3986	5368
122442957	0	5369	3794	3958	5326
122443057	0	5345	3785	3972	5396
122443157	0	5363	3748	3996	5363
122443257	0	7252	3766	3986	5364
122443357	0	5734	3799	3967	5369
122443457	0	5368	3775	3991	5355
122443557	0	5391	3789	3949	5363
122443657	0	5382	3766	3972	5336
122443757	0	5373	3808	3958	5345
122443857	0	5369	3775	3949	5336
122443957	0	5377	3770	3963	5322
122444057	0	5377	3775	3930	5364
122444157	0	5373	3775	3963	5350
122444257	0	5377	3761	3977	5350
122444357	0	5363	3770	3949	5368
122444457	0	5340	3799	3972	5363
122444557	0	5336	3780	3977	5364
122444657	0	5377	3785	3953	5326
122444757	0	5377	3789	3972	5363
122444857	0	5382	3756	3972	5364
122444957	0	5424	3803	3953	5317
122445057	0	7018	3789	3967	5340
122445157	0	6325	3743	3963	5377
122445256	0	5350	3766	3939	5340
122445357	0	5331	3789	3963	5336
122445462	0	5317	3785	3958	5355
122445557	0	5326	3757	4000	5340
122445657	0	5289	3775	3958	5355
122445757	0	5322	3794	3972	5359
122445857	0	5350	3757	3967	5350
122445958	0	5317	3780	3953	5364
122446057	0	5350	3762	3963	5391
122446161	0	5326	3789	3949	5368
122446257	0	5312	3785	3953	5382
122446357	0	5359	3766	3958	5364
122446457	0	5326	3761	3953	5377
122446557	0	5369	3799	3967	5317
122446657	0	5359	3775	3953	5359
122446757	0	5350	3813	3982	5396
122446857	0	5298	3766	3939	5382
122446957	0	5345	3770	3949	5401
122447057	0	5331	3762	3977	5368
122447157	0	5359	3770	3972	5326
122447257	0	5312	3794	3953	5340
122447357	0	5308	3752	3944	5377
122447457	0	5322	3748	3953	5368
122447557	0	5359	3775	3935	5350
122447657	0	5364	3817	3939	5359
122447756	0	5364	3780	3972	5382
122447857	0	5312	3756	3963	5363
122447957	0	5298	3775	3958	5331
122448057	0	5359	3766	3958	5303
122448157	0	5317	3766	3939	5368
122448256	0	5359	3827	3949	5364
122448357	0	5326	3756	3935	5336
122448456	0	5340	3803	3958	5364
122448557	0	5363	3775	3935	5396
122448657	0	5355	3757	3949	5364
122448757	0	5359	3808	3977	5336
122448857	0	5331	3789	3949	5340
122448957	0	5317	3799	3958	5369
122449057	0	5355	3756	3949	5355
122449157	0	5298	3770	3958	5331
122449256	0	5331	3766	3996	5368
122449357	0	5322	3766	3986	5326
122449457	0	5359	3770	3958	5355
122449557	0	5345	3775	3939	5410
122449657	0	5382	3748	3944	5326
122449757	0	5340	3761	3930	5359
122449857	0	5377	3743	3982	5382
122449957	0	5368	3762	3958	5331
122450057	0	5336	3748	3958	5382
122450157	0	5382	3757	3935	5368
122450261	0	5363	3775	3953	5364
122450357	0	5369	3757	3939	5359
122450457	0	5373	3761	3977	5317
122450557	0	5359	3748	3939	5359
122450657	0	5326	3785	3967	5373
122450757	0	5359	3780	3949	5406
122450857	0	5331	3808	3939	5363
122450957	0	5326	3775	3982	5336
122451057	0	5350	3789	3944	5336
122451157	0	5303	3761	3949	5369
122451257	0	5355	3794	3958	5336
122451357	0	5331	3780	3958	5317
122451457	0	5294	3770	3944	5331
122451557	0	5331	3813	3949	5363
122451656	0	5359	3799	3944	5355
122451756	0	5312	3775	3958	5359
122451857	0	5355	3766	3967	5359
122451957	0	5322	3734	3944	5345
122452057	0	5303	3775	3982	5410
122452157	0	5350	3799	3991	5336
122452257	0	5312	3757	3982	5373
122452356	0	5294	3789	3953	5317
122452457	0	5350	3785	3972	5317
122452557	0	5355	3799	3949	5382
122452657	0	5308	3799	3982	5377
122452757	0	5355	3789	3967	5391
122452857	0	5363	3766	3963	5350
122452957	0	5331	3794	3949	5363
122453057	0	5340	3752	3958	5331
122453157	0	5312	3813	3967	5326
122453257	0	5298	3761	3982	5340
122453358	0	5355	3756	3963	5350
122453457	0	5312	3799	3972	5345
122453557	0	5322	3803	3930	5387
122453657	0	5340	3752	3986	5331
122453757	0	5359	3799	3977	5368
122453858	0	5350	3752	3972	5336
122453957	0	5322	3756	3986	5350
122454056	0	5331	3808	3986	5345
122454157	0	5303	3803	3967	5364
122454257	0	5359	3756	3986	5391
122454361	0	5322	3762	3977	5369
122454457	0	5317	3775	3953	5326
122454557	0	5359	3780	3949	5377
122454656	0	5303	3794	3953	5331
122454756	0	5355	3761	3977	5326
122454857	0	5336	3762	3963	5373
122454957	0	5308	3761	3953	5382
122455057	0	5359	3794	3972	5373
122455157	0	5294	3803	3958	5387
122455257	0	5303	3775	3949	5359
122455357	0	5294	3785	3949	5382
122455457	0	5322	3775	3958	5377
122455557	0	5355	3766	3925	5340
122455657	0	5336	3799	3967	5340
122455757	0	5312	3766	3953	5345
122455857	0	5331	3756	3963	5364
122455957	0	5345	3770	3953	5368
122456056	0	5340	3808	3958	5364
122456157	0	5331	3780	3949	5373
122456257	0	5312	3756	3949	5387
122456356	0	5326	3808	3958	5322
122456457	0	5326	3761	3977	5373
122456557	0	5322	3794	3944	5406
122456657	0	5317	3762	3939	5377
122456757	0	5355	3799	3958	5373
122456857	0	5340	3757	3944	5308
122456956	0	5298	3761	3949	5345
122457057	0	5350	3803	3977	5312
122457156	0	5308	3743	3953	5359
122457257	0	5298	3775	3949	5373
122457357	0	5312	3761	3958	5312
122457456	0	5336	3766	3958	5415
122457557	0	5322	3785	3935	5396
122457657	0	5345	3803	3953	5415
122457757	0	5294	3761	3953	5326
122457857	0	5308	3752	3982	5377
122457957	0	5350	3775	3967	5368
122458057	0	5294	3757	3982	5326
122458157	0	5355	3757	3958	5322
122458256	0	5331	3799	3939	5396
122458357	0	5298	3766	3977	5387
122458461	0	5322	3775	3953	5350
122458557	0	5340	3785	3967	5350
122458657	0	5326	3766	3944	5326
122458756	0	5326	3761	3977	5368
122458857	0	5336	3780	3963	5359
122458957	0	5359	3789	3949	5359
122459057	0	5340	3803	3982	5373
122459157	0	5331	3761	3949	5369
122459256	0	5355	3752	3949	5377
122459357	0	5312	3803	3944	5336
122459457	0	5336	3785	3958	5369
122459557	0	5340	3770	3953	5377
122459657	0	5303	3817	3935	5350
122459757	0	5350	3761	3958	5369
122459856	0	5308	3766	3935	5368
122459958	0	5298	3762	3967	5396
122500057	0	5340	3799	3921	5410
122500157	0	5303	3794	3949	5369
122500257	0	5322	3789	3944	5350
122500356	0	5355	3756	3972	5377
122500457	0	5303	3789	3944	5369
122500557	0	5317	3775	3972	5359
122500657	0	5355	3780	3953	5331
122500757	0	5331	3799	3953	5363
122500857	0	5303	3748	3958	5331
122500957	0	5336	3748	3939	5350
122501057	0	5350	3780	3953	5350
122501156	0	5317	3785	3986	5387
122501257	0	5317	3794	3967	5317
122501357	0	5336	3770	3944	5391
122501457	0	5317	3789	3935	5350
122501557	0	5331	3799	3972	5364
122501670	0	5326	3770	3953	5350
122501757	0	5350	3775	3944	5350
122501857	0	5340	3789	3949	5377
122501957	0	5326	3780	3986	5359
122502057	0	5303	3785	3982	5396
122502157	0	5350	3780	3986	5368
122502257	0	5312	3738	3939	5336
122502356	0	5340	3803	3967	5382
122502457	0	5336	3794	3953	5377
122502560	0	5355	3752	3953	5369
122502656	0	5331	3766	3963	5340
122502757	0	5294	3757	3977	5326
122502856	0	5317	3799	3972	5401
122502957	0	5303	3748	3949	5373
122503056	0	5336	3794	3972	5377
122503157	0	5308	3775	3986	5359
122503256	0	5336	3756	3949	5382
122503357	0	5308	3775	3967	5336
122503457	0	5317	3757	3939	5336
122503557	0	5312	3775	3949	5377
122503657	0	5350	3762	3982	5406
122503757	0	5340	3817	3958	5340
122503857	0	5317	3780	3958	5382
122503957	0	5340	3822	3967	5350
122504057	0	5340	3799	3963	5368
122504157	0	5303	3789	3949	5363
122504256	0	5312	3762	3963	5359
122504357	0	5326	3808	3949	5322
122504456	0	5364	3785	3967	5377
122504557	0	5340	3770	3972	5377
122504656	0	5350	3789	3967	5331
122504756	0	5336	3780	3967	5331
122504857	0	5345	3789	3935	5396
122504957	0	5345	3762	3977	5368
122505057	0	5355	3799	3986	5345
122505157	0	5350	3785	3939	5373
122505257	0	5355	3770	3949	5326
122505357	0	5350	3799	3930	5340
122505457	0	5308	3794	3939	5331
122505557	0	5331	3789	3977	5364
122505657	0	5340	3761	3963	5369
122505757	0	5303	3785	3944	5336
122505856	0	5308	3775	3953	5308
122505957	0	5312	3748	3949	5359
122506057	0	5322	3808	3982	5368
122506157	0	5317	3780	3953	5364
122506257	0	5331	3789	3944	5340
122506356	0	5359	3780	3949	5345
122506456	0	5308	3761	3977	5396
122506556	0	5322	3770	3944	5350
122506661	0	5326	3766	3935	5387
122506756	0	5355	3752	3939	5373
122506857	0	5359	3756	3963	5350
122506957	0	5294	3756	3939	5331
122507057	0	5350	3785	3972	5345
122507156	0	5350	3789	3958	5312
122507257	0	5336	3770	3977	5406
122507356	0	5298	3761	3958	5363
122507457	0	5345	3789	3972	5377
122507556	0	5326	3780	3963	5350
122507657	0	5312	3822	3944	5373
122507756	0	5312	3761	3944	5401
122507856	0	5340	3799	3944	5364
122507957	0	5322	3799	3996	5331
122508057	0	5298	3780	3944	5396
122508156	0	5322	3770	3953	5340
122508256	0	5350	3770	3944	5363
122508357	0	5322	3766	3944	5322
122508456	0	5303	3775	3977	5364
122508557	0	5312	3770	3963	5340
122508657	0	5312	3766	3967	5369
122508756	0	5331	3808	3982	5355
122508856	0	5303	3766	3991	5336
122508957	0	5317	3757	3986	5312
122509056	0	5336	3775	3963	5382
122509157	0	5326	3756	3953	5345
122509256	0	5308	3761	3986	5340
122509356	0	5331	3766	3963	5369
122509457	0	5326	3789	3958	5303
122509556	0	5317	3780	3996	5340
122509657	0	5308	3775	3996	5368
122509756	0	5312	3775	3939	5382
122509857	0	5322	3780	3967	5345
122509957	0	5326	3780	3967	5345
122510057	0	5340	3775	3996	5369
122510157	0	5336	3766	3953	5373
122510256	0	5317	3789	3991	5350
122510357	0	5308	3785	3991	5345
122510457	0	5340	3808	3958	5317
122510557	0	5355	3756	3986	5350
122510656	0	5308	3762	3967	5340
122510759	0	5312	3785	3967	5317
122510857	0	5326	3757	3986	5317
122510957	0	5336	3785	3977	5391
122511056	0	5331	3789	3953	5373
122511157	0	5317	3785	3963	5350
122511256	0	5312	3799	3958	5391
122511362	0	5340	3785	3986	5387
122511457	0	5326	3775	3953	5369
122511556	0	5345	3799	3977	5340
122511656	0	5326	3785	3972	5359
122511757	0	5340	3785	3963	5387
122511857	0	5336	3780	3986	5322
122511956	0	5355	3757	3949	5377
122512057	0	5345	3780	3963	5382
122512156	0	5303	3775	3972	5345
122512257	0	5336	3808	3986	5424
122512357	0	5322	3794	3953	5368
122512456	0	5355	3762	3996	5369
122512557	0	5326	3808	3953	5312
122512656	0	5322	3761	3958	5350
122512756	0	5355	3808	3958	5350
122512856	0	5355	3794	3963	5369
122512956	0	5355	3794	3944	5359
122513057	0	5308	3789	3963	5350
122513157	0	5340	3775	3953	5355
122513256	0	5355	3780	3963	5368
122513357	0	5322	3785	3949	5322
122513456	0	5345	3748	3967	5369
122513557	0	5340	3780	3967	5368
122513656	0	5345	3780	3982	5322
122513757	0	5308	3813	3953	5345
122513856	0	5322	3803	3967	5391
122513957	0	5340	3756	3982	5377
122514056	0	5355	3775	3972	5377
122514157	0	5336	3794	3944	5373
122514257	0	5308	3817	3958	5350
122514356	0	5336	3780	3986	5350
122514457	0	5317	3761	3958	5355
122514557	0	5336	3785	3963	5359
122514656	0	5336	3766	3958	5373
122514757	0	5350	3808	3967	5373
122514858	0	5336	3780	3939	5368
122514957	0	5340	3789	3958	5373
122515057	0	5326	3789	3977	5359
122515156	0	5345	3756	3944	5368
122515257	0	5359	3789	3963	5369
122515357	0	5345	3757	3953	5322
122515456	0	5317	3762	3944	5331
122515557	0	5336	3766	3953	5382
122515657	0	5340	3770	3982	5359
122515757	0	5359	3803	3986	5364
122515857	0	5401	3794	3977	5336
122515956	0	6142	3766	3953	5345
122516057	0	5289	3794	3930	5369
122516157	0	5368	3799	3925	5326
122516256	0	5340	3752	3953	5368
122516357	0	5312	3799	3949	5345
122516456	0	5340	3762	3953	5331
122516557	0	5350	3794	3963	5350
122516656	0	5350	3757	3953	5322
122516757	0	5326	3761	3953	5350
122516857	0	5340	3761	3944	5364
122516956	0	5368	3756	3953	5308
122517056	0	5363	3799	3930	5410
122517156	0	5377	3780	3944	5363
122517256	0	6189	3775	3935	5326
122517356	0	6990	3780	3972	5350
122517456	0	6222	3780	3972	5355
122517556	0	5359	3780	3925	5350
122517656	0	5363	3757	3944	5331
122517756	0	5369	3775	3930	5312
122517856	0	5377	3780	3925	5363
122517957	0	5364	3775	3925	5364
122518057	0	5322	3766	3944	5373
122518156	0	5364	3785	3953	5345
122518257	0	5340	3794	3977	5350
122518357	0	5355	3752	3935	5331
122518456	0	5364	3743	3925	5364
122518557	0	5359	3789	3939	5377
122518657	0	5326	3794	3977	5363
122518757	0	5364	3775	3935	5355
122518856	0	5364	3762	3958	5382
122518959	0	5340	3780	3944	5369
122519056	0	5355	3794	3939	5369
122519156	0	5345	3775	3958	5363
122519256	0	5326	3756	3944	5363
122519356	0	5350	3799	3944	5340
122519457	0	5359	3813	3939	5369
122519556	0	5345	3766	3935	5350
122519656	0	5336	3757	3949	5387
122519756	0	5355	3808	3930	5369
122519856	0	5350	3761	3935	5331
122519957	0	5331	3775	3944	5377
122520057	0	5345	3789	3944	5369
122520157	0	5350	3770	3949	5350
122520257	0	5345	3785	3944	5364
122520357	0	5326	3794	3949	5368
122520456	0	5345	3808	3958	5387
122520557	0	5326	3808	3949	5340
122520656	0	5298	3789	3958	5377
122520756	0	5317	3752	3958	5368
122520857	0	5326	3756	3944	5326
122520956	0	5303	3789	3982	5364
122521056	0	5317	3770	3953	5377
122521156	0	5340	3780	3944	5355
122521256	0	5312	3789	3949	5396
122521357	0	5336	3799	3972	5355
122521456	0	5298	3756	3953	5368
122521557	0	5331	3761	3972	5368
122521656	0	5331	3762	3982	5373
122521756	0	5308	3785	3963	5340
122521857	0	5312	3766	3949	5355
122521956	0	5336	3775	3958	5317
122522056	0	5322	3766	3958	5382
122522157	0	5364	3766	3972	5368
122522256	0	5350	3757	3958	5322
122522357	0	5355	3766	3977	5373
122522456	0	5322	3770	3939	5368
122522556	0	5308	3756	3967	5326
122522656	0	5312	3794	3982	5345
122522756	0	5345	3803	3972	5363
122522856	0	5326	3803	3972	5317
122522956	0	5322	3803	3991	5368
122523059	0	5312	3803	3967	5355
122523157	0	5317	3775	3953	5317
122523256	0	5312	3756	3958	5340
122523356	0	5350	3794	3967	5312
122523457	0	5308	3780	3953	5308
122523556	0	5298	3766	3977	5377
122523656	0	5359	3770	3958	5368
122523756	0	5322	3780	3963	5322
122523856	0	5350	3813	3958	5363
122523956	0	5355	3757	3977	5298
122524056	0	5331	3789	3982	5355
122524156	0	5317	3748	3958	5373
122524256	0	5331	3770	3967	5350
122524356	0	5312	3785	3967	5364
122524456	0	5355	3762	4000	5382
122524557	0	5312	3761	3949	5340
122524657	0	5355	3761	3982	5387
122524756	0	5340	3770	3953	5382
122524857	0	5308	3799	3963	5298
122524956	0	5312	3752	3991	5355
122525057	0	5326	3799	3986	5377
122525156	0	5322	3794	3977	5350
122525256	0	5322	3780	3949	5368
122525357	0	5350	3803	3949	5350
122525456	0	5359	3785	3958	5322
122525556	0	5326	3789	3958	5363
122525656	0	5326	3756	3953	5377
122525757	0	5322	3780	3949	5377
122525856	0	5331	3770	3963	5359
122525957	0	5331	3799	3953	5322
122526057	0	5317	3766	3963	5331
122526156	0	5326	3780	3977	5401
122526256	0	5322	3789	3949	5369
122526358	0	5336	3770	3982	5355
122526457	0	5326	3794	3958	5355
122526557	0	5331	3780	3953	5340
122526657	0	5336	3799	3977	5345
122526756	0	5350	3789	3949	5317
122526857	0	5350	3817	3949	5308
122526956	0	5363	3803	3991	5363
122527057	0	5312	3789	3958	5364
122527159	0	5345	3770	3953	5359
122527257	0	5336	3794	3986	5377
122527357	0	5322	3817	3991	5340
122527457	0	5336	3785	3958	5345
122527556	0	5359	3770	3944	5359
122527657	0	5350	3780	3939	5382
122527756	0	5340	3775	3953	5377
122527857	0	5308	3756	3953	5331
122527957	0	5322	3770	3953	5369
122528056	0	5359	3808	3972	5345
122528157	0	5331	3752	3958	5340
122528257	0	5312	3766	3986	5382
122528356	0	5340	3808	3972	5336
122528456	0	5312	3794	3953	5298
122528557	0	5317	3770	3953	5363
122528656	0	5308	3770	3977	5364
122528757	0	5359	3762	3982	5336
122528856	0	5303	3770	3986	5363
122528957	0	5303	3766	3958	5373
122529056	0	5326	3785	3977	5294
122529156	0	5355	3766	3982	5322
122529257	0	5340	3785	3958	5355
122529357	0	5340	3794	3967	5308
122529457	0	5289	3803	3949	5363
122529557	0	5340	3817	3958	5359
122529657	0	5331	3794	3977	5363
122529756	0	5359	3757	3949	5336
122529857	0	5355	3789	3963	5377
122529957	0	5364	3766	3953	5401
122530057	0	5345	3761	3944	5326
122530156	0	5317	3766	3958	5369
122530257	0	5336	3770	3967	5396
122530356	0	5355	3803	3949	5355
122530456	0	5364	3766	3977	5359
122530556	0	5317	3766	3953	5345
122530656	0	5298	3757	3982	5322
122530756	0	5326	3761	3982	5391
122530857	0	5326	3766	3953	5369
122530956	0	5308	3794	3939	5401
122531057	0	5322	3770	3949	5350
122531157	0	5331	3780	3982	5340
122531258	0	5340	3766	3958	5340
122531356	0	5308	3770	3967	5350
122531456	0	5326	3799	3991	5350
122531556	0	5331	3817	3949	5336
122531656	0	5359	3808	3967	5350
122531756	0	5355	3780	3982	5303
122531857	0	5331	3799	3949	5363
122531957	0	5326	3789	3977	5331
122532056	0	5359	3799	3949	5368
122532157	0	5336	3766	3953	5350
122532256	0	5355	3762	3991	5317
122532356	0	5355	3780	3935	5355
122532456	0	5331	3766	3972	5355
122532557	0	5336	3789	3949	5363
122532656	0	5322	3813	3991	5364
122532757	0	5359	3761	3949	5350
122532856	0	5326	3775	3953	5377
122532956	0	5340	3803	3977	5350
122533056	0	5331	3780	3949	5363
122533156	0	5326	3762	3953	5391
122533256	0	5340	3789	3944	5331
122533356	0	5350	3808	3949	5369
122533457	0	5326	3775	3963	5340
122533556	0	5331	3756	3944	5373
122533656	0	5317	3756	3967	5369
122533756	0	5350	3789	3963	5331
122533856	0	5312	3770	3944	5336
122533957	0	5340	3766	3967	5364
122534057	0	5355	3775	3972	5331
122534156	0	5359	3799	3982	5401
122534256	0	5331	3785	3982	5382
122534356	0	5336	3770	3982	5369
122534457	0	5355	3752	3977	5322
122534556	0	5355	3822	3939	5401
122534657	0	5340	3775	3953	5317
122534756	0	5350	3757	3953	5355
122534856	0	5340	3803	3958	5364
122534956	0	5326	3770	3944	5350
122535057	0	5350	3770	3996	5363
122535156	0	5350	3756	3944	5368
122535256	0	5326	3780	3963	5415
122535359	0	5355	3766	3953	5322
122535456	0	5322	3762	3944	5317
122535557	0	5317	3770	3977	5317
122535656	0	5340	3766	3977	5340
122535757	0	5312	3794	3972	5355
122535856	0	5326	3799	3949	5340
122535956	0	5355	3794	3939	5387
122536056	0	5326	3799	3958	5312
122536157	0	5322	3794	3991	5340
122536257	0	5350	3803	3949	5368
122536357	0	5317	3799	3958	5322
122536456	0	5331	3770	3972	5369
122536556	0	5336	3808	3958	5387
122536656	0	5355	3813	3991	5326
122536756	0	5326	3785	3939	5350
122536856	0	5350	3817	3953	5340
122536956	0	5340	3770	3982	5369
122537056	0	5312	3775	3986	5391
122537156	0	5326	3775	3949	5364
122537256	0	5308	3789	3963	5345
122537356	0	5336	3808	3949	5391
122537456	0	5322	3761	3944	5387
122537571	0	5355	3780	3944	5331
122537657	0	5359	3794	3944	5326
122537756	0	5355	3799	3949	5369
122537856	0	5350	3780	3958	5364
122537956	0	5364	3808	3953	5322
122538057	0	5317	3785	3958	5289
122538157	0	5340	3813	3986	5345
122538256	0	5345	3789	3991	5359
122538356	0	5355	3808	3967	5331
122538457	0	5340	3766	3949	5350
122538556	0	5355	3761	3977	5382
122538656	0	5345	3799	3986	5373
122538756	0	5303	3813	3953	5303
122538856	0	5359	3757	3953	5363
122538956	0	5336	3817	3949	5363
122539056	0	5331	3756	3953	5317
122539156	0	5326	3756	3958	5322
122539256	0	5336	3775	3972	5289
122539356	0	5359	3803	3949	5326
122539458	0	5336	3761	3949	5382
122539557	0	5326	3803	3944	5340
122539656	0	5350	3813	3944	5336
122539756	0	5340	3766	3949	5355
122539856	0	5340	3789	3944	5350
122539956	0	5312	3789	3939	5363
122540056	0	5363	3789	3977	5312
122540157	0	5331	3789	3972	5350
122540256	0	5364	3766	3967	5369
122540356	0	5359	3756	3953	5322
122540457	0	5317	3794	3939	5364
122540657	0	5308	3762	3958	5363
122540757	0	5345	3799	3944	5340
122540856	0	5350	3799	3953	5359
122540956	0	5336	3799	3958	5369
122541056	0	5359	3762	3982	5340
122541156	0	5317	3794	3963	5401
122541256	0	5322	3775	3982	5326
122541356	0	5326	3780	3958	5373
122541456	0	5326	3762	3958	5369
122541556	0	5322	3785	3977	5294
122541656	0	5336	3761	3949	5331
122541757	0	5336	3766	3953	5391
122541857	0	5359	3756	3958	5359
122541956	0	5322	3780	3958	5382
122542056	0	5336	3785	3958	5396
122542156	0	5359	3766	3982	5355
122542257	0	5345	3770	3953	5359
122542356	0	5312	3775	3963	5377
122542456	0	5331	3789	3986	5359
122542556	0	5303	3813	3949	5363
122542657	0	5355	3789	3953	5363
122542756	0	5340	3761	3935	5322
122542856	0	5326	3785	3991	5359
122542956	0	5317	3761	3963	5326
122543056	0	5355	3761	3953	5369
122543156	0	5331	3803	3939	5359
122543256	0	5331	3775	3958	5364
122543356	0	5364	3799	3996	5377
122543456	0	5326	3770	3939	5345
122543558	0	5331	3794	3939	5331
122543656	0	5322	3775	3939	5359
122543756	0	5312	3799	3953	5387
122543856	0	5326	3770	3986	5369
122543956	0	5331	3789	3991	5312
122544056	0	5369	3808	3977	5364
122544156	0	5364	3789	3986	5355
122544256	0	5331	3794	3949	5369
122544357	0	5355	3780	3958	5363
122544456	0	5368	3770	3977	5345
122544556	0	5331	3775	3953	5369
122544656	0	5336	3789	3963	5369
122544756	0	5355	3803	3967	5345
122544856	0	5345	3827	4000	5317
122544956	0	5350	3770	3949	5391
122545056	0	5331	3770	3986	5355
122545156	0	5355	3766	3967	5355
122545256	0	5345	3794	3972	5369
122545356	0	5350	3813	3949	5345
122545456	0	5345	3808	3958	5345
122545556	0	5331	3789	3949	5364
122545656	0	5331	3799	3977	5377
122545756	0	5355	3794	3939	5350
122545856	0	5326	3794	3939	5369
122545956	0	5355	3780	3958	5340
122546056	0	5355	3803	3963	5345
122546156	0	5355	3780	3944	5415
122546256	0	5373	3789	3982	5350
122546356	0	5331	3799	3935	5368
122546456	0	5359	3794	3944	5340
122546556	0	5355	3808	3944	5373
122546657	0	5359	3770	3972	5350
122546756	0	5340	3789	3963	5368
122546856	0	5363	3836	3972	5359
122546956	0	5322	3785	3986	5340
122547056	0	5359	3785	3967	5340
122547156	0	5355	3780	3967	5331
122547256	0	5359	3770	3972	5345
122547356	0	5359	3789	3967	5373
122547456	0	5345	3761	3949	5345
122547556	0	5355	3766	3953	5336
122547658	0	5350	3813	3963	5340
122547756	0	5345	3770	3977	5355
122547856	0	5350	3808	3991	5336
122547956	0	5294	3766	3977	5350
122548056	0	5340	3775	3982	5326
122548156	0	5340	3780	3982	5340
122548256	0	5350	3770	3991	5340
122548356	0	5340	3761	3949	5322
122548456	0	5336	3794	3986	5364
122548556	0	5340	3775	3944	5359
122548656	0	5336	3756	3949	5373
122548756	0	5359	3780	3977	5326
122548856	0	5336	3770	3958	5396
122548956	0	5336	3789	3991	5317
122549056	0	5345	3789	3944	5331
122549156	0	5331	3762	3958	5350
122549256	0	5322	3762	3967	5387
122549356	0	5331	3789	3991	5406
122549456	0	5345	3785	3944	5382
122549556	0	5355	3770	3982	5350
122549656	0	5364	3813	3939	5369
122549756	0	5355	3789	3963	5294
122549856	0	5368	3789	3949	5401
122549957	0	5322	3780	3944	5345
122550056	0	5345	3770	3944	5368
122550156	0	5336	3785	3949	5369
122550257	0	5322	3799	3977	5373
122550357	0	5336	3813	3982	5331
122550456	0	5340	3803	3944	5364
122550556	0	5345	3766	3991	5359
122550657	0	5326	3756	3991	5364
122550756	0	5322	3775	3991	5336
122550856	0	5326	3775	3982	5350
122550956	0	5364	3756	3996	5377
122551056	0	5350	3808	3986	5369
122551156	0	5340	3822	3944	5317
122551257	0	5350	3799	3986	5355
122551356	0	5350	3813	3982	5368
122551456	0	5326	3761	3982	5317
122551556	0	5355	3766	3958	5312
122551656	0	5359	3785	3972	5359
122551758	0	5355	3785	3963	5331
122551856	0	5340	3775	3949	5336
122551956	0	5340	3756	3991	5303
122552056	0	5308	3756	3958	5373
122552156	0	5340	3803	3958	5340
122552257	0	5345	3775	3967	5350
122552356	0	5340	3794	3982	5359
122552456	0	5322	3756	3944	5345
122552556	0	5345	3775	4000	5298
122552656	0	5331	3766	3953	5355
122552756	0	5336	3775	4000	5382
122552856	0	5355	3799	3963	5355
122552956	0	5340	3775	4000	5340
122553056	0	5331	3770	3972	5345
122553156	0	5364	3780	3953	5294
122553256	0	5326	3785	3982	5355
122553356	0	5322	3761	3986	5387
122553456	0	5355	3789	4005	5387
122553556	0	5355	3770	3986	5364
122553656	0	5317	3761	3967	5350
122553756	0	5350	3794	3996	5368
122553856	0	5359	3803	3972	5363
122553956	0	5336	3803	3963	5336
122554056	0	5336	3775	3986	5345
122554156	0	5336	3762	3986	5331
122554256	0	5363	3789	4010	5364
122554356	0	5350	3803	3967	5368
122554456	0	5336	3785	4000	5340
122554554	0	5303	3785	3958	5364
122554654	0	5355	3794	3958	5355
122554754	0	5326	3803	3953	5373
122554855	0	5359	3775	3958	5350
122554955	0	5355	3803	3963	5364
122555054	0	5336	3775	3967	5368
122555154	0	5345	3748	3986	5284
122555254	0	5350	3785	3953	5345
122555355	0	5336	3770	3958	5331
122555454	0	5317	3761	3944	5317
122555554	0	5373	3813	3935	5303
122555654	0	5363	3766	3977	5326
122555754	0	5355	3780	3958	5359
122555858	0	5369	3789	3982	5363
122555954	0	5359	3785	3991	5355
122556054	0	5322	3813	3977	5331
122556154	0	5369	3794	3958	5369
122556255	0	5350	3789	3996	5317
122556355	0	5308	3775	3977	5368
122556454	0	5364	3780	3986	5369
122556554	0	5322	3780	3953	5369
122556654	0	5340	3757	3977	5364
122556754	0	5359	3789	3949	5312
122556854	0	5331	3799	3963	5391
122556954	0	5345	3799	3939	5317
122557054	0	5364	3780	3991	5355
122557154	0	5350	3780	3935	5336
122557254	0	5331	3789	3953	5350
122557355	0	5350	3780	3977	5340
122557454	0	5355	3794	3967	5336
122557554	0	5363	3780	3963	5345
122557654	0	5317	3789	3939	5373
122557754	0	5298	3766	3935	5369
122557854	0	5322	3817	3953	5312
122557955	0	5312	3799	3972	5373
122558054	0	5359	3831	3958	5377
122558154	0	5368	3766	3972	5350
122558254	0	5322	3808	3977	5363
122558354	0	5363	3780	3958	5382
122558454	0	5359	3766	3977	5336
122558554	0	5345	3780	3958	5340
122558654	0	5359	3817	3953	5355
122558754	0	5317	3831	3935	5355
122558854	0	5340	3789	3930	5322
122558954	0	5364	3780	3972	5359
122559054	0	5340	3785	3977	5359
122559154	0	5340	3817	3944	5345
122559254	0	5336	3794	3986	5363
122559354	0	5336	3799	3991	5322
122559454	0	5359	3799	3972	5345
122559654	0	5350	3799	3972	5345
122559754	0	5345	3803	3949	5382
122559854	0	5364	3803	3977	5345
122559958	0	5350	3780	3953	5326
122600054	0	5336	3770	3935	5359
122600154	0	5336	3766	3972	5340
122600255	0	5317	3780	3930	5322
122600354	0	5350	3761	3963	5340
122600454	0	5359	3803	3958	5369
122600554	0	5331	3789	3939	5364
122600654	0	5331	3761	3949	5364
122600754	0	5326	3794	3949	5345
122600854	0	5331	3775	3972	5336
122600954	0	5368	3789	3953	5331
122601054	0	5340	3794	3935	5322
122601154	0	5312	3761	3958	5317
122601254	0	5331	3766	3982	5340
122601354	0	5336	3761	3958	5336
122601454	0	5317	3752	3963	5350
122601554	0	5340	3780	3977	5355
122601654	0	5355	3789	3935	5391
122601754	0	5322	3794	3967	5317
122601854	0	5359	3827	3939	5340
122601954	0	5350	3761	3963	5312
122602054	0	5308	3770	3967	5364
122602154	0	5312	3775	3953	5340
122602254	0	5326	3785	3963	5298
122602354	0	5373	3789	3982	5340
122602454	0	5322	3803	3939	5377
122602554	0	5345	3827	3930	5331
122602654	0	5340	3799	3949	5345
122602754	0	5308	3794	3949	5364
122602854	0	5326	3799	3939	5364
122602954	0	5350	3794	3991	5331
122603054	0	5373	3813	3986	5355
122603154	0	5350	3756	3939	5359
122603254	0	5364	3803	3944	5373
122603354	0	5363	3762	3935	5336
122603454	0	5326	3841	3944	5377
122603554	0	5359	3789	3925	5364
122603654	0	5336	3794	3991	5350
122603754	0	5364	3775	3944	5308
122603854	0	5363	3789	3939	5382
122603954	0	5355	3756	3958	5359
122604058	0	5340	3780	3953	5336
122604154	0	5326	3766	3977	5345
122604254	0	5345	3752	3991	5391
122604354	0	5326	3770	3958	5331
122604454	0	5317	3789	3953	5312
122604554	0	5350	3775	3996	5391
122604654	0	5345	3813	3991	5420
122604754	0	5359	3780	3996	5350
122604854	0	5368	3770	3991	5322
122604954	0	5355	3761	3963	5331
122605054	0	5336	3789	3982	5420
122605154	0	5336	3799	3972	5340
122605255	0	5340	3761	4000	5322
122605354	0	5359	3785	3977	5369
122605454	0	5331	3761	3944	5322
122605554	0	5359	3756	3958	5355
122605654	0	5326	3799	3949	5331
122605754	0	5363	3756	3972	5340
122605854	0	5345	3785	3949	5345
122605954	0	5317	3789	3958	5345
122606054	0	5340	3817	3958	5336
122606154	0	5322	3794	3949	5317
122606254	0	5368	3794	3972	5308
122606354	0	5340	3808	3967	5369
122606454	0	5359	3775	3967	5326
122606554	0	5364	3794	3944	5326
122606654	0	5326	3794	3967	5331
122606754	0	5336	3770	3953	5368
122606854	0	5369	3761	3977	5336
122606954	0	5345	3775	3982	5369
122607054	0	5355	3775	3982	5359
122607154	0	5336	3803	3944	5363
122607254	0	5331	3799	3958	5308
122607354	0	5298	3756	3949	5363
122607454	0	5303	3817	3977	5340
122607554	0	5340	3780	3972	5355
122607654	0	5322	3808	3944	5355
122607754	0	5363	3766	3958	5345
122607854	0	5368	3799	3949	5345
122607954	0	5377	3757	3953	5336
122608054	0	5322	3766	3991	5355
122608158	0	5340	3789	3977	5326
122608254	0	5350	3762	3944	5364
122608354	0	5326	3775	3944	5326
122608454	0	5359	3813	3958	5387
122608554	0	5308	3794	3944	5382
122608654	0	5368	3808	3939	5336
122608754	0	5350	3831	3935	5363
122608854	0	5369	3748	3958	5364
122608954	0	5317	3789	3935	5355
122609054	0	5368	3770	3944	5363
122609154	0	5340	3794	3939	5336
122609254	0	5312	3762	3972	5387
122609354	0	5345	3780	3972	5340
122609454	0	5369	3757	3977	5355
122609554	0	5326	3803	3939	5382
122609654	0	5336	3794	3930	5345
122609754	0	5317	3799	3949	5355
122609854	0	5331	3780	3977	5355
122609954	0	5345	3785	3939	5373
122610054	0	5355	3799	3972	5336
122610153	0	5359	3775	3930	5369
122610254	0	5355	3762	3939	5355
122610354	0	5363	3785	3944	5369
122610454	0	5331	3766	3953	5350
122610554	0	5359	3761	3972	5364
122610654	0	5340	3770	3935	5355
122610754	0	5331	3775	3935	5350
122610854	0	5340	3785	3982	5336
122610954	0	5350	3799	3958	5363
122611054	0	5363	3822	3967	5345
122611154	0	6957	3803	3991	5331
122611254	0	5308	3752	3944	5340
122611454	0	5373	3817	3944	5350
122611554	0	5364	3780	3958	5340
122611654	0	5359	3770	3967	5401
122611754	0	5364	3770	3944	5322
122611854	0	5363	3789	3953	5345
122611954	0	5382	3775	3972	5420
122612054	0	5364	3766	3963	5373
122612154	0	5363	3789	3982	5396
122612258	0	5336	3770	3982	5355
122612354	0	5345	3785	3958	5331
122612454	0	5377	3780	3953	5345
122612554	0	5481	3766	3953	5364
122612654	0	6906	3780	3939	5331
122612754	0	5336	3794	3953	5303
122612854	0	5331	3762	3986	5345
122612954	0	5345	3808	3953	5350
122613054	0	5368	3785	3939	5322
122613154	0	5364	3803	3958	5359
122613254	0	5373	3794	3977	5369
122613354	0	5317	3770	3953	5359
122613454	0	5326	3780	3986	5326
122613554	0	5308	3808	3944	5424
122613654	0	5364	3794	3944	5364
122613754	0	5312	3789	3972	5364
122613854	0	5364	3794	3972	5345
122613954	0	5331	3762	3963	5355
122614054	0	5336	3785	3953	5396
122614154	0	5322	3757	3958	5369
122614254	0	5340	3761	3996	5364
122614354	0	5340	3770	3991	5322
122614454	0	5363	3789	3958	5396
122614554	0	5359	3794	3958	5322
122614654	0	5345	3770	3982	5359
122614754	0	5331	3789	3958	5363
122614854	0	5312	3794	3972	5331
122614954	0	5359	3789	3977	5364
122615054	0	5364	3780	3953	5382
122615153	0	5331	3799	3944	5368
122615254	0	5359	3756	3977	5312
122615354	0	5355	3803	3982	5355
122615454	0	5345	3775	3986	5359
122615554	0	5355	3808	3949	5345
122615654	0	5359	3761	3982	5364
122615753	0	5326	3794	3986	5391
122615854	0	5326	3813	3958	5331
122615954	0	5317	3817	3977	5345
122616054	0	5308	3803	3949	5322
122616153	0	5326	3766	3949	5359
122616254	0	5312	3794	3949	5345
122616358	0	5336	3780	3977	5359
122616454	0	5312	3817	3935	5359
122616554	0	5355	3803	3939	5350
122616653	0	5350	3794	3944	5350
122616753	0	5326	3808	3953	5382
122616854	0	5369	3803	3949	5312
122616954	0	5331	3789	3963	5377
122617054	0	5355	3803	3967	5364
122617153	0	5364	3808	3944	5387
122617254	0	5364	3803	3949	5377
122617354	0	5355	3756	3953	5369
122617453	0	5331	3756	3944	5377
122617554	0	5350	3836	3977	5345
122617654	0	5345	3813	3949	5373
122617754	0	5359	3785	3944	5387
122617854	0	5331	3775	3972	5350
122617953	0	5340	3780	3958	5387
122618054	0	5355	3761	3949	5345
122618157	0	5340	3761	3939	5377
122618254	0	5336	3789	3935	5363
122618353	0	5322	3762	3986	5363
122618453	0	5345	3785	3996	5345
122618554	0	5336	3775	3986	5340
122618654	0	5336	3766	3949	5336
122618753	0	5345	3766	3949	5317
122618854	0	5340	3808	3944	5373
122618954	0	5355	3780	3967	5340
122619054	0	5331	3770	3944	5340
122619154	0	5359	3822	3996	5355
122619253	0	5350	3766	3963	5355
122619354	0	5350	3785	3949	5368
122619454	0	5368	3789	3977	5355
122619554	0	5331	3780	3958	5340
122619654	0	5345	3822	3944	5340
122619754	0	5350	3785	3944	5377
122619854	0	5308	3799	3977	5373
122619953	0	5350	3775	3944	5359
