120945587	0	5964	3734	4207	5481
120945695	0	5982	3748	4193	5471
120945787	0	5973	3719	4164	5485
120945887	0	5978	3724	4179	5424
120945986	0	5978	3757	4183	5485
120946087	0	5992	3752	4179	5485
120946189	0	5973	3752	4197	5443
120946287	0	5978	3738	4174	5457
120946387	0	5973	3757	4183	5457
120946487	0	5912	3724	4169	5452
120946587	0	5968	3757	4174	5471
120946687	0	5964	3729	4174	5452
120946787	0	5997	3729	4183	5462
120946887	0	5978	3724	4183	5485
120946987	0	5978	3738	4179	5481
120947087	0	5973	3752	4179	5495
120947187	0	5617	3738	4197	5410
120947286	0	5973	3729	4183	5499
120947386	0	5959	3734	4193	5467
120947487	0	5696	3770	4197	5457
120947587	0	5987	3738	4188	5467
120947686	0	5982	3756	4174	5457
120947787	0	5987	3738	4179	5481
120947887	0	5954	3724	4179	5476
120947987	0	5959	3729	4188	5490
120948087	0	5964	3734	4174	5476
120948186	0	5982	3734	4188	5504
120948287	0	5978	3738	4188	5490
120948387	0	5973	3724	4179	5434
120948487	0	5945	3766	4169	5467
120948587	0	5978	3748	4169	5467
120948687	0	5992	3743	4169	5462
120948787	0	5954	3738	4197	5467
120948887	0	5968	3762	4183	5467
120948987	0	5959	3724	4164	5438
120949087	0	5964	3729	4193	5467
120949187	0	5978	3729	4183	5457
120949287	0	5992	3752	4183	5476
120949386	0	5950	3724	4202	5471
120949487	0	5954	3752	4169	5420
120949587	0	5968	3752	4164	5471
120949687	0	5982	3734	4202	5509
120949787	0	5987	3734	4188	5434
120949886	0	5973	3743	4207	5485
120949986	0	5978	3743	4179	5462
120950087	0	5992	3729	4193	5495
120950187	0	5973	3748	4193	5495
120950289	0	5978	3734	4207	5476
120950387	0	5968	3710	4164	5462
120950487	0	5973	3757	4169	5452
120950587	0	5982	3757	4183	5467
120950687	0	5982	3710	4183	5471
120950787	0	5973	3734	4179	5429
120950887	0	5978	3756	4193	5462
120950987	0	6025	3724	4193	5467
120951087	0	5968	3705	4188	5452
120951187	0	5964	3748	4188	5457
120951287	0	5987	3724	4174	5467
120951387	0	5936	3715	4202	5424
120951487	0	5987	3734	4169	5410
120951587	0	5992	3724	4179	5476
120951686	0	5964	3724	4188	5410
120951787	0	5936	3719	4169	5415
120951887	0	5959	3757	4179	5481
120951987	0	5992	3724	4174	5476
120952087	0	5626	3734	4179	5410
120952186	0	5982	3734	4188	5476
120952287	0	5973	3719	4197	5462
120952386	0	5973	3724	4202	5471
120952487	0	5588	3734	4193	5471
120952586	0	5964	3748	4221	5471
120952687	0	5968	3719	4183	5424
120952787	0	5982	3719	4169	5471
120952887	0	5982	3762	4174	5462
120952987	0	5954	3705	4193	5481
120953086	0	5973	3729	4183	5452
120953187	0	5964	3757	4188	5457
120953287	0	5968	3738	4169	5481
120953387	0	5903	3752	4179	5476
120953487	0	6001	3743	4179	5481
120953587	0	5973	3766	4179	5448
120953687	0	5992	3743	4188	5467
120953787	0	5968	3729	4188	5499
120953887	0	5978	3738	4179	5410
120953986	0	5945	3719	4183	5443
120954087	0	5992	3724	4183	5485
120954186	0	5950	3724	4188	5481
120954287	0	5968	3752	4179	5485
120954388	0	5968	3729	4188	5438
120954487	0	5964	3748	4193	5424
120954587	0	5973	3752	4179	5467
120954687	0	5687	3761	4174	5420
120954786	0	5973	3734	4169	5485
120954886	0	5968	3738	4174	5424
120954987	0	5959	3761	4197	5495
120955086	0	5978	3738	4188	5443
120955187	0	5964	3719	4249	5490
120955286	0	5950	3748	4207	5490
120955387	0	5954	3743	4193	5471
120955487	0	5964	3748	4183	5452
120955587	0	5959	3738	4202	5490
120955687	0	5959	3729	4179	5495
120955786	0	5997	3743	4202	5490
120955886	0	5945	3752	4183	5462
120955987	0	5987	3724	4183	5476
120956087	0	5968	3724	4211	5457
120956186	0	5968	3743	4202	5457
120956287	0	5973	3748	4239	5490
120956387	0	5992	3738	4188	5481
120956487	0	5936	3734	4164	5401
120956586	0	5968	3715	4169	5471
120956687	0	5968	3752	4193	5495
120956787	0	5973	3743	4179	5452
120956886	0	5968	3724	4174	5476
120956986	0	5968	3738	4202	5467
120957087	0	5982	3738	4207	5490
120957186	0	5973	3748	4207	5448
120957286	0	5982	3748	4193	5462
120957387	0	5664	3734	4188	5485
120957487	0	5959	3743	4174	5518
120957587	0	5992	3705	4225	5471
120957687	0	5973	3752	4188	5429
120957787	0	6001	3766	4179	5485
120957887	0	5987	3752	4164	5495
120957986	0	5968	3724	4193	5467
120958087	0	5978	3738	4164	5481
120958187	0	5987	3738	4207	5495
120958286	0	5973	3724	4179	5499
120958387	0	5987	3738	4174	5471
120958488	0	5950	3738	4179	5495
120958585	0	5978	3762	4193	5462
120958684	0	5964	3729	4193	5448
120958787	0	5959	3715	4174	5481
120958885	0	5959	3734	4188	5443
120958985	0	5987	3748	4169	5396
120959085	0	5978	3734	4193	5452
120959184	0	5978	3752	4183	5467
120959284	0	5987	3748	4188	5467
120959385	0	5973	3743	4193	5481
120959484	0	5987	3738	4202	5471
120959585	0	5987	3738	4183	5485
120959685	0	5982	3729	4174	5476
120959785	0	5964	3757	4179	5462
120959885	0	5964	3748	4179	5467
120959984	0	5968	3752	4211	5443
121000084	0	5978	3710	4169	5462
121000184	0	5940	3734	4188	5499
121000284	0	5945	3762	4193	5452
121000384	0	5982	3738	4169	5438
121000484	0	5959	3734	4221	5495
121000584	0	5968	3734	4188	5476
121000684	0	6001	3734	4207	5406
121000785	0	5978	3734	4183	5438
121000885	0	5978	3734	4183	5457
121000984	0	5968	3734	4179	5429
121001085	0	5987	3748	4211	5452
121001185	0	5964	3715	4188	5476
121001285	0	5987	3757	4188	5452
121001384	0	6011	3738	4183	5415
121001484	0	5954	3724	4193	5448
121001585	0	5950	3743	4188	5406
121001685	0	5964	3729	4179	5462
121001785	0	5945	3729	4221	5434
121001884	0	5968	3743	4179	5513
121001985	0	5982	3724	4174	5471
121002085	0	5982	3743	4183	5495
121002184	0	5987	3734	4216	5476
121002285	0	5987	3734	4207	5457
121002384	0	5968	3729	4225	5462
121002485	0	5954	3724	4174	5476
121002589	0	5940	3757	4202	5485
121002685	0	5973	3729	4179	5467
121002784	0	5982	3752	4207	5485
121002884	0	5978	3738	4174	5471
121002985	0	5964	3715	4183	5509
121003085	0	5982	3743	4202	5452
121003184	0	5950	3724	4169	5481
121003284	0	5982	3752	4164	5438
121003384	0	5964	3738	4207	5462
121003485	0	5903	3724	4188	5467
121003585	0	5978	3734	4188	5462
121003685	0	5982	3734	4160	5481
121003784	0	5992	3719	4188	5467
121003884	0	5992	3724	4183	5415
121003985	0	5973	3743	4239	5481
121004084	0	5978	3734	4207	5467
121004185	0	5978	3719	4207	5481
121004284	0	5978	3724	4179	5485
121004385	0	5968	3724	4169	5471
121004485	0	5978	3738	4179	5452
121004584	0	5964	3734	4179	5448
121004684	0	5982	3719	4188	5467
121004785	0	5954	3729	4174	5457
121004885	0	5964	3729	4169	5452
121004985	0	5954	3715	4207	5495
121005084	0	5978	3724	4197	5499
121005184	0	5607	3729	4183	5410
121005284	0	5579	3762	4183	5485
121005384	0	5893	3762	4188	5467
121005485	0	5968	3719	4183	5448
121005585	0	5959	3756	4183	5457
121005685	0	5968	3729	4179	5481
121005785	0	5978	3710	4239	5471
121005885	0	5921	3748	4211	5481
121005984	0	5954	3748	4179	5462
121006085	0	5992	3729	4179	5462
121006185	0	5968	3738	4174	5457
121006284	0	5954	3724	4202	5448
121006384	0	5968	3729	4197	5481
121006484	0	5982	3743	4179	5457
121006584	0	5973	3738	4197	5485
121006689	0	5982	3734	4197	5471
121006785	0	5968	3734	4188	5457
121006884	0	5987	3734	4216	5471
121006985	0	5884	3729	4169	5424
121007084	0	5992	3752	4188	5485
121007185	0	5987	3752	4183	5429
121007284	0	5982	3734	4183	5452
121007384	0	5978	3738	4164	5471
121007485	0	5959	3748	4179	5471
121007585	0	5982	3734	4193	5443
121007685	0	6006	3729	4207	5462
121007785	0	5968	3729	4183	5438
121007885	0	5940	3738	4169	5434
121007985	0	5968	3761	4164	5452
121008085	0	5973	3738	4197	5438
121008184	0	5992	3719	4188	5476
121008285	0	5954	3738	4211	5448
121008385	0	5968	3729	4183	5443
121008485	0	5964	3734	4188	5452
121008584	0	5964	3715	4188	5471
121008685	0	5950	3734	4179	5499
121008784	0	5987	3748	4164	5462
121008884	0	5945	3734	4164	5406
121008984	0	5973	3719	4179	5457
121009084	0	5959	3734	4169	5481
121009185	0	5968	3748	4211	5462
121009284	0	5978	3762	4179	5391
121009384	0	5968	3743	4193	5410
121009485	0	5973	3756	4183	5457
121009585	0	5987	3752	4160	5452
121009684	0	5982	3757	4193	5443
121009785	0	5593	3729	4169	5462
121009884	0	5950	3743	4169	5476
121009985	0	5968	3724	4174	5527
121010085	0	5978	3748	4216	5448
121010185	0	5978	3738	4164	5471
121010285	0	5973	3724	4188	5457
121010384	0	5997	3715	4197	5467
121010484	0	5921	3743	4211	5481
121010585	0	5987	3752	4193	5467
121010684	0	5997	3738	4193	5471
121010789	0	5992	3738	4183	5495
121010885	0	5968	3738	4179	5467
121010984	0	6006	3734	4193	5467
121011084	0	5968	3766	4197	5471
121011185	0	5978	3748	4174	5443
121011284	0	5964	3738	4202	5406
121011385	0	5964	3748	4183	5467
121011484	0	5978	3701	4193	5471
121011584	0	5968	3748	4197	5434
121011685	0	5982	3729	4174	5452
121011784	0	5959	3738	4164	5476
121011884	0	5973	3756	4211	5452
121011984	0	5982	3762	4183	5457
121012084	0	5964	3729	4193	5476
121012184	0	5950	3734	4179	5490
121012284	0	5978	3734	4164	5499
121012384	0	5964	3752	4197	5467
121012484	0	5950	3734	4202	5391
121012585	0	5992	3748	4202	5471
121012684	0	5940	3729	4188	5471
121012784	0	5968	3761	4197	5457
121012884	0	5992	3752	4179	5481
121012985	0	5954	3738	4197	5467
121013084	0	5588	3743	4183	5476
121013185	0	5968	3757	4183	5485
121013284	0	5992	3743	4193	5481
121013385	0	5978	3757	4174	5457
121013484	0	5954	3719	4169	5462
121013584	0	5312	3734	4183	5476
121013685	0	6001	3715	4164	5476
121013784	0	6020	3729	4169	5448
121013884	0	5964	3757	4193	5452
121013985	0	5950	3719	4164	5415
121014085	0	5973	3724	4179	5438
121014185	0	5340	3734	4197	5467
121014284	0	5598	3719	4179	5452
121014384	0	5982	3729	4183	5462
121014485	0	5978	3734	4188	5485
121014585	0	5987	3729	4164	5485
121014684	0	5959	3756	4169	5495
121014784	0	5959	3762	4202	5485
121014888	0	5959	3752	4169	5471
121014985	0	5973	3762	4179	5467
121015084	0	5945	3752	4197	5406
121015185	0	5978	3729	4193	5476
121015284	0	5987	3738	4207	5443
121015384	0	5964	3734	4179	5434
121015485	0	5968	3743	4169	5452
121015585	0	5945	3724	4179	5490
121015685	0	5626	3738	4183	5499
121015785	0	5954	3724	4174	5490
121015884	0	5987	3734	4188	5481
121015984	0	5968	3734	4174	5467
121016085	0	5982	3748	4202	5481
121016184	0	5968	3738	4188	5448
121016285	0	5982	3752	4183	5462
121016384	0	5978	3752	4197	5476
121016485	0	5992	3734	4221	5438
121016585	0	5968	3734	4207	5481
121016685	0	5973	3748	4193	5467
121016785	0	5978	3766	4183	5462
121016885	0	5959	3729	4179	5485
121016985	0	5959	3752	4174	5406
121017085	0	5968	3719	4179	5467
121017190	0	5968	3756	4197	5452
121017285	0	5992	3766	4197	5490
121017384	0	5978	3738	4174	5452
121017485	0	5978	3719	4183	5410
121017584	0	5978	3752	4179	5471
121017685	0	5978	3748	4193	5481
121017784	0	5635	3738	4207	5429
121017884	0	5973	3761	4183	5467
121017984	0	5926	3715	4207	5448
121018084	0	5978	3756	4188	5429
121018184	0	5973	3734	4202	5457
121018285	0	5978	3738	4221	5476
121018384	0	5950	3734	4179	5452
121018484	0	5982	3729	4183	5490
121018585	0	5964	3738	4207	5438
121018684	0	5982	3752	4197	5452
121018785	0	5982	3748	4197	5434
121018884	0	5964	3738	4193	5499
121018988	0	5982	3743	4179	5462
121019084	0	5982	3715	4183	5481
121019185	0	5968	3738	4179	5457
121019284	0	5898	3724	4183	5490
121019384	0	5959	3729	4188	5476
121019484	0	5936	3734	4202	5420
121019584	0	5973	3756	4169	5457
121019684	0	5997	3761	4164	5471
121019784	0	5964	3715	4183	5499
121019885	0	5678	3734	4179	5481
121019984	0	5973	3738	4183	5471
121020084	0	5968	3715	4225	5448
121020184	0	5673	3743	4202	5434
121020284	0	5982	3738	4207	5485
121020385	0	5950	3734	4169	5452
121020484	0	5964	3715	4179	5485
121020584	0	5959	3752	4239	5467
121020684	0	5978	3748	4188	5457
121020784	0	5987	3724	4202	5462
121020884	0	5992	3734	4174	5471
121020984	0	5997	3719	4207	5481
121021085	0	5978	3734	4188	5485
121021185	0	5973	3734	4160	5467
121021285	0	5978	3729	4183	5495
121021384	0	5973	3734	4164	5438
121021485	0	5978	3761	4202	5452
121021584	0	5987	3734	4221	5495
121021684	0	5959	3734	4174	5443
121021784	0	5973	3734	4179	5452
121021885	0	5982	3748	4230	5485
121021984	0	5973	3738	4183	5476
121022085	0	5987	3710	4169	5462
121022184	0	5973	3734	4169	5476
121022285	0	5992	3738	4179	5438
121022384	0	5973	3724	4179	5462
121022485	0	5973	3729	4193	5457
121022585	0	5968	3757	4197	5467
121022685	0	5982	3734	4179	5457
121022784	0	5982	3719	4164	5495
121022884	0	5954	3724	4211	5467
121022985	0	5978	3748	4197	5452
121023088	0	5992	3762	4225	5467
121023184	0	5982	3738	4193	5485
121023285	0	5968	3729	4183	5391
121023384	0	5973	3734	4188	5499
121023484	0	5950	3762	4174	5513
121023585	0	5997	3743	4164	5467
121023684	0	5978	3757	4179	5448
121023784	0	5987	3743	4197	5495
121023885	0	5631	3734	4169	5438
121023985	0	5893	3729	4202	5406
121024085	0	5982	3734	4188	5481
121024184	0	5978	3734	4169	5495
121024285	0	5968	3743	4193	5462
121024385	0	5964	3738	4193	5443
121024485	0	5964	3738	4193	5476
121024584	0	5982	3715	4197	5457
121024685	0	5982	3734	4174	5462
121024784	0	5621	3748	4188	5499
121024884	0	6001	3752	4179	5429
121024984	0	5992	3738	4164	5448
121025084	0	5954	3729	4169	5495
121025184	0	5978	3761	4174	5406
121025284	0	5968	3719	4207	5485
121025384	0	5964	3734	4193	5391
121025485	0	5964	3743	4179	5485
121025584	0	5973	3729	4188	5443
121025685	0	5579	3762	4155	5467
121025784	0	5978	3738	4179	5420
121025885	0	5940	3748	4169	5499
121025984	0	5987	3729	4197	5415
121026084	0	5978	3761	4179	5467
121026184	0	5987	3757	4188	5467
121026284	0	5982	3734	4197	5457
121026384	0	5992	3743	4197	5476
121026485	0	5978	3738	4183	5471
121026584	0	5968	3761	4179	5471
121026685	0	5926	3738	4193	5457
121026784	0	5987	3719	4169	5513
121026884	0	5968	3734	4202	5448
121026985	0	5959	3729	4179	5452
121027085	0	5950	3757	4197	5452
121027188	0	5973	3752	4197	5481
121027284	0	5959	3757	4183	5504
121027384	0	5978	3729	4179	5448
121027484	0	5968	3729	4188	5467
121027584	0	5917	3743	4174	5452
121027684	0	5617	3719	4188	5410
121027785	0	5997	3738	4197	5490
121027884	0	5959	3757	4160	5448
121027984	0	5987	3738	4183	5490
121028085	0	5903	3734	4211	5448
121028184	0	5964	3757	4188	5471
121028284	0	5987	3715	4174	5509
121028384	0	5978	3762	4164	5457
121028484	0	5978	3729	4202	5467
121028584	0	5968	3729	4183	5476
121028684	0	5982	3734	4193	5457
121028785	0	5959	3738	4179	5471
121028884	0	5968	3752	4174	5485
121028985	0	5631	3748	4183	5420
121029084	0	5959	3762	4202	5443
121029185	0	5973	3729	4216	5490
121029284	0	5964	3748	4216	5471
121029384	0	5987	3724	4193	5476
121029485	0	5978	3761	4197	5485
121029585	0	5968	3729	4193	5429
121029685	0	5968	3738	4179	5457
121029784	0	5978	3743	4193	5457
121029885	0	5959	3729	4179	5476
121029984	0	5678	3756	4183	5448
121030085	0	5603	3757	4193	5424
121030184	0	5997	3724	4188	5471
121030284	0	5987	3719	4188	5471
121030384	0	5978	3715	4183	5448
121030485	0	5978	3743	4174	5457
121030584	0	5968	3748	4179	5476
121030685	0	5607	3724	4169	5434
121030785	0	5987	3734	4207	5457
121030884	0	5973	3729	4179	5434
121030985	0	5978	3724	4221	5467
121031084	0	5973	3743	4188	5448
121031184	0	5959	3757	4207	5462
121031288	0	5964	3729	4193	5448
121031384	0	5954	3724	4169	5443
121031484	0	5997	3724	4225	5490
121031584	0	5968	3724	4211	5476
121031684	0	5968	3729	4179	5467
121031784	0	5987	3748	4179	5429
121031885	0	5973	3743	4193	5462
121031984	0	5964	3734	4174	5509
121032084	0	5954	3738	4174	5452
121032185	0	5978	3738	4183	5401
121032284	0	5968	3734	4193	5490
121032385	0	5978	3724	4179	5462
121032484	0	5720	3757	4183	5513
121032584	0	5973	3719	4202	5434
121032684	0	5973	3734	4179	5471
121032784	0	5968	3734	4211	5476
121032884	0	5992	3757	4188	5490
121032984	0	5968	3738	4197	5462
121033084	0	5959	3743	4197	5448
121033184	0	5954	3729	4183	5476
121033284	0	5968	3734	4174	5410
121033384	0	5982	3761	4188	5420
121033484	0	5987	3743	4169	5495
121033584	0	5950	3748	4179	5438
121033684	0	5992	3724	4197	5504
121033785	0	5982	3729	4183	5457
121033884	0	5968	3743	4193	5462
121033985	0	5982	3734	4183	5481
121034084	0	5973	3752	4169	5485
121034184	0	5982	3724	4197	5443
121034285	0	5978	3710	4174	5481
121034385	0	5978	3724	4202	5495
121034485	0	5987	3738	4164	5485
121034584	0	5950	3748	4183	5467
121034685	0	5982	3734	4193	5485
121034784	0	5968	3729	4183	5467
121034884	0	5978	3748	4216	5495
121034985	0	5992	3738	4188	5462
121035084	0	5607	3734	4216	5410
121035184	0	5954	3748	4207	5467
121035284	0	5978	3724	4183	5406
121035388	0	5968	3743	4183	5467
121035484	0	5978	3724	4164	5448
121035584	0	5978	3743	4202	5467
121035684	0	5964	3762	4193	5429
121035785	0	5978	3738	4221	5457
121035884	0	5973	3752	4202	5443
121035985	0	5588	3757	4183	5429
121036084	0	5973	3729	4179	5457
121036184	0	5987	3757	4179	5429
121036284	0	5987	3719	4197	5485
121036385	0	5603	3734	4197	5457
121036484	0	5950	3756	4193	5452
121036584	0	5959	3724	4183	5499
121036684	0	5987	3729	4179	5452
121036784	0	5978	3748	4174	5476
121036884	0	5973	3738	4183	5457
121036984	0	5978	3738	4174	5434
121037085	0	5950	3729	4202	5481
121037185	0	5987	3734	4188	5424
121037284	0	5987	3724	4202	5462
121037384	0	5964	3719	4202	5471
121037485	0	5954	3724	4183	5481
121037584	0	5973	3757	4179	5452
121037684	0	5978	3734	4188	5457
121037784	0	5968	3734	4169	5481
121037884	0	5959	3761	4164	5467
121037984	0	5964	3729	4188	5457
121038084	0	5907	3738	4183	5438
121038184	0	5968	3738	4179	5471
121038284	0	5964	3748	4179	5462
121038384	0	5959	3757	4179	5457
121038485	0	5964	3761	4164	5452
121038584	0	5978	3738	4183	5513
121038684	0	5959	3738	4174	5457
121038785	0	5968	3762	4193	5467
121038884	0	5968	3734	4197	5452
121038984	0	5954	3724	4188	5481
121039085	0	5954	3748	4211	5471
121039184	0	5997	3710	4183	5471
121039284	0	5959	3724	4174	5476
121039384	0	5973	3729	4169	5448
121039488	0	5968	3752	4193	5406
121039584	0	5954	3710	4169	5424
121039684	0	5973	3752	4174	5495
121039784	0	5982	3748	4216	5420
121039885	0	5978	3743	4174	5490
121039984	0	5987	3748	4179	5485
121040084	0	5968	3719	4169	5490
121040184	0	5968	3719	4188	5452
121040284	0	5959	3766	4179	5495
121040384	0	5968	3719	4169	5471
121040484	0	5973	3734	4188	5476
121040584	0	5973	3748	4179	5471
121040684	0	5982	3719	4193	5495
121040784	0	5964	3738	4174	5457
121040885	0	5987	3729	4183	5476
121040984	0	5950	3724	4183	5448
121041085	0	5987	3724	4202	5452
121041184	0	5959	3724	4169	5471
121041284	0	5992	3724	4207	5481
121041384	0	5987	3748	4183	5499
121041484	0	5635	3738	4188	5457
121041584	0	5968	3724	4193	5481
121041684	0	5607	3724	4183	5452
121041784	0	6001	3756	4202	5471
121041884	0	5978	3734	4179	5467
121041985	0	5603	3729	4164	5481
121042084	0	5964	3734	4183	5476
121042184	0	5982	3729	4174	5457
121042285	0	5968	3752	4202	5438
121042384	0	5973	3734	4216	5471
121042484	0	5978	3743	4193	5415
121042584	0	5603	3748	4183	5467
121042684	0	5978	3743	4183	5452
121042784	0	5997	3724	4174	5424
121042884	0	5987	3719	4183	5457
121042984	0	5968	3762	4193	5457
121043085	0	5687	3738	4216	5462
121043184	0	5954	3752	4174	5471
121043284	0	5978	3743	4183	5476
121043384	0	5992	3748	4202	5481
121043484	0	5982	3738	4183	5481
121043588	0	5954	3743	4207	5457
121043684	0	5982	3734	4193	5448
121043784	0	5968	3729	4202	5471
121043884	0	5987	3738	4179	5452
121043984	0	5982	3734	4174	5467
121044084	0	5950	3724	4188	5448
121044184	0	5964	3710	4169	5429
121044284	0	5964	3724	4179	5485
121044385	0	5978	3734	4183	5485
121044484	0	5973	3752	4183	5467
121044584	0	5992	3724	4211	5467
121044684	0	5959	3756	4197	5452
121044784	0	5959	3762	4183	5462
121044884	0	5982	3734	4188	5467
121044985	0	5954	3743	4174	5481
121045084	0	5978	3734	4211	5462
121045184	0	5964	3743	4169	5452
121045284	0	5987	3748	4221	5495
121045384	0	5964	3752	4179	5457
121045484	0	5973	3748	4179	5467
121045585	0	5997	3729	4216	5448
121045684	0	5964	3738	4207	5481
121045784	0	5898	3743	4183	5457
121045885	0	5978	3738	4193	5485
121045985	0	5959	3715	4183	5467
121046084	0	5945	3757	4164	5467
121046184	0	5978	3734	4179	5462
121046284	0	5982	3734	4244	5481
121046384	0	5945	3748	4202	5467
121046484	0	5668	3743	4197	5481
121046584	0	6015	3752	4188	5443
121046684	0	6001	3724	4179	5467
121046784	0	5968	3756	4188	5499
121046884	0	5992	3729	4197	5457
121046984	0	5968	3729	4202	5462
121047084	0	5973	3762	4197	5476
121047184	0	5973	3752	4207	5462
121047284	0	5978	3761	4183	5499
121047384	0	5997	3748	4193	5448
121047484	0	5973	3734	4160	5434
121047584	0	5968	3724	4179	5457
121047688	0	5678	3738	4193	5471
121047785	0	5973	3729	4216	5481
121047884	0	5982	3734	4183	5452
121047984	0	5982	3729	4188	5471
121048084	0	5973	3762	4188	5467
121048184	0	5945	3748	4179	5443
121048284	0	5959	3762	4179	5448
121048384	0	5987	3748	4179	5471
121048484	0	5973	3738	4183	5471
121048584	0	5968	3715	4193	5476
121048685	0	5987	3738	4197	5476
121048784	0	5973	3729	4174	5457
121048884	0	5954	3734	4221	5499
121048984	0	5954	3738	4188	5415
121049084	0	5968	3729	4183	5504
121049184	0	5635	3724	4183	5457
121049284	0	5950	3738	4174	5457
121049384	0	5968	3748	4188	5443
121049484	0	5973	3743	4197	5462
121049584	0	5992	3757	4202	5429
121049684	0	5978	3752	4183	5476
121049784	0	6011	3729	4221	5415
121049884	0	5992	3748	4207	5467
121049984	0	5968	3734	4202	5490
121050084	0	5968	3724	4174	5452
121050184	0	5982	3729	4193	5462
121050285	0	5964	3738	4188	5467
121050384	0	5968	3738	4183	5443
121050484	0	5982	3738	4207	5499
121050584	0	5959	3729	4169	5462
121050684	0	5926	3715	4193	5448
121050784	0	5987	3762	4188	5485
121050884	0	5973	3734	4174	5434
121050984	0	5978	3719	4197	5462
121051084	0	5945	3752	4193	5448
121051184	0	5997	3719	4207	5481
121051284	0	5973	3738	4174	5476
121051384	0	5964	3724	4207	5467
121051484	0	5678	3738	4179	5438
121051584	0	5964	3752	4183	5471
121051684	0	5964	3734	4174	5462
121051788	0	5964	3734	4179	5448
121051885	0	5626	3729	4202	5462
121051984	0	5959	3757	4207	5467
121052084	0	5603	3743	4188	5467
121052184	0	5968	3724	4197	5452
121052284	0	5992	3729	4216	5485
121052384	0	5950	3757	4179	5457
121052484	0	5997	3734	4164	5420
121052584	0	5973	3734	4197	5481
121052684	0	5954	3738	4179	5452
121052784	0	5964	3719	4193	5499
121052884	0	5968	3719	4216	5448
121052984	0	5978	3748	4197	5452
121053084	0	5982	3729	4169	5424
121053184	0	5940	3734	4179	5452
121053284	0	5945	3748	4183	5471
121053384	0	5912	3752	4197	5476
121053484	0	6001	3743	4193	5476
121053584	0	5954	3729	4188	5471
121053684	0	5978	3734	4179	5481
121053784	0	5964	3757	4188	5481
121053884	0	5931	3752	4188	5485
121053985	0	5954	3734	4183	5467
121054084	0	5964	3748	4179	5462
121054184	0	5978	3743	4169	5443
121054284	0	5964	3724	4188	5452
121054384	0	5968	3743	4183	5471
121054484	0	5964	3752	4197	5476
121054584	0	5987	3738	4188	5452
121054684	0	5940	3738	4188	5443
121054784	0	5950	3734	4183	5490
121054884	0	5968	3748	4183	5457
121054984	0	5696	3724	4197	5452
121055084	0	5954	3715	4197	5476
121055185	0	5978	3734	4188	5490
121055284	0	5968	3729	4216	5410
121055384	0	5987	3748	4202	5471
121055484	0	5982	3715	4188	5476
121055584	0	5978	3756	4202	5448
121055684	0	5978	3743	4174	5490
121055784	0	5959	3743	4188	5471
121055888	0	5964	3756	4183	5495
121055984	0	5973	3748	4188	5457
121056084	0	5978	3756	4230	5443
121056184	0	5968	3743	4197	5448
121056284	0	5964	3757	4225	5462
121056384	0	5982	3762	4183	5471
121056484	0	5973	3748	4188	5490
121056584	0	5992	3734	4239	5457
121056684	0	5964	3748	4193	5481
121056784	0	5959	3738	4193	5462
121056884	0	5997	3752	4174	5452
121056984	0	5997	3752	4197	5457
121057084	0	5978	3705	4207	5452
121057184	0	5997	3748	4197	5476
121057284	0	5978	3752	4183	5467
121057384	0	5973	3743	4188	5448
121057484	0	5968	3770	4179	5481
121057584	0	5968	3756	4193	5420
121057684	0	5978	3748	4164	5443
121057784	0	5973	3757	4160	5438
121057884	0	5978	3734	4179	5485
121057984	0	5631	3762	4183	5471
121058084	0	5978	3729	4174	5443
121058184	0	5964	3734	4174	5424
121058284	0	5987	3752	4179	5471
121058384	0	5959	3738	4193	5448
121058484	0	5959	3752	4193	5467
121058584	0	5982	3729	4179	5476
121058684	0	5992	3734	4164	5490
121058784	0	5968	3748	4188	5415
121058884	0	5950	3734	4169	5452
121058984	0	5950	3738	4179	5467
121059084	0	5973	3715	4183	5467
121059184	0	5973	3743	4197	5457
121059284	0	5992	3729	4211	5467
121059384	0	5978	3752	4197	5471
121059484	0	5879	3748	4179	5481
121059584	0	5978	3748	4202	5467
121059684	0	5964	3719	4164	5467
121059784	0	5954	3738	4197	5467
121059884	0	5982	3743	4179	5471
121059988	0	5978	3757	4179	5476
121100084	0	5987	3757	4169	5462
121100184	0	5978	3743	4188	5481
121100284	0	5964	3757	4179	5471
121100384	0	5992	3748	4197	5499
121100484	0	5964	3748	4202	5452
121100584	0	5973	3729	4197	5467
121100683	0	5978	3724	4183	5443
121100784	0	5964	3748	4216	5476
121100884	0	5973	3734	4197	5457
121100984	0	5978	3729	4188	5462
121101084	0	5954	3724	4188	5452
121101184	0	5982	3734	4197	5476
121101284	0	5964	3738	4197	5457
121101384	0	5945	3734	4188	5467
121101484	0	5931	3757	4193	5504
121101584	0	5992	3738	4193	5485
121101684	0	5903	3738	4169	5457
121101784	0	5959	3724	4193	5415
121101884	0	5964	3757	4164	5452
121101984	0	5954	3734	4183	5462
121102184	0	5973	3734	4183	5476
121102284	0	5973	3748	4197	5495
121102384	0	5978	3734	4174	5467
121102484	0	6006	3743	4169	5462
121102584	0	5968	3757	4179	5509
121102684	0	5973	3762	4183	5438
121102784	0	5987	3724	4202	5485
121102884	0	5978	3752	4188	5471
121102984	0	5982	3752	4207	5457
121103084	0	5978	3743	4193	5481
121103184	0	5968	3752	4188	5420
121103284	0	5964	3734	4183	5485
121103384	0	5978	3724	4188	5481
121103484	0	5987	3762	4174	5476
121103584	0	5982	3748	4188	5452
121103683	0	5968	3719	4174	5462
121103784	0	5973	3724	4183	5467
121103884	0	5950	3724	4179	5467
121103984	0	5968	3752	4197	5471
121104088	0	5973	3724	4169	5467
121104184	0	5978	3762	4169	5499
121104284	0	5973	3729	4207	5490
121104384	0	5968	3729	4202	5448
121104484	0	5978	3738	4202	5495
121104584	0	5954	3743	4174	5448
121104684	0	5959	3729	4207	5410
121104783	0	5982	3738	4183	5457
121104884	0	5973	3734	4169	5467
121104984	0	5978	3748	4188	5467
121105084	0	5964	3738	4179	5448
121105184	0	5959	3756	4174	5476
121105284	0	5978	3719	4193	5443
121105384	0	5959	3734	4193	5415
121105484	0	5968	3738	4179	5457
121105584	0	5968	3757	4188	5495
121105684	0	5987	3743	4174	5457
121105784	0	5978	3738	4202	5457
121105884	0	5973	3743	4211	5467
121105984	0	5978	3729	4193	5504
121106084	0	5964	3748	4193	5443
121106184	0	5959	3710	4202	5457
121106284	0	5982	3743	4207	5471
121106384	0	5982	3752	4174	5424
121106484	0	5982	3743	4174	5452
121106584	0	5950	3743	4188	5476
121106684	0	5954	3748	4188	5481
121106785	0	5964	3734	4179	5452
121106884	0	5954	3734	4225	5485
121106984	0	5964	3752	4193	5457
121107084	0	5982	3743	4183	5443
121107184	0	5973	3734	4188	5457
121107284	0	5926	3752	4174	5448
121107384	0	5959	3734	4225	5467
121107484	0	5964	3757	4169	5476
121107584	0	5973	3734	4202	5476
121107683	0	5950	3743	4193	5467
121107784	0	5987	3752	4174	5462
121107884	0	5982	3752	4188	5471
121107984	0	5992	3724	4179	5457
121108084	0	5968	3752	4197	5481
121108188	0	5950	3757	4207	5467
121108284	0	5968	3729	4197	5471
121108384	0	5982	3729	4155	5471
121108484	0	5964	3734	4197	5448
121108584	0	5893	3715	4211	5481
121108684	0	5982	3724	4188	5481
121108784	0	5992	3738	4197	5424
121108884	0	5982	3743	4174	5467
121108990	0	5973	3734	4183	5457
121109084	0	5978	3738	4188	5476
121109184	0	5987	3724	4174	5438
121109284	0	5968	3729	4230	5481
121109384	0	5982	3738	4183	5476
121109484	0	5982	3752	4183	5443
121109584	0	5982	3743	4188	5457
121109684	0	5959	3748	4188	5471
121109784	0	5978	3757	4160	5452
121109884	0	5992	3715	4169	5499
121109984	0	5959	3743	4188	5467
121110084	0	5978	3734	4179	5467
121110183	0	5973	3748	4179	5462
121110284	0	5617	3743	4183	5462
121110383	0	5959	3775	4183	5481
121110484	0	5973	3738	4179	5420
121110584	0	5987	3762	4179	5485
121110684	0	5982	3734	4174	5424
121110784	0	5968	3738	4183	5438
121110884	0	5978	3757	4202	5471
121110984	0	5959	3724	4174	5467
121111084	0	5959	3738	4174	5448
121111184	0	5978	3748	4179	5467
121111284	0	5954	3752	4193	5457
121111384	0	5631	3743	4202	5490
121111484	0	5959	3724	4193	5457
121111584	0	5968	3752	4169	5452
121111684	0	5978	3724	4188	5499
121111783	0	5954	3748	4183	5467
121111884	0	5978	3738	4164	5467
121111984	0	5978	3752	4197	5476
121112084	0	5950	3752	4188	5481
121112184	0	5978	3757	4174	5429
121112288	0	5968	3738	4202	5476
121112384	0	5987	3734	4197	5471
121112484	0	5968	3743	4216	5462
121112584	0	5950	3724	4174	5504
121112684	0	5978	3734	4174	5504
121112784	0	5978	3752	4169	5471
121112884	0	5973	3762	4197	5415
121112984	0	5898	3738	4169	5467
121113084	0	5978	3738	4183	5443
121113184	0	5982	3743	4179	5452
121113284	0	5964	3734	4169	5429
121113384	0	5973	3743	4179	5467
121113484	0	5973	3738	4197	5429
121113584	0	5954	3738	4183	5462
121113684	0	5978	3743	4183	5476
121113784	0	5593	3724	4193	5495
121113884	0	5903	3734	4183	5467
121113984	0	5964	3748	4179	5434
121114083	0	5987	3757	4221	5471
121114184	0	5992	3757	4193	5438
121114284	0	5987	3761	4174	5476
121114383	0	5964	3738	4221	5457
121114483	0	5959	3757	4183	5462
121114585	0	5973	3738	4179	5448
121114684	0	5978	3734	4197	5471
121114784	0	5964	3762	4188	5467
121114884	0	5687	3748	4183	5467
121114983	0	6006	3761	4202	5471
121115084	0	5982	3738	4197	5476
121115184	0	5964	3734	4197	5434
121115284	0	5964	3738	4179	5467
121115384	0	5710	3724	4188	5481
121115484	0	5940	3743	4179	5481
121115584	0	5954	3719	4188	5495
121115684	0	5950	3752	4188	5485
121115784	0	5978	3743	4225	5434
121115884	0	5992	3743	4188	5443
121115984	0	5992	3752	4164	5471
121116084	0	5968	3757	4188	5490
121116184	0	5978	3748	4211	5467
121116284	0	5982	3757	4188	5467
121116388	0	5987	3738	4179	5471
121116484	0	6011	3729	4188	5481
121116584	0	5940	3734	4183	5457
121116684	0	5997	3738	4188	5457
121116784	0	5968	3734	4164	5471
121116884	0	5987	3748	4197	5452
121116984	0	5978	3743	4211	5467
121117084	0	5950	3743	4164	5438
121117184	0	5964	3743	4183	5448
121117283	0	5964	3756	4202	5495
121117384	0	5973	3752	4188	5471
121117484	0	5964	3729	4202	5485
121117584	0	5973	3729	4183	5471
121117684	0	5982	3724	4174	5424
121117783	0	5964	3752	4188	5485
121117884	0	5959	3729	4207	5481
121117984	0	5987	3738	4193	5504
121118083	0	5973	3734	4197	5467
121118184	0	5987	3724	4179	5443
121118284	0	5987	3724	4183	5467
121118384	0	5982	3724	4188	5495
121118484	0	5968	3743	4202	5471
121118584	0	5982	3738	4179	5438
121118684	0	5973	3752	4179	5471
121118784	0	5978	3748	4193	5471
121118884	0	6006	3724	4216	5471
121118984	0	5978	3743	4174	5490
121119083	0	5992	3734	4188	5485
121119184	0	5954	3719	4188	5462
121119284	0	6001	3748	4197	5467
121119383	0	5982	3734	4193	5462
121119484	0	5973	3724	4207	5471
121119584	0	5973	3738	4183	5495
121119684	0	5997	3743	4188	5485
121119783	0	5968	3762	4197	5462
121119883	0	5964	3738	4164	5485
121119984	0	5959	3738	4230	5462
121120084	0	5950	3757	4179	5485
121120184	0	5982	3748	4183	5443
121120284	0	5588	3734	4197	5490
121120384	0	5973	3729	4197	5467
121120485	0	5982	3719	4221	5457
121120584	0	5982	3756	4188	5467
121120684	0	5973	3729	4169	5429
121120784	0	5982	3734	4207	5457
121120884	0	5964	3743	4197	5471
121120984	0	5982	3748	4179	5457
121121084	0	5982	3715	4193	5457
121121184	0	5968	3748	4188	5434
121121284	0	5959	3757	4197	5471
121121384	0	5950	3752	4211	5485
121121484	0	5992	3729	4169	5471
121121584	0	5701	3734	4183	5471
121121683	0	5987	3734	4183	5438
121121784	0	6006	3743	4211	5481
121121884	0	5964	3738	4183	5434
121121984	0	5982	3743	4202	5467
121122184	0	5964	3743	4169	5476
121122283	0	5978	3738	4202	5481
121122384	0	5982	3729	4207	5462
121122484	0	5968	3743	4179	5481
121122584	0	5968	3757	4207	5452
121122684	0	5982	3734	4197	5420
121122783	0	5940	3752	4188	5429
121122884	0	5987	3757	4174	5448
121122983	0	5603	3743	4183	5490
121123084	0	5982	3729	4193	5438
121123183	0	5945	3748	4179	5471
121123284	0	5973	3724	4169	5457
121123384	0	5987	3729	4169	5481
121123484	0	5992	3738	4183	5457
121123584	0	5959	3756	4197	5485
121123684	0	5959	3762	4197	5485
121123784	0	5992	3748	4174	5410
121123883	0	5973	3738	4183	5485
121123984	0	5973	3734	4188	5481
121124083	0	5973	3738	4225	5471
121124184	0	5945	3715	4174	5467
121124284	0	5964	3715	4179	5481
121124384	0	5968	3724	4183	5443
121124483	0	5954	3724	4188	5471
121124586	0	5954	3748	4188	5424
121124683	0	5973	3724	4179	5443
121124783	0	5968	3729	4183	5438
121124883	0	5968	3743	4202	5499
121124983	0	5950	3738	4174	5452
121125083	0	5973	3775	4174	5471
121125184	0	5959	3743	4169	5434
121125284	0	5973	3743	4193	5457
121125384	0	5987	3729	4193	5462
121125483	0	5945	3724	4183	5467
121125583	0	5673	3738	4188	5485
121125684	0	5982	3724	4235	5452
121125784	0	5973	3748	4207	5471
121125882	0	5982	3757	4188	5434
121125982	0	5968	3757	4174	5438
121126082	0	5978	3748	4193	5438
121126182	0	5964	3738	4188	5457
121126282	0	5973	3729	4169	5476
121126381	0	5968	3724	4179	5490
121126482	0	5973	3729	4183	5462
121126581	0	5968	3762	4197	5438
121126682	0	5982	3734	4179	5457
121126782	0	5696	3738	4183	5467
121126881	0	5987	3761	4207	5448
121126981	0	5959	3738	4188	5485
121127082	0	5973	3748	4193	5448
121127182	0	5992	3743	4207	5467
121127282	0	5982	3743	4183	5467
121127382	0	5968	3762	4183	5406
121127482	0	5997	3734	4188	5471
121127582	0	5973	3738	4174	5448
121127682	0	5973	3748	4188	5420
121127781	0	5687	3752	4188	5462
121127882	0	5968	3724	4221	5410
121127982	0	5987	3748	4207	5476
121128081	0	5950	3752	4211	5485
121128182	0	5959	3738	4216	5452
121128281	0	5968	3738	4164	5457
121128382	0	5959	3738	4216	5481
121128482	0	5912	3748	4202	5452
121128582	0	5992	3719	4188	5467
121128685	0	5987	3724	4174	5476
121128781	0	5959	3734	4188	5467
121128882	0	5954	3738	4188	5410
121128982	0	5982	3724	4193	5457
121129082	0	5992	3757	4179	5457
121129181	0	6006	3748	4188	5443
121129282	0	5978	3748	4221	5438
121129382	0	5968	3748	4197	5471
121129482	0	5982	3734	4169	5485
121129582	0	5992	3738	4193	5499
121129681	0	5964	3719	4197	5481
121129782	0	5968	3748	4183	5481
121129882	0	5978	3738	4179	5476
121129982	0	5978	3729	4183	5471
121130082	0	5968	3724	4183	5485
121130182	0	5973	3738	4183	5452
121130282	0	5992	3734	4179	5476
121130382	0	5978	3715	4179	5490
121130481	0	5964	3738	4183	5467
121130581	0	5964	3734	4174	5504
121130681	0	5978	3757	4179	5462
121130782	0	6001	3762	4174	5490
121130881	0	5940	3719	4183	5467
121130982	0	5968	3715	4160	5457
121131081	0	5626	3738	4174	5443
121131182	0	5964	3729	4188	5499
121131281	0	5987	3719	4179	5448
121131382	0	5987	3743	4188	5462
121131482	0	5973	3715	4183	5457
121131582	0	5964	3743	4174	5481
121131682	0	5982	3762	4211	5457
121131782	0	5968	3752	4216	5457
121131882	0	5936	3752	4174	5485
121131982	0	5987	3748	4193	5490
121132082	0	5987	3762	4202	5490
121132182	0	5950	3743	4193	5420
121132281	0	6011	3738	4183	5462
121132382	0	5973	3752	4207	5467
121132481	0	5607	3729	4179	5481
121132581	0	5987	3729	4197	5467
121132681	0	5968	3719	4211	5448
121132786	0	5968	3748	4193	5452
121132882	0	5968	3719	4174	5476
121132981	0	5992	3738	4183	5452
121133082	0	5978	3738	4179	5452
121133182	0	5982	3748	4188	5481
121133282	0	5959	3743	4230	5476
121133382	0	5954	3729	4155	5476
121133481	0	5987	3710	4174	5471
121133582	0	5973	3734	4169	5485
121133681	0	5973	3729	4183	5471
121133781	0	5997	3743	4188	5471
121133881	0	5973	3748	4183	5476
121133981	0	5978	3757	4160	5396
121134082	0	6006	3715	4202	5452
121134182	0	5954	3738	4164	5462
121134281	0	5978	3729	4207	5481
121134382	0	5621	3734	4183	5476
121134482	0	5978	3743	4193	5448
121134581	0	5917	3724	4197	5481
121134682	0	5978	3729	4188	5448
121134782	0	5982	3719	4183	5434
121134882	0	5978	3756	4183	5481
121134981	0	5964	3748	4179	5448
121135082	0	5987	3729	4179	5476
121135181	0	5678	3748	4197	5457
121135282	0	5978	3724	4197	5452
121135381	0	5964	3743	4211	5471
121135481	0	5968	3734	4188	5448
121135582	0	5973	3752	4183	5443
121135681	0	5893	3719	4188	5467
121135781	0	5954	3743	4202	5452
121135882	0	5968	3719	4183	5490
121135982	0	5982	3738	4193	5457
121136082	0	5973	3762	4179	5452
121136182	0	5959	3743	4183	5438
121136281	0	5931	3719	4197	5471
121136382	0	5982	3724	4193	5429
121136481	0	5987	3729	4183	5462
121136582	0	5973	3743	4169	5448
121136681	0	5978	3724	4183	5481
121136782	0	5978	3762	4193	5448
121136886	0	5982	3757	4202	5443
121136982	0	5973	3724	4216	5448
121137081	0	5954	3734	4202	5467
121137181	0	5987	3734	4202	5495
121137282	0	5992	3729	4197	5443
121137381	0	5978	3729	4164	5490
121137481	0	5936	3715	4183	5457
121137581	0	5982	3738	4183	5452
121137682	0	5992	3734	4202	5476
121137781	0	5973	3734	4183	5471
121137881	0	5992	3729	4197	5434
121137981	0	5959	3729	4183	5457
121138081	0	5982	3734	4183	5481
121138181	0	5973	3738	4197	5462
121138282	0	5973	3729	4183	5462
121138381	0	5973	3729	4197	5467
121138482	0	5978	3743	4174	5490
121138582	0	5978	3757	4174	5490
121138681	0	5982	3724	4239	5485
121138781	0	5959	3743	4193	5429
121138881	0	5959	3738	4197	5499
121138982	0	5968	3757	4183	5467
121139082	0	5982	3748	4183	5471
121139382	0	5978	3743	4193	5448
121139481	0	5959	3743	4225	5452
121139582	0	5978	3752	4193	5452
121139682	0	5982	3743	4197	5434
121139781	0	5954	3748	4193	5471
121139882	0	5973	3729	4207	5467
121139981	0	5982	3734	4207	5471
121140082	0	5954	3724	4202	5448
121140182	0	5950	3743	4188	5457
121140282	0	5973	3743	4188	5457
121140381	0	5950	3719	4160	5429
121140482	0	5992	3724	4188	5452
121140582	0	5978	3729	4207	5471
121140682	0	5959	3748	4193	5471
121140781	0	5964	3748	4207	5481
121140881	0	5978	3729	4193	5471
121140986	0	5982	3748	4202	5481
121141081	0	5954	3752	4183	5457
121141181	0	5973	3738	4225	5452
121141281	0	5959	3719	4202	5471
121141381	0	5982	3743	4183	5448
121141482	0	5968	3734	4174	5443
121141581	0	5982	3757	4164	5467
121141681	0	5982	3757	4188	5462
121141782	0	5982	3724	4169	5438
121141881	0	5950	3719	4216	5452
121141982	0	5968	3743	4188	5467
121142081	0	6006	3734	4211	5471
121142182	0	5997	3719	4164	5467
121142281	0	5973	3748	4160	5476
121142381	0	5992	3724	4197	5443
121142481	0	5968	3729	4211	5420
121142581	0	5931	3762	4225	5424
121142682	0	5964	3719	4188	5467
121142781	0	5964	3734	4169	5457
121142881	0	5978	3729	4164	5452
121142982	0	5907	3743	4193	5490
121143081	0	5978	3738	4188	5471
121143181	0	5964	3748	4197	5462
121143281	0	5964	3752	4188	5462
121143381	0	5978	3734	4179	5452
121143481	0	5982	3762	4174	5471
121143581	0	5968	3757	4188	5476
121143682	0	5954	3738	4169	5462
121143782	0	5982	3724	4188	5481
121143881	0	5973	3752	4179	5471
121143982	0	5954	3734	4188	5467
121144081	0	5964	3752	4188	5481
121144182	0	5945	3729	4179	5457
121144282	0	5950	3757	4183	5471
121144382	0	5959	3719	4188	5452
121144482	0	5968	3757	4183	5462
121144582	0	5982	3734	4211	5467
121144681	0	5964	3738	4235	5448
121144781	0	5978	3752	4239	5476
121144881	0	5973	3729	4183	5481
121144982	0	5964	3724	4164	5471
121145086	0	5982	3752	4221	5452
121145182	0	5968	3734	4188	5429
121145281	0	5954	3734	4188	5467
121145381	0	5968	3719	4179	5490
121145481	0	5987	3715	4188	5457
121145581	0	5612	3738	4183	5476
121145682	0	5968	3734	4183	5462
121145782	0	5987	3761	4193	5452
121145881	0	5959	3752	4188	5476
121145982	0	5954	3738	4169	5476
121146081	0	5968	3743	4207	5471
121146181	0	5978	3729	4169	5443
121146281	0	5973	3729	4183	5410
121146382	0	5982	3748	4183	5452
121146482	0	5978	3743	4216	5467
121146581	0	5968	3724	4183	5481
121146682	0	5968	3734	4207	5490
121146782	0	5992	3724	4164	5471
121146882	0	5978	3752	4183	5481
121146982	0	5968	3757	4211	5452
121147082	0	5978	3738	4179	5462
121147181	0	5954	3734	4174	5490
121147282	0	5973	3738	4174	5462
121147381	0	5945	3743	4216	5476
121147482	0	5978	3724	4179	5462
121147582	0	5959	3719	4197	5448
121147682	0	5968	3743	4211	5438
121147781	0	5959	3748	4183	5499
121147882	0	5997	3752	4188	5471
121147981	0	5950	3752	4239	5467
121148081	0	6001	3729	4216	5490
121148182	0	5950	3738	4183	5490
121148281	0	5973	3752	4207	5471
121148382	0	5978	3715	4155	5462
121148482	0	5954	3743	4193	5467
121148581	0	5950	3729	4193	5406
121148682	0	5987	3738	4169	5471
121148781	0	5964	3756	4179	5471
121148881	0	5926	3729	4164	5467
121148982	0	5973	3734	4197	5490
121149081	0	5964	3729	4202	5443
121149185	0	5959	3748	4197	5481
121149281	0	5982	3715	4174	5452
121149381	0	5973	3719	4188	5448
121149482	0	5982	3752	4188	5415
121149582	0	5959	3734	4188	5490
121149682	0	5959	3743	4179	5462
121149782	0	5617	3734	4188	5481
121149884	0	5987	3748	4179	5462
121149982	0	5893	3729	4179	5467
121150081	0	5968	3743	4202	5443
121150181	0	5954	3719	4188	5410
121150282	0	5982	3752	4183	5434
121150382	0	5612	3762	4179	5462
121150481	0	5964	3724	4193	5462
121150581	0	5964	3738	4230	5467
121150682	0	5964	3719	4183	5443
121150782	0	5959	3756	4197	5452
121150881	0	5992	3748	4183	5485
121150981	0	5954	3757	4179	5471
121151082	0	5968	3738	4202	5462
121151182	0	5945	3762	4169	5443
121151282	0	5959	3724	4188	5452
121151381	0	5982	3724	4193	5452
121151481	0	5959	3738	4211	5448
121151581	0	5982	3762	4183	5401
121151682	0	5982	3734	4183	5452
121151781	0	5997	3752	4179	5485
121151882	0	5982	3752	4179	5457
121151982	0	5964	3743	4197	5443
121152081	0	5968	3738	4193	5457
121152182	0	5968	3757	4183	5452
121152281	0	5982	3748	4188	5457
121152382	0	5936	3738	4188	5452
121152481	0	5997	3724	4188	5401
121152581	0	5978	3743	4174	5481
121152681	0	5973	3738	4179	5476
121152782	0	5959	3738	4183	5471
121152882	0	5954	3757	4188	5462
121152982	0	5987	3719	4188	5448
121153082	0	5973	3734	4174	5462
121153181	0	5997	3748	4207	5476
121153285	0	5987	3752	4179	5462
121153381	0	5959	3738	4197	5499
121153482	0	5992	3743	4188	5424
121153581	0	5959	3757	4193	5476
121153682	0	5959	3719	4169	5420
121153781	0	5968	3729	4188	5485
121153882	0	5982	3719	4211	5443
121153982	0	5945	3743	4193	5467
121154081	0	5987	3729	4188	5476
121154182	0	5982	3757	4179	5462
121154281	0	5973	3738	4188	5499
121154381	0	5964	3752	4188	5434
121154481	0	5968	3738	4202	5467
121154581	0	5968	3719	4169	5462
121154681	0	5950	3719	4179	5467
121154781	0	5968	3719	4174	5467
121154881	0	5978	3757	4183	5476
121154981	0	5931	3738	4188	5457
121155082	0	5982	3724	4193	5476
121155181	0	5968	3756	4193	5476
121155282	0	5982	3724	4193	5467
121155382	0	5982	3761	4174	5481
121155482	0	5945	3743	4174	5457
121155581	0	5987	3734	4193	5448
121155681	0	5982	3724	4179	5471
121155781	0	5978	3734	4188	5495
121155881	0	5940	3734	4221	5481
121155981	0	5945	3719	4216	5424
121156081	0	5968	3752	4179	5471
121156182	0	5959	3748	4174	5462
121156281	0	5978	3757	4207	5481
121156381	0	5964	3761	4164	5481
121156481	0	6006	3738	4193	5467
121156581	0	5936	3757	4202	5434
121156682	0	6006	3752	4197	5424
121156781	0	5973	3729	4169	5467
121156881	0	5978	3752	4183	5410
121156981	0	5973	3729	4169	5481
121157082	0	5593	3729	4193	5462
121157181	0	5954	3738	4174	5443
121157281	0	5959	3738	4197	5485
121157385	0	5982	3752	4211	5452
121157481	0	5968	3743	4183	5476
121157581	0	5987	3729	4160	5471
121157682	0	5978	3738	4164	5462
121157781	0	5954	3743	4188	5457
121157881	0	5959	3734	4183	5485
121157981	0	5987	3738	4183	5467
121158082	0	5978	3762	4188	5462
121158181	0	6006	3748	4193	5490
121158282	0	5982	3738	4216	5476
121158382	0	5945	3734	4169	5495
121158482	0	5950	3748	4179	5457
121158582	0	5978	3748	4188	5462
121158681	0	5978	3752	4179	5448
121158782	0	5968	3748	4183	5499
121158882	0	5992	3748	4221	5476
121158981	0	5973	3724	4202	5476
121159081	0	5978	3719	4174	5452
121159181	0	5959	3743	4202	5471
121159281	0	5931	3715	4174	5471
121159381	0	5978	3752	4169	5471
121159481	0	5950	3748	4183	5471
121159581	0	5992	3743	4160	5467
121159681	0	5931	3743	4188	5467
121159781	0	5964	3738	4211	5467
121159881	0	5954	3724	4179	5490
121159981	0	5978	3734	4160	5467
121200081	0	5987	3738	4244	5452
121200181	0	5997	3752	4193	5471
121200281	0	5968	3710	4202	5424
121200381	0	5968	3729	4197	5476
121200481	0	5617	3738	4193	5448
121200581	0	5987	3743	4193	5452
121200681	0	5982	3748	4193	5438
121200781	0	5978	3748	4188	5476
121200881	0	5940	3719	4183	5476
121200981	0	5978	3756	4183	5424
121201081	0	5973	3748	4211	5490
121201181	0	5964	3761	4188	5481
121201281	0	5964	3715	4188	5452
121201381	0	5982	3748	4197	5438
121201485	0	5954	3757	4188	5448
121201581	0	5973	3719	4188	5481
121201681	0	5593	3757	4160	5471
121201781	0	5982	3738	4183	5476
121201881	0	5968	3756	4183	5471
121201981	0	5982	3738	4169	5420
121202081	0	5973	3748	4202	5396
121202181	0	6001	3734	4169	5476
121202281	0	5950	3738	4188	5481
121202381	0	5959	3752	4160	5448
121202481	0	5987	3748	4197	5443
121202582	0	5982	3719	4169	5471
121202681	0	5893	3752	4183	5490
121202781	0	5959	3738	4202	5452
121202982	0	5982	3757	4193	5457
121203081	0	5959	3743	4179	5467
121203181	0	5959	3757	4179	5457
121203282	0	5973	3734	4202	5490
121203381	0	5612	3724	4179	5467
121203482	0	5964	3729	4202	5443
121203581	0	5959	3762	4202	5495
121203681	0	5964	3724	4169	5485
121203781	0	5968	3729	4211	5452
121203881	0	5973	3757	4183	5476
121203981	0	5973	3743	4202	5476
121204082	0	5987	3724	4179	5429
121204181	0	5621	3752	4188	5457
121204281	0	5964	3738	4202	5481
121204381	0	5982	3729	4202	5415
121204482	0	5978	3729	4230	5443
121204581	0	5940	3756	4174	5476
121204682	0	5954	3761	4188	5457
121204781	0	5964	3734	4202	5467
121204881	0	5936	3743	4183	5462
121204981	0	5973	3738	4197	5448
121205081	0	5968	3761	4197	5471
121205181	0	5968	3748	4174	5471
121205281	0	5978	3752	4188	5448
121205381	0	5973	3748	4193	5490
121205481	0	5973	3734	4188	5485
121205585	0	5959	3752	4174	5429
121205681	0	5603	3756	4211	5471
121205781	0	5931	3738	4188	5452
121205882	0	5954	3748	4183	5481
121205982	0	5978	3748	4183	5457
121206082	0	5992	3743	4197	5481
121206181	0	5978	3719	4244	5457
121206282	0	5982	3743	4193	5448
121206381	0	5982	3738	4169	5452
121206481	0	5973	3719	4202	5452
121206581	0	5987	3752	4174	5490
121206681	0	5978	3734	4183	5415
121206781	0	5959	3748	4188	5434
121206881	0	5973	3738	4216	5448
121206981	0	5968	3729	4193	5462
121207081	0	5968	3719	4179	5457
121207181	0	5982	3738	4197	5495
121207281	0	5982	3729	4197	5429
121207381	0	6001	3752	4197	5457
121207482	0	5968	3752	4188	5476
121207581	0	5997	3743	4211	5467
121207681	0	5973	3729	4188	5457
121207781	0	5973	3719	4197	5490
121207881	0	5987	3715	4193	5415
121207981	0	5950	3734	4197	5467
121208081	0	5987	3734	4216	5471
121208181	0	5973	3734	4183	5424
121208281	0	5968	3743	4202	5443
121208381	0	5964	3748	4183	5476
121208481	0	5987	3734	4183	5462
121208581	0	5978	3738	4183	5495
121208681	0	5978	3757	4183	5467
121208782	0	5617	3734	4179	5490
121208881	0	5954	3756	4183	5471
121208981	0	5997	3743	4179	5513
121209081	0	5978	3743	4164	5462
121209181	0	5973	3734	4169	5429
121209281	0	5992	3757	4202	5471
121209381	0	5978	3748	4169	5443
121209481	0	5968	3743	4183	5481
121209581	0	5964	3762	4193	5438
121209683	0	5954	3743	4179	5471
121209781	0	5978	3748	4174	5471
121209881	0	5968	3724	4179	5467
121209981	0	5987	3724	4207	5485
121210082	0	5982	3734	4183	5467
121210181	0	5978	3715	4197	5452
121210281	0	5992	3724	4174	5438
121210382	0	5715	3743	4183	5495
121210481	0	5992	3743	4179	5457
121210581	0	5954	3729	4174	5471
121210681	0	5959	3715	4179	5443
121210781	0	5626	3729	4188	5467
121210882	0	5978	3748	4179	5485
121210981	0	5997	3738	4193	5462
121211081	0	5982	3738	4179	5457
121211181	0	5973	3734	4216	5481
121211282	0	5987	3757	4179	5471
121211382	0	5968	3719	4183	5467
121211481	0	6006	3738	4193	5448
121211582	0	5973	3748	4188	5471
121211681	0	5978	3729	4174	5485
121211781	0	5593	3734	4183	5448
121211881	0	5978	3738	4169	5438
121211981	0	5968	3752	4174	5471
121212081	0	5973	3757	4211	5420
121212182	0	5973	3738	4193	5490
121212281	0	5954	3734	4193	5495
121212381	0	5950	3724	4197	5467
121212481	0	5964	3743	4179	5471
121212581	0	5978	3724	4169	5481
121212681	0	5954	3748	4179	5457
121212782	0	5987	3738	4202	5467
121212881	0	5964	3752	4211	5443
121212981	0	5987	3729	4188	5481
121213082	0	5964	3734	4221	5476
121213181	0	5959	3738	4179	5462
121213281	0	5982	3738	4179	5481
121213381	0	5997	3719	4197	5509
121213481	0	5931	3734	4221	5462
121213581	0	5954	3738	4183	5438
121213681	0	5987	3729	4216	5490
121213784	0	5598	3743	4188	5457
121213881	0	5982	3743	4193	5452
121213981	0	5950	3719	4193	5476
121214081	0	5959	3762	4188	5476
121214181	0	6001	3738	4183	5410
121214282	0	5968	3724	4183	5457
121214381	0	5973	3752	4197	5467
121214481	0	5968	3756	4183	5462
121214581	0	5968	3762	4211	5476
121214681	0	5987	3719	4179	5476
121214781	0	5964	3748	4174	5462
121214881	0	5973	3748	4207	5462
121214981	0	5692	3724	4183	5467
121215081	0	5987	3729	4202	5495
121215181	0	5968	3743	4169	5485
121215281	0	5968	3752	4179	5457
121215382	0	5954	3748	4183	5448
121215481	0	5954	3752	4188	5452
121215581	0	5978	3734	4193	5467
121215682	0	5964	3729	4174	5471
121215783	0	5982	3752	4202	5485
121215881	0	5926	3743	4188	5467
121215981	0	6015	3757	4183	5457
121216081	0	5973	3729	4211	5448
121216181	0	5968	3738	4179	5471
121216281	0	5964	3762	4188	5429
121216381	0	5917	3729	4160	5476
121216481	0	5964	3715	4183	5457
121216582	0	5964	3734	4188	5485
121216681	0	5973	3743	4183	5462
121216781	0	5921	3743	4193	5443
121216881	0	5987	3743	4202	5467
121216981	0	5968	3729	4179	5467
121217081	0	5959	3748	4179	5467
121217181	0	5968	3734	4179	5476
121217281	0	5964	3743	4160	5443
121217381	0	5992	3710	4193	5434
121217481	0	5978	3756	4202	5452
121217581	0	5959	3729	4179	5452
121217681	0	5982	3738	4155	5424
121217781	0	5954	3729	4197	5471
121217883	0	5973	3743	4188	5462
121217981	0	6001	3748	4179	5476
121218081	0	5973	3729	4188	5462
121218181	0	5959	3748	4202	5438
121218281	0	5973	3780	4193	5452
121218381	0	5978	3729	4179	5476
121218481	0	5978	3724	4164	5443
121218581	0	5978	3756	4197	5476
121218681	0	5997	3752	4183	5476
121218781	0	5987	3762	4197	5485
121218881	0	5954	3734	4202	5481
121218981	0	5635	3729	4193	5452
121219081	0	5978	3719	4179	5457
121219181	0	5978	3756	4193	5476
121219281	0	5968	3715	4155	5499
121219381	0	5968	3734	4183	5462
121219482	0	5588	3757	4193	5462
121219581	0	5959	3752	4183	5462
121219681	0	5987	3738	4160	5471
121219781	0	5959	3734	4188	5462
121219881	0	5968	3715	4207	5476
121219981	0	5945	3752	4179	5448
121220081	0	5982	3743	4179	5471
121220181	0	5978	3734	4179	5476
121220281	0	5973	3734	4193	5485
121220381	0	5992	3729	4188	5471
121220481	0	5968	3752	4211	5499
121220581	0	5973	3748	4225	5471
121220681	0	5992	3743	4211	5448
121220781	0	5959	3715	4174	5485
121220881	0	5973	3748	4183	5457
121220981	0	5982	3738	4188	5448
121221081	0	5959	3719	4193	5467
121221181	0	5973	3748	4169	5499
121221281	0	5950	3724	4207	5467
121221381	0	5954	3743	4160	5471
121221481	0	5992	3734	4211	5434
121221581	0	5968	3748	4193	5485
121221681	0	5992	3724	4174	5490
121221781	0	5968	3738	4207	5448
121221881	0	5968	3757	4179	5467
121221983	0	5978	3729	4211	5448
121222081	0	5964	3743	4188	5481
121222181	0	5959	3738	4179	5476
121222281	0	5959	3743	4174	5481
121222381	0	5973	3729	4193	5467
121222481	0	5968	3748	4179	5438
121222581	0	5926	3743	4193	5499
121222681	0	5959	3762	4155	5485
121222781	0	5959	3724	4183	5448
121222881	0	5992	3748	4183	5452
121222981	0	5940	3762	4174	5481
121223081	0	5931	3752	4169	5467
121223181	0	5978	3719	4164	5448
121223281	0	5954	3743	4197	5457
121223381	0	5968	3724	4197	5476
121223481	0	5968	3724	4207	5471
121223581	0	5978	3752	4174	5471
121223681	0	5954	3701	4179	5467
121223781	0	5973	3748	4174	5424
121223881	0	5973	3752	4188	5476
121223981	0	5992	3748	4188	5457
121224081	0	5973	3762	4188	5476
121224181	0	5968	3757	4179	5471
121224281	0	5978	3752	4179	5457
121224381	0	5982	3762	4207	5490
121224481	0	5992	3738	4179	5471
121224581	0	5964	3738	4193	5424
121224681	0	5959	3734	4197	5499
121224781	0	5950	3738	4188	5485
121224881	0	5987	3738	4202	5467
121224981	0	5982	3715	4193	5476
121225081	0	5968	3748	4193	5438
121225181	0	5973	3719	4193	5429
121225281	0	5978	3748	4174	5452
121225381	0	6006	3729	4174	5471
121225481	0	5959	3705	4179	5452
121225581	0	5978	3724	4188	5452
121225681	0	5950	3734	4197	5443
121225781	0	5968	3748	4164	5476
121225881	0	5992	3729	4188	5434
121225981	0	5968	3729	4183	5448
121226083	0	5978	3748	4207	5481
121226181	0	5997	3748	4188	5452
121226281	0	5954	3743	4188	5490
121226381	0	5978	3752	4188	5471
121226481	0	5973	3724	4216	5471
121226581	0	5884	3729	4183	5462
121226681	0	5964	3734	4169	5476
121226781	0	5982	3738	4230	5504
121226881	0	5954	3734	4174	5471
121226981	0	5978	3729	4179	5476
121227081	0	5945	3757	4197	5490
121227181	0	5973	3719	4179	5462
121227281	0	5959	3743	4221	5448
121227381	0	5982	3761	4183	5457
121227482	0	5987	3729	4216	5462
121227581	0	5968	3738	4174	5499
121227681	0	5940	3738	4179	5457
121227781	0	5997	3724	4188	5499
121227881	0	5973	3738	4207	5495
121227981	0	5987	3729	4202	5471
121228081	0	6015	3738	4183	5462
121228181	0	5973	3719	4188	5476
121228281	0	5954	3738	4169	5467
121228381	0	5964	3748	4179	5485
121228481	0	6001	3748	4183	5452
121228581	0	5964	3743	4174	5438
121228681	0	5964	3738	4197	5448
121228781	0	5968	3724	4207	5462
121228881	0	5959	3715	4188	5467
121228981	0	5964	3738	4207	5476
121229081	0	5978	3752	4207	5457
121229181	0	5959	3738	4188	5467
121229281	0	5964	3757	4202	5462
121229381	0	5964	3724	4183	5476
121229481	0	5978	3748	4188	5499
121229581	0	5973	3761	4197	5495
121229681	0	5982	3734	4193	5481
121229781	0	5973	3729	4188	5495
121229881	0	5992	3724	4207	5471
121229981	0	5945	3752	4202	5462
121230081	0	5968	3762	4183	5504
121230183	0	5973	3734	4197	5448
121230281	0	5973	3748	4188	5467
121230381	0	5959	3743	4188	5485
121230481	0	5973	3719	4174	5462
121230581	0	5968	3738	4169	5452
121230681	0	5954	3748	4188	5452
121230781	0	5968	3724	4211	5499
121230881	0	5982	3729	4174	5438
121230980	0	5945	3724	4164	5467
121231081	0	5978	3738	4169	5457
121231181	0	5982	3752	4193	5457
121231281	0	5973	3762	4174	5443
121231381	0	5973	3724	4183	5481
121231481	0	5959	3738	4183	5448
121231581	0	5973	3748	4183	5490
121231681	0	5997	3729	4193	5499
121231781	0	5982	3729	4179	5481
121231881	0	5982	3729	4179	5452
121231981	0	5968	3743	4174	5457
121232080	0	5982	3715	4179	5471
121232181	0	5968	3762	4193	5448
121232281	0	6006	3729	4202	5476
121232381	0	5912	3738	4179	5495
121232481	0	5982	3715	4183	5467
121232581	0	5973	3724	4207	5504
121232681	0	5893	3757	4174	5462
121232781	0	5978	3729	4179	5420
121232881	0	5982	3748	4188	5485
121232981	0	5968	3734	4193	5452
121233081	0	5964	3715	4202	5462
121233181	0	5973	3743	4183	5495
121233281	0	5968	3743	4225	5499
121233381	0	5987	3719	4174	5443
121233481	0	5964	3724	4188	5467
121233581	0	5954	3762	4179	5476
121233681	0	5982	3724	4230	5434
121233781	0	5964	3738	4188	5429
121233881	0	5987	3761	4174	5476
121233981	0	5987	3738	4216	5471
121234081	0	5954	3738	4183	5452
121234181	0	5987	3729	4197	5471
121234283	0	5978	3729	4197	5420
121234381	0	5978	3743	4164	5481
121234481	0	5987	3724	4197	5471
121234581	0	5987	3734	4193	5443
121234680	0	5968	3762	4225	5481
121234781	0	5968	3729	4183	5457
121234881	0	5945	3724	4183	5424
121234981	0	5612	3729	4211	5462
121235081	0	5978	3743	4207	5471
121235181	0	5978	3719	4183	5476
121235281	0	5982	3729	4207	5467
121235381	0	5954	3757	4188	5452
121235481	0	5978	3724	4211	5467
121235581	0	5968	3734	4193	5495
121235681	0	5954	3738	4193	5490
121235781	0	5978	3743	4193	5434
121235881	0	5968	3743	4188	5476
121235981	0	5997	3719	4193	5462
121236081	0	5973	3738	4193	5462
121236181	0	5954	3724	4216	5457
121236281	0	5968	3748	4164	5424
121236381	0	5950	3734	4179	5415
121236481	0	5997	3734	4188	5434
121236581	0	6006	3757	4174	5420
121236681	0	5978	3748	4211	5467
121236781	0	5982	3743	4202	5434
121236881	0	5997	3729	4169	5457
121236981	0	5987	3752	4174	5471
121237081	0	5992	3738	4207	5443
121237181	0	5959	3719	4193	5476
121237281	0	5982	3734	4174	5452
121237381	0	5959	3743	4207	5467
121237481	0	5968	3738	4179	5509
121237581	0	5964	3724	4193	5448
121237680	0	6006	3738	4207	5424
121237781	0	5968	3734	4221	5457
121237881	0	5973	3734	4164	5452
121237981	0	5982	3738	4183	5504
121238081	0	5987	3724	4207	5452
121238181	0	5987	3743	4174	5481
121238281	0	5987	3729	4188	5457
121238383	0	5954	3729	4197	5467
121238480	0	5978	3738	4197	5443
121238581	0	5973	3738	4197	5471
121238681	0	5987	3729	4169	5438
121238781	0	5973	3748	4164	5457
121238881	0	5982	3756	4202	5429
121238981	0	5959	3762	4202	5443
121239081	0	5978	3724	4183	5481
121239181	0	5987	3756	4188	5471
121239280	0	5973	3752	4188	5481
121239381	0	5959	3710	4188	5471
121239481	0	5692	3738	4179	5481
121239581	0	5945	3743	4193	5443
121239681	0	5982	3724	4179	5490
121239781	0	5968	3752	4179	5462
121239881	0	5964	3761	4235	5462
121239980	0	5973	3757	4164	5462
121240081	0	5978	3748	4179	5476
121240181	0	5978	3724	4188	5467
121240281	0	5964	3729	4207	5481
121240381	0	5978	3757	4188	5481
121240481	0	5982	3729	4183	5424
121240581	0	5973	3743	4188	5485
121240681	0	5954	3719	4193	5438
121240781	0	5954	3743	4188	5471
121240881	0	5973	3734	4179	5452
121240981	0	5968	3724	4174	5415
121241081	0	5978	3719	4183	5467
121241181	0	5987	3766	4207	5495
121241281	0	5992	3748	4193	5462
121241381	0	5982	3734	4179	5457
121241683	0	5968	3729	4174	5452
121241781	0	5978	3734	4239	5452
121241881	0	5987	3748	4188	5452
121241981	0	5678	3738	4188	5452
121242081	0	5978	3743	4211	5462
121242181	0	5992	3715	4188	5467
121242281	0	5982	3734	4235	5471
121242381	0	5964	3724	4183	5476
121242483	0	5959	3729	4244	5476
121242581	0	5640	3748	4183	5471
121242681	0	5982	3752	4211	5476
121242781	0	5968	3748	4197	5467
121242881	0	5964	3734	4193	5467
121242981	0	5992	3719	4235	5467
121243081	0	5973	3748	4202	5467
121243181	0	5973	3729	4169	5452
121243281	0	5964	3738	4188	5471
121243382	0	5968	3748	4174	5457
121243481	0	5964	3729	4179	5443
121243581	0	5959	3756	4179	5481
121243681	0	5978	3715	4193	5448
121243781	0	5973	3734	4193	5471
121243881	0	5982	3738	4183	5434
121243981	0	5959	3743	4202	5462
121244081	0	5893	3757	4183	5467
121244181	0	5982	3729	4179	5457
121244280	0	5964	3734	4174	5476
121244381	0	5973	3724	4174	5467
121244481	0	5968	3729	4174	5476
121244581	0	5964	3719	4169	5462
121244681	0	5968	3743	4169	5434
121244781	0	5987	3729	4230	5462
121244880	0	5973	3752	4169	5448
121244981	0	5973	3762	4179	5452
121245081	0	5968	3738	4202	5471
121245181	0	5992	3734	4174	5457
121245281	0	5912	3724	4221	5467
121245381	0	5978	3738	4169	5457
121245481	0	5992	3752	4179	5462
121245581	0	5982	3734	4188	5448
121245680	0	6001	3719	4193	5495
121245781	0	5982	3743	4183	5471
121245881	0	5968	3729	4207	5457
121245981	0	5978	3738	4188	5471
121246081	0	5968	3719	4179	5438
121246180	0	5954	3757	4188	5485
121246281	0	5959	3738	4169	5462
121246381	0	5954	3729	4211	5476
121246481	0	5964	3738	4197	5462
121246583	0	5987	3738	4207	5462
121246680	0	5964	3748	4179	5457
121246780	0	5982	3748	4174	5457
121246881	0	5982	3743	4183	5471
121246980	0	5992	3738	4183	5485
121247081	0	5964	3729	4188	5457
121247181	0	5997	3738	4169	5471
121247281	0	5973	3734	4207	5443
121247381	0	5973	3752	4188	5457
121247481	0	5973	3724	4193	5471
121247581	0	5903	3743	4202	5452
121247681	0	5978	3743	4193	5490
121247781	0	5968	3756	4183	5471
121247881	0	5959	3738	4193	5485
121247981	0	5978	3762	4174	5481
121248080	0	5964	3734	4225	5485
121248181	0	5936	3734	4197	5476
121248281	0	5978	3719	4197	5462
121248381	0	5945	3748	4169	5448
121248481	0	5978	3724	4216	5443
121248581	0	5987	3734	4193	5452
121248680	0	5987	3756	4174	5452
121248780	0	5987	3729	4193	5490
121248881	0	5978	3752	4197	5495
121248981	0	5959	3734	4183	5448
121249081	0	5978	3752	4193	5452
121249181	0	5978	3738	4193	5467
121249281	0	5982	3748	4183	5490
121249381	0	5964	3743	4174	5462
121249481	0	5982	3756	4183	5438
121249581	0	6001	3757	4230	5457
121249681	0	5968	3748	4193	5443
121249781	0	6001	3734	4174	5476
121249880	0	5968	3756	4193	5462
121249981	0	5954	3748	4207	5457
121250081	0	5992	3734	4183	5457
121250180	0	5978	3729	4211	5457
121250281	0	6001	3748	4207	5471
121250381	0	5950	3743	4188	5471
121250481	0	5968	3752	4197	5452
121250581	0	5954	3734	4188	5499
121250881	0	5987	3724	4179	5467
121250981	0	5959	3752	4169	5467
121251082	0	5978	3748	4216	5438
121251180	0	5673	3752	4197	5462
121251281	0	5978	3738	4188	5485
121251381	0	5978	3729	4188	5490
121251481	0	5968	3748	4179	5485
121251581	0	5973	3761	4216	5448
121251681	0	5964	3738	4207	5471
121251781	0	5964	3743	4202	5490
121251881	0	5987	3738	4193	5448
121251981	0	5982	3748	4197	5467
121252080	0	5959	3743	4183	5471
121252181	0	5954	3734	4174	5448
121252281	0	5945	3757	4183	5467
121252381	0	5940	3738	4188	5457
121252481	0	5982	3757	4188	5490
121252581	0	5968	3719	4193	5481
121252681	0	5678	3715	4207	5452
121252781	0	5950	3738	4230	5443
121252879	0	5982	3748	4183	5467
121252979	0	5968	3729	4174	5485
121253081	0	5968	3715	4169	5481
121253179	0	5978	3734	4174	5452
121253279	0	5964	3724	4193	5495
121253379	0	5954	3752	4179	5420
121253479	0	5982	3715	4183	5476
121253579	0	5959	3738	4183	5462
121253679	0	5959	3738	4174	5485
121253779	0	5987	3715	4197	5462
121253879	0	5992	3724	4188	5457
121253978	0	5987	3729	4188	5471
121254079	0	5987	3734	4193	5471
121254179	0	5978	3724	4174	5485
121254279	0	5978	3734	4193	5490
121254379	0	5959	3762	4197	5462
121254478	0	5593	3743	4207	5462
121254579	0	5968	3748	4193	5495
121254679	0	5987	3752	4216	5462
121254783	0	5978	3748	4216	5438
121254879	0	5959	3743	4174	5481
121254978	0	5978	3748	4193	5471
121255079	0	5978	3743	4197	5462
121255179	0	5964	3738	4193	5452
121255279	0	5978	3729	4202	5429
121255379	0	5959	3757	4179	5481
121255479	0	5978	3734	4197	5467
121255579	0	5982	3734	4197	5462
121255679	0	5964	3738	4197	5471
121255779	0	5982	3743	4174	5481
121255879	0	5973	3738	4179	5457
121255979	0	5973	3748	4179	5438
121256079	0	5959	3719	4202	5490
121256179	0	5968	3715	4179	5452
121256279	0	5982	3738	4193	5471
121256379	0	5968	3715	4193	5490
121256479	0	5968	3748	4188	5481
121256579	0	5964	3748	4164	5504
121256679	0	5987	3734	4197	5462
121256779	0	5950	3734	4254	5452
121256879	0	5668	3710	4174	5476
121256979	0	5978	3743	4188	5490
121257078	0	5593	3752	4179	5471
121257179	0	5978	3748	4188	5457
121257279	0	5982	3724	4188	5462
121257378	0	5968	3738	4207	5467
121257478	0	5968	3719	4197	5485
121257579	0	5978	3729	4235	5471
121257678	0	5987	3743	4179	5452
121257779	0	5978	3738	4174	5476
121257879	0	5982	3748	4202	5452
121257979	0	5982	3734	4225	5481
121258079	0	5959	3748	4197	5495
121258179	0	5959	3729	4179	5452
121258278	0	5978	3734	4188	5462
121258379	0	5982	3729	4216	5424
121258479	0	5987	3729	4179	5457
121258578	0	5982	3748	4202	5490
121258678	0	5973	3738	4193	5499
121258779	0	5987	3738	4183	5476
121258882	0	5968	3738	4174	5434
121258979	0	5978	3756	4197	5471
121259079	0	5950	3743	4207	5490
121259178	0	5950	3738	4188	5443
121259279	0	5968	3743	4183	5476
121259378	0	5968	3748	4183	5443
121259479	0	5992	3729	4207	5485
121259579	0	5978	3724	4188	5462
121259679	0	5987	3734	4193	5457
121259779	0	5987	3757	4164	5457
121259879	0	5982	3729	4188	5490
121259978	0	5945	3743	4183	5462
121300078	0	5973	3724	4193	5457
121300178	0	5973	3748	4183	5462
121300279	0	5959	3738	4169	5462
121300379	0	5978	3752	4202	5495
121300479	0	6001	3752	4193	5443
121300579	0	5950	3734	4193	5462
121300679	0	5978	3724	4183	5448
121300779	0	5954	3719	4193	5481
121300879	0	5973	3761	4193	5424
121300979	0	5959	3756	4193	5434
121301078	0	5973	3748	4202	5401
121301179	0	6006	3748	4188	5476
121301279	0	5964	3743	4197	5481
121301379	0	5926	3748	4197	5467
121301478	0	5968	3719	4183	5462
121301578	0	5982	3748	4174	5471
121301678	0	5973	3738	4174	5485
121301779	0	5978	3738	4188	5471
121301879	0	5959	3738	4193	5462
121301979	0	5978	3757	4179	5462
121302079	0	5954	3743	4179	5457
121302179	0	5959	3757	4188	5462
121302279	0	5706	3743	4183	5495
121302379	0	5959	3743	4169	5485
121302478	0	5964	3761	4174	5438
121302578	0	5950	3748	4202	5457
121302678	0	5954	3748	4193	5438
121302779	0	5968	3715	4183	5495
121302879	0	5982	3734	4197	5481
121302983	0	5978	3762	4193	5462
121303079	0	5973	3757	4169	5462
121303179	0	5987	3738	4169	5452
121303279	0	5945	3757	4197	5485
121303378	0	5982	3757	4183	5471
121303479	0	5973	3743	4174	5471
121303578	0	5959	3715	4193	5462
121303679	0	5982	3738	4174	5467
121303778	0	5978	3729	4216	5481
121303879	0	5968	3748	4188	5471
121303978	0	5931	3734	4183	5448
121304078	0	5973	3762	4188	5481
121304179	0	5978	3738	4164	5467
121304279	0	5968	3748	4183	5476
121304379	0	5982	3748	4202	5443
121304479	0	5968	3752	4193	5490
121304579	0	5982	3734	4174	5467
121304678	0	5964	3724	4188	5406
121304778	0	5982	3743	4179	5434
121304878	0	5940	3756	4183	5462
121304978	0	5968	3762	4188	5452
121305079	0	5982	3724	4193	5424
121305179	0	5992	3762	4202	5485
121305279	0	5987	3743	4188	5448
121305378	0	5968	3748	4183	5481
121305478	0	5968	3715	4174	5481
121305579	0	5968	3743	4193	5490
121305679	0	5959	3762	4188	5438
121305778	0	5982	3738	4179	5415
121305879	0	5973	3748	4183	5481
121305978	0	5954	3762	4193	5467
121306078	0	5964	3743	4183	5462
121306179	0	5982	3743	4202	5429
121306279	0	5973	3743	4202	5448
121306379	0	5954	3729	4193	5443
121306479	0	5945	3748	4193	5448
121306578	0	5968	3729	4202	5485
121306679	0	5982	3752	4188	5467
121306778	0	5992	3761	4216	5467
121306879	0	5893	3748	4207	5471
121306978	0	5954	3743	4221	5471
121307083	0	5959	3734	4207	5443
121307179	0	5978	3752	4197	5424
121307278	0	5973	3729	4202	5467
121307378	0	5973	3738	4197	5462
121307479	0	5978	3724	4188	5476
121307583	0	5973	3719	4179	5476
121307678	0	5982	3734	4216	5509
121307779	0	5982	3762	4207	5457
121307879	0	5982	3734	4202	5471
121307978	0	5978	3738	4174	5410
121308078	0	5997	3729	4188	5462
121308178	0	5968	3738	4197	5462
121308279	0	5978	3734	4193	5471
121308379	0	5973	3748	4183	5452
121308478	0	5973	3761	4239	5509
121308579	0	5936	3743	4179	5438
121308678	0	5973	3724	4207	5467
121308778	0	5982	3748	4193	5471
121308878	0	5978	3734	4183	5452
121308979	0	5968	3743	4188	5424
121309079	0	5982	3738	4183	5476
121309178	0	5959	3743	4193	5457
121309279	0	5940	3724	4179	5490
121309378	0	5987	3729	4197	5504
121309478	0	5978	3710	4188	5485
121309578	0	5978	3743	4174	5476
121309678	0	5959	3738	4183	5467
121309779	0	5987	3757	4183	5471
121309878	0	5973	3724	4221	5485
121309979	0	5973	3752	4179	5485
121310079	0	5968	3724	4174	5471
121310178	0	5987	3729	4179	5462
121310278	0	5959	3743	4188	5448
121310378	0	5968	3748	4174	5471
121310479	0	5959	3761	4174	5467
121310578	0	5964	3715	4193	5471
121310679	0	5964	3729	4169	5467
121310778	0	5588	3757	4164	5462
121310878	0	5992	3719	4174	5457
121310979	0	5973	3734	4179	5467
121311078	0	5954	3729	4183	5467
121311183	0	5978	3757	4179	5490
121311279	0	5973	3729	4179	5457
121311379	0	5978	3724	4179	5476
121311478	0	5982	3734	4179	5415
121311579	0	5968	3719	4197	5438
121311679	0	5982	3748	4197	5467
121311779	0	5992	3729	4164	5457
121311879	0	5973	3748	4207	5457
121311978	0	5982	3756	4183	5443
121312079	0	5973	3743	4183	5495
121312179	0	5964	3738	4174	5452
121312279	0	5973	3734	4174	5438
121312379	0	5973	3748	4211	5462
121312479	0	5964	3762	4174	5452
121312578	0	5987	3724	4202	5499
121312678	0	5982	3724	4179	5476
121312778	0	6001	3752	4221	5495
121312878	0	5959	3729	4164	5448
121312978	0	6011	3748	4183	5448
121313079	0	5982	3734	4188	5476
121313178	0	5926	3715	4202	5490
121313278	0	5968	3715	4197	5443
121313378	0	5978	3738	4225	5410
121313479	0	5973	3734	4197	5467
121313578	0	5978	3757	4179	5434
121313678	0	5978	3748	4174	5448
121313779	0	5987	3752	4193	5481
121313878	0	5912	3757	4179	5499
121313978	0	5945	3724	4179	5462
121314078	0	5982	3729	4188	5448
121314179	0	5964	3738	4179	5476
121314278	0	5964	3734	4188	5490
121314378	0	5992	3762	4230	5457
121314479	0	5982	3757	4164	5481
121314579	0	5997	3756	4207	5481
121314678	0	5978	3729	4174	5485
121314779	0	5973	3756	4193	5485
121314878	0	5997	3748	4183	5443
121314978	0	5968	3729	4193	5467
121315078	0	5968	3738	4202	5448
121315178	0	5954	3729	4183	5476
121315283	0	5973	3757	4183	5452
121315379	0	5954	3734	4164	5471
121315478	0	5936	3738	4193	5476
121315578	0	5973	3743	4174	5443
121315678	0	5973	3734	4221	5443
121315778	0	5992	3743	4193	5499
121315878	0	5973	3724	4193	5467
121315978	0	5968	3734	4188	5452
121316079	0	5992	3734	4183	5452
121316178	0	5645	3743	4183	5485
121316279	0	5973	3766	4183	5457
121316379	0	5997	3729	4193	5457
121316478	0	5959	3752	4188	5471
121316579	0	5973	3748	4207	5429
121316678	0	5997	3729	4193	5485
121316778	0	5987	3743	4207	5476
121316878	0	5968	3748	4193	5457
121316978	0	5978	3719	4169	5452
121317078	0	5978	3762	4183	5415
121317179	0	5992	3738	4169	5467
121317279	0	5968	3748	4179	5471
121317378	0	5954	3752	4193	5452
121317479	0	5992	3738	4174	5462
121317579	0	5936	3738	4188	5448
121317679	0	5682	3734	4188	5438
121317779	0	5968	3757	4188	5420
121317878	0	5682	3715	4188	5457
121317978	0	5968	3761	4183	5434
121318078	0	5931	3734	4188	5471
121318179	0	5973	3762	4183	5443
121318278	0	5987	3729	4179	5452
121318378	0	5973	3724	4183	5481
121318478	0	5954	3743	4183	5462
121318578	0	5959	3752	4179	5434
121318679	0	5950	3743	4169	5471
121318778	0	5997	3752	4169	5467
121318878	0	5964	3729	4183	5499
121318978	0	5997	3719	4207	5452
121319079	0	5973	3748	4179	5443
121319179	0	5987	3738	4202	5467
121319278	0	5968	3738	4193	5476
121319382	0	5964	3734	4183	5476
121319478	0	5631	3757	4197	5415
121319578	0	5973	3729	4193	5476
121319679	0	5968	3724	4202	5485
121319778	0	5987	3752	4197	5424
121319878	0	5950	3748	4197	5499
121319978	0	5982	3719	4193	5485
121320079	0	5982	3748	4211	5471
121320178	0	5978	3748	4188	5467
121320278	0	5964	3761	4183	5467
121320378	0	5982	3719	4183	5443
121320478	0	5978	3738	4211	5481
121320578	0	5978	3729	4197	5495
121320678	0	5992	3766	4211	5481
121320778	0	5964	3762	4169	5443
121320879	0	5992	3734	4193	5499
121320979	0	5982	3729	4197	5471
121321078	0	5945	3729	4193	5476
121321178	0	6001	3738	4188	5424
121321278	0	5982	3738	4183	5457
121321379	0	5968	3719	4188	5471
121321479	0	5954	3743	4197	5424
121321579	0	5964	3757	4164	5467
121321678	0	5982	3734	4179	5481
121321779	0	5954	3724	4197	5481
121321879	0	5978	3729	4169	5513
121321978	0	5954	3734	4188	5471
121322079	0	5973	3729	4164	5457
121322178	0	5982	3734	4179	5495
121322279	0	5987	3738	4193	5452
121322378	0	5987	3719	4174	5467
121322479	0	5992	3743	4197	5467
121322578	0	5959	3756	4193	5481
121322678	0	6006	3752	4179	5424
121322778	0	5964	3734	4179	5424
121322879	0	5959	3756	4160	5410
121322979	0	5626	3748	4193	5429
121323079	0	5973	3729	4211	5415
121323178	0	5964	3738	4193	5485
121323278	0	5973	3743	4183	5420
121323379	0	5978	3729	4193	5485
121323482	0	5978	3743	4221	5457
121323578	0	5982	3757	4197	5481
121323678	0	5959	3734	4202	5485
121323778	0	5987	3748	4179	5452
121323879	0	5954	3743	4179	5476
121323979	0	5978	3748	4179	5467
121324078	0	5945	3729	4202	5490
121324178	0	5978	3724	4197	5471
121324278	0	5968	3724	4179	5481
121324379	0	5973	3757	4188	5481
121324478	0	5978	3738	4174	5448
121324579	0	5982	3729	4188	5467
121324678	0	6001	3752	4202	5452
121324778	0	5964	3743	4174	5429
121324878	0	5954	3724	4193	5420
121324979	0	5982	3734	4188	5448
121325078	0	5921	3738	4197	5485
121325178	0	5954	3757	4193	5467
121325279	0	5959	3748	4174	5504
121325379	0	5968	3738	4193	5490
121325478	0	5982	3729	4193	5457
121325579	0	5973	3729	4179	5462
121325678	0	5968	3734	4193	5485
121325778	0	5964	3729	4197	5434
121325879	0	5973	3762	4193	5471
121325978	0	5964	3766	4188	5485
121326078	0	5959	3724	4188	5495
121326178	0	5992	3734	4211	5504
121326278	0	5959	3738	4179	5462
121326379	0	5992	3734	4155	5471
121326478	0	5992	3715	4183	5429
121326578	0	6001	3734	4179	5462
121326678	0	5982	3738	4169	5476
121326778	0	5950	3738	4188	5504
121326878	0	5987	3724	4188	5452
121326978	0	5973	3729	4193	5495
121327078	0	5978	3752	4169	5457
121327178	0	5968	3729	4193	5462
121327278	0	5997	3738	4188	5462
121327379	0	5973	3743	4197	5462
121327479	0	6015	3734	4202	5448
121327583	0	5982	3729	4197	5457
121327678	0	5997	3743	4174	5462
121327778	0	5973	3734	4183	5476
121327878	0	5997	3752	4188	5438
121327978	0	5954	3729	4207	5471
121328078	0	5987	3762	4183	5462
121328179	0	5973	3719	4188	5457
121328279	0	5964	3719	4197	5467
121328379	0	5987	3748	4174	5471
121328479	0	5893	3738	4193	5471
121328578	0	5978	3748	4169	5476
121328679	0	5678	3734	4211	5438
121328778	0	5950	3748	4164	5438
121328879	0	5968	3734	4174	5471
121328978	0	5950	3729	4188	5434
121329078	0	5992	3734	4174	5434
121329178	0	5978	3705	4202	5467
121329278	0	5973	3752	4150	5485
121329378	0	5964	3724	4188	5467
121329479	0	5931	3748	4188	5485
121329578	0	5987	3724	4188	5471
121329679	0	5954	3738	4169	5467
121329778	0	5954	3752	4188	5443
121329879	0	5959	3757	4197	5471
121329978	0	5964	3724	4207	5462
121330079	0	6006	3757	4188	5481
121330179	0	5973	3724	4197	5471
121330279	0	5954	3734	4202	5457
121330378	0	5945	3756	4193	5457
121330479	0	5973	3734	4183	5490
121330579	0	5987	3738	4197	5457
121330678	0	5987	3743	4193	5462
121330778	0	5968	3719	4193	5452
121330879	0	5968	3748	4207	5448
121330978	0	5973	3715	4193	5513
121331078	0	5959	3743	4197	5467
121331178	0	5982	3766	4193	5481
121331278	0	5973	3724	4197	5457
121331378	0	5978	3748	4179	5476
121331478	0	5964	3738	4221	5476
121331578	0	5954	3743	4207	5462
121331682	0	5982	3762	4225	5443
121331779	0	5978	3738	4169	5457
121331878	0	5997	3748	4197	5452
121331978	0	5987	3729	4193	5462
121332078	0	5987	3748	4183	5438
121332178	0	5982	3724	4202	5448
121332278	0	5959	3743	4179	5448
121332378	0	5964	3738	4183	5485
121332478	0	5992	3757	4188	5476
121332578	0	5954	3752	4202	5490
121332678	0	5973	3757	4183	5457
121332778	0	5964	3724	4174	5467
121332878	0	5898	3757	4207	5462
121332978	0	5973	3757	4193	5467
121333078	0	5964	3715	4188	5467
121333178	0	5964	3757	4188	5476
121333278	0	5978	3748	4160	5410
121333379	0	5973	3738	4193	5495
121333484	0	6001	3762	4193	5471
121333579	0	5997	3748	4174	5462
121333679	0	6006	3743	4193	5457
121333778	0	5973	3715	4188	5471
121333878	0	5884	3715	4179	5481
121333978	0	5978	3724	4179	5457
121334078	0	5959	3719	4235	5462
121334178	0	5982	3762	4188	5438
121334278	0	5903	3724	4188	5452
121334378	0	5968	3724	4179	5467
121334478	0	5931	3738	4211	5452
121334578	0	5973	3752	4174	5476
121334679	0	5992	3734	4169	5462
121334778	0	5964	3729	4207	5448
121334878	0	5973	3715	4183	5443
121334978	0	5978	3724	4239	5452
121335078	0	5959	3752	4239	5495
121335178	0	5997	3756	4193	5452
121335278	0	5959	3734	4183	5462
121335378	0	5973	3724	4164	5462
121335478	0	5959	3748	4211	5462
121335578	0	5964	3752	4188	5476
121335678	0	5982	3734	4193	5476
121335782	0	5982	3752	4188	5448
121335878	0	5978	3743	4179	5462
121335979	0	5987	3734	4197	5462
121336078	0	5964	3757	4174	5467
121336178	0	5968	3724	4188	5462
121336278	0	6001	3729	4211	5467
121336379	0	5978	3729	4211	5467
121336478	0	5959	3748	4197	5462
121336579	0	5959	3734	4202	5481
121336678	0	5968	3724	4150	5476
121336778	0	5968	3738	4193	5467
121336878	0	5959	3734	4183	5481
121336978	0	5959	3738	4207	5438
121337078	0	5978	3757	4193	5443
121337179	0	5968	3734	4179	5443
121337279	0	5954	3743	4207	5438
121337379	0	5598	3724	4202	5471
121337478	0	5987	3734	4188	5490
121337578	0	6006	3729	4197	5462
121337679	0	5968	3757	4169	5452
121337778	0	5964	3752	4174	5485
121337878	0	5968	3752	4202	5438
121337978	0	5954	3734	4188	5452
121338078	0	5959	3748	4193	5490
121338179	0	5964	3724	4197	5434
121338278	0	5973	3734	4221	5485
121338378	0	5968	3724	4174	5443
121338478	0	5982	3734	4179	5481
121338578	0	5968	3743	4174	5490
121338678	0	6001	3738	4183	5481
121338778	0	5950	3743	4183	5504
121338878	0	6006	3734	4202	5452
121338978	0	5964	3738	4183	5467
121339078	0	5603	3738	4202	5462
121339179	0	5987	3738	4235	5467
121339278	0	5968	3757	4183	5457
121339378	0	5978	3757	4164	5467
121339478	0	5968	3734	4193	5462
121339578	0	5973	3748	4216	5481
121339678	0	5987	3743	4183	5467
121339779	0	5973	3743	4211	5434
121339882	0	5987	3752	4169	5457
121339978	0	5973	3743	4216	5476
121340078	0	5978	3734	4221	5471
121340178	0	5973	3738	4197	5457
121340278	0	5959	3729	4193	5438
121340378	0	5978	3734	4188	5462
121340478	0	5912	3724	4179	5452
121340578	0	5954	3762	4174	5485
121340679	0	6001	3738	4197	5490
121340778	0	5987	3762	4179	5471
121340878	0	5982	3757	4188	5448
121340979	0	5950	3743	4179	5452
121341079	0	5987	3734	4188	5443
121341178	0	5982	3743	4188	5462
121341278	0	5968	3743	4169	5481
121341378	0	5964	3734	4211	5452
121341478	0	5964	3734	4183	5495
121341578	0	5968	3748	4211	5452
121341678	0	5992	3748	4174	5467
121341778	0	5603	3752	4221	5452
121341878	0	5978	3743	4188	5452
121341978	0	5978	3748	4202	5476
121342078	0	5987	3715	4188	5457
121342178	0	5982	3734	4179	5476
121342278	0	5987	3748	4188	5476
121342378	0	5992	3715	4169	5452
121342478	0	5964	3734	4197	5476
121342578	0	5973	3756	4216	5499
121342678	0	5964	3748	4211	5452
121342778	0	5987	3738	4169	5490
121342878	0	5978	3734	4164	5476
121342978	0	5950	3743	4193	5462
121343078	0	5612	3738	4202	5467
121343178	0	5945	3734	4221	5481
121343279	0	5973	3729	4197	5452
121343379	0	5959	3743	4207	5467
121343478	0	5964	3743	4235	5476
121343578	0	5987	3724	4207	5476
121343678	0	5978	3738	4169	5448
121343778	0	5968	3734	4188	5467
121343878	0	5968	3729	4197	5457
121343982	0	5973	3734	4202	5452
121344079	0	5701	3734	4193	5452
121344178	0	5992	3757	4225	5443
121344278	0	5968	3756	4188	5457
121344378	0	5945	3734	4188	5448
121344478	0	5964	3729	4179	5471
121344578	0	5968	3743	4169	5471
121344678	0	5954	3748	4183	5457
121344778	0	5978	3724	4188	5462
121344878	0	5964	3752	4193	5471
121344979	0	5973	3762	4197	5471
121345078	0	5982	3748	4179	5462
121345179	0	5621	3734	4211	5452
121345279	0	5968	3719	4179	5467
121345378	0	5917	3734	4174	5471
121345479	0	5964	3724	4197	5457
121345578	0	5978	3752	4183	5481
121345678	0	5987	3761	4202	5495
121345778	0	5982	3752	4183	5476
121345878	0	5982	3734	4183	5448
121345978	0	5987	3743	4174	5457
121346078	0	5997	3757	4197	5467
121346178	0	6001	3738	4183	5457
121346278	0	5973	3743	4183	5462
121346378	0	5978	3738	4211	5438
121346477	0	5978	3729	4188	5452
121346578	0	5959	3757	4197	5495
121346678	0	5982	3756	4193	5490
121346778	0	5964	3738	4193	5471
121346878	0	5964	3724	4188	5471
121346978	0	5978	3734	4188	5434
121347078	0	5959	3743	4183	5467
121347178	0	5968	3757	4197	5462
121347278	0	5987	3734	4207	5429
121347378	0	5950	3757	4164	5485
121347478	0	5945	3734	4169	5457
121347578	0	5978	3738	4174	5462
121347678	0	5968	3738	4164	5467
121347778	0	5982	3748	4183	5467
121347878	0	5992	3757	4197	5485
121347978	0	5964	3752	4225	5462
121348080	0	5603	3766	4216	5476
121348178	0	5973	3729	4193	5485
121348278	0	5973	3715	4188	5457
121348378	0	5978	3738	4174	5452
121348478	0	5978	3743	4197	5471
121348578	0	5978	3743	4202	5462
121348678	0	5987	3715	4211	5452
121348778	0	5968	3738	4188	5448
121348878	0	5973	3743	4179	5499
121348978	0	5992	3738	4183	5424
121349078	0	5954	3762	4160	5467
121349179	0	5968	3729	4183	5452
121349278	0	5931	3729	4211	5462
121349378	0	5968	3748	4160	5476
121349478	0	5968	3757	4225	5467
121349578	0	5978	3748	4183	5481
121349678	0	5893	3734	4183	5424
121349778	0	5968	3734	4183	5476
121349878	0	5968	3729	4179	5481
121349978	0	5959	3748	4179	5481
121350078	0	5982	3729	4183	5481
121350178	0	5973	3729	4202	5485
121350278	0	5959	3738	4193	5443
121350378	0	5982	3734	4183	5462
121350478	0	5964	3724	4193	5462
121350579	0	5997	3734	4164	5485
121350678	0	5954	3738	4193	5457
121350778	0	5879	3752	4197	5471
121350878	0	5978	3734	4183	5467
121350978	0	5678	3748	4183	5452
121351078	0	5987	3743	4197	5429
121351178	0	5968	3734	4193	5448
121351278	0	5978	3752	4169	5429
121351379	0	5982	3715	4183	5438
121351478	0	5682	3748	4193	5467
121351578	0	5992	3766	4211	5490
121351678	0	5987	3748	4197	5476
121351778	0	5978	3743	4197	5471
121351878	0	5964	3719	4188	5481
121351978	0	5617	3743	4188	5467
121352078	0	5959	3738	4193	5467
121352180	0	5978	3738	4197	5471
121352278	0	5982	3748	4211	5467
121352378	0	5617	3738	4169	5490
121352478	0	5964	3734	4211	5438
121352578	0	5968	3756	4207	5490
121352678	0	5973	3762	4183	5467
121352778	0	5982	3743	4197	5434
121352878	0	5954	3734	4183	5481
121352978	0	5968	3757	4193	5481
121353078	0	5982	3748	4193	5467
121353178	0	5987	3748	4169	5467
121353278	0	5982	3743	4202	5420
121353378	0	5959	3748	4202	5485
121353478	0	5950	3724	4188	5462
121353578	0	5973	3757	4211	5462
121353678	0	5964	3719	4179	5471
121353778	0	5978	3724	4193	5467
121353878	0	5950	3752	4179	5401
121353978	0	5945	3738	4197	5471
121354078	0	5973	3743	4183	5462
121354178	0	5968	3757	4188	5452
121354280	0	5978	3724	4193	5490
