123147145	0	5158	3846	3958	5331
123147250	0	5139	3850	3958	5303
123147344	0	5143	3822	3996	5355
123147444	0	5134	3860	3982	5340
123147544	0	5148	3850	3958	5350
123147644	0	5129	3855	3982	5326
123147744	0	5162	3850	3958	5331
123147844	0	5153	3827	3986	5298
123147944	0	5158	3860	3972	5331
123148044	0	5134	3836	3986	5326
123148144	0	5125	3855	3991	5340
123148244	0	5129	3846	3963	5326
123148344	0	5148	3874	3972	5355
123148445	0	5129	3860	4005	5326
123148544	0	5111	3850	3986	5326
123148644	0	5139	3813	3958	5340
123148945	0	5087	3846	4000	5340
123149244	0	5129	3836	3982	5340
123149345	0	5125	3864	3963	5336
123149444	0	5143	3822	4000	5308
123149544	0	5139	3836	3991	5322
123149644	0	5125	3822	3977	5336
123149744	0	5111	3822	3982	5322
123149845	0	5134	3827	3963	5355
123149944	0	5115	3822	4000	5322
123150045	0	5129	3841	3977	5331
123150144	0	5087	3827	3986	5345
123150244	0	5115	3822	3958	5336
123150344	0	5148	3822	3977	5317
123150444	0	5120	3846	3958	5350
123150546	0	5125	3841	3996	5331
123150644	0	5143	3855	3953	5322
123150744	0	5106	3822	3986	5336
123150844	0	5129	3822	3958	5350
123150944	0	5120	3855	3958	5364
123151044	0	5097	3855	3982	5336
123151144	0	5125	3827	3972	5364
123151245	0	5115	3846	3963	5317
123151344	0	5120	3860	3982	5350
123151444	0	5148	3831	3944	5350
123151544	0	5111	3831	3996	5340
123151644	0	5106	3803	3953	5303
123151744	0	5134	3817	3991	5331
123151845	0	5120	3831	3991	5303
123151944	0	5120	3846	3986	5340
123152050	0	5120	3813	3953	5312
123152144	0	5153	3864	3953	5298
123152244	0	5125	3836	3944	5308
123152344	0	5120	3827	3958	5340
123152444	0	5139	3827	3949	5331
123152544	0	5120	3827	3972	5340
123152644	0	5125	3827	4000	5303
123152744	0	5139	3846	3967	5364
123152844	0	5129	4010	3991	5317
123152944	0	5129	3850	3967	5289
123153044	0	5148	3878	3991	5308
123153144	0	5158	3850	3958	5312
123153244	0	5134	3869	3949	5355
123153344	0	5125	3855	3986	5322
123153444	0	5115	3850	3939	5345
123153544	0	5101	3841	3986	5355
123153644	0	5153	3855	3972	5331
123153744	0	5143	3836	3991	5350
123153844	0	5139	3808	3949	5340
123153944	0	5148	3841	3944	5336
123154044	0	5143	3841	3949	5326
123154144	0	5181	3831	4005	5340
123154244	0	5115	3841	3963	5331
123154344	0	5158	3841	4000	5326
123154444	0	5134	3831	4000	5345
123154544	0	5153	3803	3958	5340
123154646	0	5148	3770	4000	5336
123154744	0	5139	3892	3986	5373
123154844	0	5139	3836	3991	5345
123154944	0	5120	3977	4000	5303
123155044	0	5115	3846	3996	5303
123155144	0	5129	3860	3996	5359
123155244	0	5139	3822	3996	5317
123155344	0	5158	4061	3986	5331
123155444	0	5129	3775	3986	5298
123155544	0	5106	4254	4000	5303
123155644	0	5125	4197	3963	5355
123155745	0	5125	4600	3991	5345
123155844	0	5139	4548	4000	5340
123155944	0	5125	4600	3967	5336
123156044	0	5153	3813	3986	5340
123156145	0	5134	3799	3958	5355
123156244	0	5111	3794	3949	5350
123156344	0	5125	3785	3986	5317
123156444	0	5148	3813	3986	5322
123156544	0	5125	4605	3953	5317
123156644	0	5162	4563	3958	5336
123156744	0	5153	4614	3944	5298
123156844	0	5162	4230	3958	5350
123156944	0	5153	4647	3949	5312
123157044	0	5143	3836	3963	5345
123157144	0	5148	3996	3977	5336
123157244	0	5139	3869	3958	5251
123157344	0	5158	3846	3991	5359
123157444	0	5143	3883	3958	5377
123157544	0	5129	3874	4005	5355
123157644	0	5106	3846	3996	5298
123157744	0	5106	3836	3996	5336
123157844	0	5097	3836	3991	5326
123157944	0	5129	3846	3972	5331
123158044	0	5139	3817	3991	5326
123158144	0	5129	3822	3982	5308
123158244	0	5139	3836	3996	5373
123158344	0	5134	3822	3967	5322
123158444	0	5125	3789	3972	5322
123158544	0	5134	3813	3996	5340
123158644	0	5139	3850	3986	5322
123158746	0	5120	3822	3982	5340
123158844	0	5162	3827	3982	5345
123158944	0	5139	3822	4005	5303
123159044	0	5115	3817	3963	5345
123159144	0	5129	3831	4000	5350
123159244	0	5125	3836	3949	5359
123159344	0	5143	3813	3996	5331
123159444	0	5101	3831	3982	5326
123159544	0	5083	3785	3996	5326
123159644	0	5158	3813	3996	5331
123159744	0	5106	3817	3996	5340
123159844	0	5092	3817	3996	5289
123159944	0	5101	3789	3991	5363
123200044	0	5097	3794	3953	5363
123200144	0	5139	3803	3953	5350
123200244	0	5111	3799	3949	5308
123200344	0	5143	3827	3953	5359
123200444	0	5097	3855	3949	5317
123200544	0	5087	3817	3963	5345
123200644	0	5139	3799	3953	5331
123200744	0	5139	3813	3963	5312
123200844	0	5139	3836	3996	5326
123200944	0	5143	3822	3958	5261
123201044	0	5148	3803	3986	5350
123201144	0	5111	3813	3972	5355
123201244	0	5115	3803	3986	5340
123201344	0	5148	3822	3991	5322
123201444	0	5158	3822	4005	5308
123201544	0	5134	3836	3958	5368
123201644	0	5167	3836	3996	5340
123201744	0	5143	3831	3986	5359
123201844	0	5139	3803	3958	5317
123201944	0	5139	3846	3991	5317
123202044	0	5153	3831	3958	5336
123202144	0	5134	3822	3996	5322
123202244	0	5125	3813	3953	5359
123202344	0	5139	3836	3953	5355
123202444	0	5148	3831	3991	5331
123202544	0	5167	3817	3953	5336
123202644	0	5143	3846	3953	5336
123202744	0	5158	3827	3958	5322
123202846	0	5120	3860	3972	5322
123202944	0	5134	3827	3958	5294
123203044	0	5134	3822	3963	5336
123203144	0	5134	3827	3972	5336
123203244	0	5139	3822	3991	5308
123203344	0	5129	3827	3986	5317
123203444	0	5083	3846	4000	5284
123203544	0	5111	3817	3972	5326
123203644	0	5139	3803	3977	5298
123203744	0	5120	3827	3982	5298
123203844	0	5120	3827	3953	5369
123203944	0	5111	3799	3996	5364
123204044	0	5139	3841	3996	5322
123204144	0	5125	3817	3996	5303
123204244	0	5125	3813	3991	5331
123204344	0	5148	3808	3986	5312
123204444	0	5134	3836	3953	5308
123204543	0	5111	3836	3991	5355
123204644	0	5129	3860	3986	5331
123204744	0	5134	3808	3953	5331
123204844	0	5120	3813	3986	5336
123204944	0	5106	3808	3963	5326
123205044	0	5125	3817	3991	5312
123205144	0	5143	3822	3982	5308
123205244	0	5143	3808	3991	5336
123205344	0	5111	3827	3982	5298
123205444	0	5125	3813	3972	5340
123205544	0	5148	3808	3991	5312
123205644	0	5139	3799	3958	5336
123205744	0	5115	3827	3977	5284
123205844	0	5106	3841	3972	5340
123205944	0	5143	3817	3972	5336
123206044	0	5111	3977	4010	5294
123206144	0	5125	3817	3972	5350
123206244	0	5158	3803	3972	5359
123206344	0	5111	3836	3963	5340
123206444	0	5134	3822	3991	5364
123206544	0	5153	3813	3982	5308
123206644	0	5148	3831	3967	5317
123206744	0	5143	3808	3986	5363
123206844	0	5129	3813	3953	5294
123206946	0	5143	4094	3996	5363
123207044	0	5143	3827	3996	5331
123207144	0	5143	3822	3963	5355
123207244	0	5158	3831	3977	5265
123207343	0	5158	3813	3996	5364
123207444	0	5134	3822	4000	5355
123207544	0	5143	3836	4000	5317
123207644	0	5129	3822	3986	5340
123207744	0	5162	3822	3967	5312
123207844	0	5153	3841	3949	5336
123207944	0	5143	3817	3958	5336
123208043	0	5134	3841	3982	5317
123208144	0	5158	3878	3991	5298
123208244	0	5148	3836	3967	5312
123208344	0	5143	3836	3953	5350
123208444	0	5153	3831	4010	5373
123208544	0	5120	3808	3986	5322
123208644	0	5143	3822	3963	5322
123208744	0	5120	4085	3991	5326
123208844	0	5153	3817	3991	5322
123208944	0	5153	3869	3967	5350
123209044	0	5134	4005	3958	5336
123209144	0	5120	3864	3972	5345
123209244	0	5139	4230	3958	5345
123209344	0	5139	3996	3953	5363
123209444	0	5143	4085	3991	5326
123209544	0	5153	4014	3953	5326
123209644	0	5153	4263	3986	5340
123209744	0	5139	3808	3986	5373
123209844	0	5125	3864	3963	5312
123209944	0	5115	3827	3982	5298
123210044	0	5153	3799	3958	5331
123210144	0	5153	3963	3958	5308
123210244	0	5106	3808	3986	5303
123210344	0	5143	4061	3977	5322
123210444	0	5143	3799	3972	5322
123210544	0	5106	3789	3967	5317
123210644	0	5115	3799	4000	5322
123210744	0	5148	3827	3996	5317
123210844	0	5129	3808	3963	5326
123210944	0	5125	4019	3963	5312
123211046	0	5139	4075	3972	5331
123211144	0	5153	4024	3967	5340
123211244	0	5148	3986	3982	5340
123211344	0	5125	4080	3958	5340
123211444	0	5172	4258	3991	5350
123211544	0	5111	3977	3991	5326
123211644	0	5139	4066	3963	5340
123211744	0	5129	4014	3953	5345
123211844	0	5167	4089	3967	5359
123211943	0	5143	3869	3982	5350
123212044	0	5143	3827	3991	5308
123212144	0	5134	4094	3986	5317
123212244	0	5134	3874	4000	5312
123212344	0	5158	4066	3967	5322
123212444	0	5158	3874	3991	5336
123212544	0	5139	3836	4000	5280
123212644	0	5158	3817	3972	5364
123212744	0	5148	4042	3982	5289
123212844	0	5148	3967	3991	5256
123212944	0	5158	3817	3972	5322
123213044	0	5143	3817	3972	5322
123213144	0	5153	3808	3958	5369
123213243	0	5139	3817	3986	5336
123213344	0	5153	3808	3953	5312
123213444	0	5111	3836	3949	5336
123213544	0	5158	3827	3963	5312
123213644	0	5153	3878	3953	5355
123213744	0	5143	3860	3986	5336
123213844	0	5153	3850	3986	5322
123213944	0	5125	3827	3958	5326
123214044	0	5172	3822	3963	5298
123214144	0	5125	3808	3958	5345
123214244	0	5148	3803	3949	5312
123214344	0	5143	3827	3963	5369
123214444	0	5158	3836	3953	5322
123214544	0	5134	4075	3963	5340
123214644	0	5148	4075	3996	5355
123214744	0	5134	4085	3982	5331
123214844	0	5158	3836	3991	5322
123214944	0	5158	4080	3991	5294
123215044	0	5129	3967	3986	5312
123215146	0	5139	4080	4005	5331
123215243	0	5092	4272	3996	5308
123215344	0	5111	3869	4000	5336
123215443	0	5153	4052	4005	5326
123215544	0	5134	4014	3949	5317
123215644	0	5139	3817	3996	5317
123215744	0	5162	3846	3991	5331
123215844	0	5139	3996	3996	5326
123215944	0	5134	3827	3982	5312
123216044	0	5143	3813	3991	5340
123216144	0	5139	3813	3967	5294
123216244	0	5172	3841	4000	5326
123216344	0	5158	3841	3977	5340
123216444	0	5115	3808	3986	5312
123216544	0	5111	3803	3953	5359
123216645	0	5139	3822	3953	5350
123216744	0	5139	3846	3982	5308
123216844	0	5115	3841	3996	5275
123216944	0	5120	3874	3949	5312
123217044	0	5111	3836	3963	5312
123217144	0	5139	3855	3972	5326
123217244	0	5162	3808	3996	5350
123217344	0	5139	3817	3953	5340
123217444	0	5134	3827	3958	5322
123217544	0	5125	3808	3977	5312
123217644	0	5134	3831	3939	5363
123217744	0	5125	3855	3967	5317
123217844	0	5120	3827	3958	5382
123217950	0	5143	3850	3935	5340
123218044	0	5134	3813	3977	5382
123218144	0	5134	3822	3991	5355
123218244	0	5153	3813	3963	5247
123218343	0	5120	3813	3939	5336
123218444	0	5125	3822	3935	5359
123218544	0	5153	3883	3991	5317
123218644	0	5143	3822	3977	5373
123218744	0	5143	4080	3949	5326
123218844	0	5134	4075	3996	5355
123218944	0	5087	4249	3982	5355
123219044	0	5134	3855	3949	5340
123219144	0	5143	3841	3972	5377
123219246	0	5129	3850	3977	5345
123219343	0	5125	3836	3982	5396
123219444	0	5125	3827	3986	5340
123219544	0	5139	4024	3953	5355
123219643	0	5134	3827	3958	5396
123219744	0	5153	3991	3972	5369
123219844	0	5115	3831	3967	5340
123219944	0	5115	3860	3944	5331
123220044	0	5139	3831	3930	5387
123220144	0	5148	3855	3944	5368
123220244	0	5139	3855	3977	5317
123220344	0	5153	3846	3944	5368
123220444	0	5139	3836	3958	5364
123220544	0	5143	3864	3921	5336
123220644	0	5134	3846	3967	5355
123220744	0	5115	3836	3972	5364
123220844	0	5176	3831	3996	5364
123220944	0	5106	3864	3991	5308
123221044	0	5139	3841	3977	5373
123221144	0	5143	3850	3972	5369
123221244	0	5125	3860	3977	5345
123221344	0	5153	3855	3944	5377
123221444	0	5143	3846	3949	5345
123221544	0	5139	3841	3925	5345
123221644	0	5158	3831	3963	5350
123221744	0	5129	4099	3977	5368
123221844	0	5134	4075	3930	5322
123221943	0	5153	4066	3967	5350
123222044	0	5129	4066	3986	5369
123222143	0	5139	4085	3944	5369
123222244	0	5153	3846	3953	5317
123222343	0	5162	4057	3935	5326
123222443	0	5125	4225	3986	5369
123222544	0	5129	4033	3982	5368
123222644	0	5148	4005	3939	5312
123222744	0	5134	3836	3986	5345
123222844	0	5153	3855	3930	5382
123222944	0	5143	4066	3944	5317
123223044	0	5134	4066	3996	5322
123223144	0	5134	3817	3935	5355
123223244	0	5162	3841	3949	5364
123223346	0	5129	3813	3949	5369
123223444	0	5148	3841	3944	5350
123223544	0	5158	3836	4000	5364
123223644	0	5153	3836	3977	5363
123223744	0	5158	3836	3930	5364
123223844	0	5148	3813	3935	5377
123223944	0	5134	3855	3986	5350
123224042	0	5120	3813	3935	5303
123224142	0	5111	3836	3986	5359
123224242	0	5148	3841	3953	5322
123224342	0	5139	3831	3953	5382
123224442	0	5153	3846	3991	5359
123224542	0	5153	3841	3953	5387
123224641	0	5167	3841	3958	5369
123224742	0	5139	3822	3996	5359
123224841	0	5167	3860	3972	5303
123224942	0	5153	3827	3958	5359
123225042	0	5167	3817	3935	5312
123225142	0	5148	3831	4014	5336
123225242	0	5167	3808	4000	5331
123225342	0	5158	4071	3977	5350
123225442	0	5153	3813	3967	5322
123225542	0	5158	3841	3977	5355
123225642	0	5139	4268	3935	5345
123225742	0	5139	4202	3982	5350
123225842	0	5120	4057	3944	5363
123225942	0	5134	3982	3930	5340
123226041	0	5148	4057	3939	5336
123226141	0	5153	4047	3930	5364
123226241	0	5148	4075	3972	5340
123226341	0	5120	4052	3925	5359
123226442	0	5139	4071	3930	5369
123226542	0	5167	3827	3963	5377
123226642	0	5120	3817	3967	5373
123226742	0	5134	3799	3977	5377
123226842	0	5125	3813	3949	5355
123226941	0	5143	4047	3949	5326
123227042	0	5139	3785	3967	5401
123227142	0	5167	3794	3953	5340
123227241	0	5148	3808	3977	5364
123227342	0	5139	3813	3944	5331
123227446	0	5143	3803	3953	5363
123227542	0	5143	3827	3977	5312
123227642	0	5143	3789	3982	5355
123227742	0	5129	3822	3958	5359
123227842	0	5143	3817	3991	5359
123227942	0	5143	3817	3977	5340
123228042	0	5134	3803	3953	5369
123228141	0	5134	3803	3972	5331
123228242	0	5125	3775	3986	5331
123228342	0	5162	3817	3977	5317
123228442	0	5153	3822	3944	5326
123228542	0	5153	3808	3991	5326
123228642	0	5129	3808	3949	5312
123228742	0	5153	3996	3944	5303
123228841	0	5148	3831	3935	5345
123228942	0	5148	3817	3986	5355
123229041	0	5139	3808	3944	5355
123229142	0	5134	3817	3982	5326
123229242	0	5148	3799	3949	5368
123229342	0	5158	3817	3967	5355
123229442	0	5115	3996	3949	5336
123229542	0	5143	3963	3949	5298
123229641	0	5153	3785	3982	5363
123229742	0	5134	3799	3958	5355
123229842	0	5129	3846	3939	5345
123229941	0	5143	3958	3982	5322
123230042	0	5120	3817	3986	5322
123230142	0	5139	3794	3949	5326
123230242	0	5106	3813	3944	5368
123230341	0	5143	3794	3977	5368
123230442	0	5125	3808	3972	5303
123230542	0	5139	3803	3991	5312
123230642	0	5143	3794	3963	5340
123230742	0	5097	3775	3977	5363
123230842	0	5134	3803	3967	5359
123230942	0	5129	3794	3963	5355
123231042	0	5125	3977	3949	5312
123231142	0	5158	3982	3972	5322
123231242	0	5120	3831	3935	5345
123231341	0	5158	3996	3944	5355
123231442	0	5125	4014	3944	5289
123231545	0	5167	3780	3949	5369
123231642	0	5134	4061	3977	5359
123231742	0	5129	3799	3977	5364
123231842	0	5125	3789	3963	5355
123231942	0	5125	4042	3986	5326
123232042	0	5143	3996	3953	5336
123232142	0	5143	4609	3967	5369
123232242	0	5143	4066	3967	5336
123232342	0	5139	4075	3944	5345
123232442	0	5143	3860	3967	5373
123232542	0	5158	4080	3958	5331
123232641	0	5143	4066	3930	5345
123232742	0	5139	4071	3944	5322
123232842	0	5125	4075	3930	5340
123232944	0	5125	3855	3977	5312
123233041	0	5148	3996	3953	5336
123233141	0	5162	3817	3986	5369
123233241	0	5125	4221	3944	5369
123233342	0	5134	4071	3949	5355
123233442	0	5139	3799	3982	5331
123233541	0	5148	3808	3967	5363
123233641	0	5139	3850	3982	5373
123233742	0	5143	3827	3986	5317
123233842	0	5139	3831	3958	5359
123233942	0	5143	3808	3972	5359
123234042	0	5120	3977	3958	5368
123234142	0	5120	3841	3958	5340
123234242	0	5115	3827	3982	5410
123234341	0	5148	3822	3982	5336
123234441	0	5129	3827	3963	5387
123234541	0	5125	3808	3958	5368
123234642	0	5158	3808	3986	5350
123234742	0	5106	3799	3977	5364
123234842	0	5143	3827	3986	5350
123234942	0	5111	4080	3991	5326
123235042	0	5097	3808	3982	5322
123235142	0	5148	4066	3953	5406
123235242	0	5120	4080	3953	5368
123235342	0	5120	3822	3935	5308
123235442	0	5134	4071	3949	5303
123235541	0	5134	3799	3982	5355
123235645	0	5134	3803	3944	5364
123235742	0	5125	3944	3986	5396
123235841	0	5125	4014	3982	5345
123235942	0	5134	3785	3982	5340
123236042	0	5134	3982	3982	5368
123236141	0	5148	3799	3949	5308
123236241	0	5120	3799	3977	5363
123236342	0	5153	3813	3953	5340
123236441	0	5143	3817	3939	5322
123236541	0	5129	3986	3986	5317
123236642	0	5120	3822	3958	5345
123236741	0	5129	3808	3967	5308
123236841	0	5153	3822	3944	5355
123236942	0	5143	4254	3967	5303
123237042	0	5125	3996	3949	5340
123237142	0	5111	3761	3949	5382
123237242	0	5148	3785	3986	5303
123237341	0	5125	3799	3972	5350
123237442	0	5143	3822	3977	5368
123237542	0	5153	3822	3986	5359
123237642	0	5101	3827	3963	5363
123237742	0	5125	3780	3986	5331
123237842	0	5167	3977	3982	5368
123237942	0	5129	3799	3996	5336
123238042	0	5139	3958	3972	5317
123238142	0	5158	3949	3996	5377
123238242	0	5134	3766	3977	5369
123238341	0	5153	3803	3953	5322
123238442	0	5129	3803	3972	5308
123238541	0	5148	3822	3963	5336
123238642	0	5181	3794	3944	5387
123238742	0	5139	3785	3949	5308
123238841	0	5120	3789	3939	5308
123238942	0	5158	4216	3958	5317
123239041	0	5148	3803	3963	5350
123239142	0	5139	3982	3986	5322
123239241	0	5148	4235	3958	5350
123239341	0	5143	3836	3967	5340
123239442	0	5153	3949	3958	5312
123239541	0	5143	3827	3991	5368
123239642	0	5148	3794	3958	5308
123239746	0	5158	3794	3982	5363
123239842	0	5153	3846	3982	5363
123239942	0	5153	3822	3991	5363
123240042	0	5129	3803	3972	5308
123240142	0	5167	3808	3986	5359
123240242	0	5129	3841	3982	5322
123240342	0	5125	3850	3953	5340
123240441	0	5134	3822	3982	5363
123240541	0	5134	3827	3986	5363
123240641	0	5125	3841	3972	5364
123240741	0	5129	3822	3991	5336
123240842	0	5143	3836	3949	5322
123240941	0	5097	3817	4000	5317
123241041	0	5153	3822	3944	5317
123241141	0	5172	3831	3972	5373
123241241	0	5162	3822	3996	5355
123241341	0	5143	3789	3958	5396
123241441	0	5134	3813	3996	5355
123241542	0	5139	3803	3958	5265
123241642	0	5139	3799	4010	5340
123241742	0	5129	3803	3944	5368
123241841	0	5148	3813	3958	5331
123241941	0	5139	3789	3944	5340
123242041	0	5153	3817	3986	5326
123242142	0	5148	3808	3958	5364
123242241	0	5120	3803	3963	5359
123242341	0	5129	3789	3991	5336
123242442	0	5139	3803	3996	5369
123242541	0	5134	3841	3986	5336
123242642	0	5148	3813	3944	5317
123242742	0	5158	3827	3972	5359
123242842	0	5143	3822	3986	5345
123242941	0	5143	3827	3958	5359
123243042	0	5139	3831	3963	5317
123243141	0	5125	3846	3986	5336
123243241	0	5139	3855	3996	5289
123243342	0	5106	3827	3963	5363
123243442	0	5129	3864	3986	5312
123243541	0	5148	3869	3939	5391
123243641	0	5153	3869	3972	5317
123243741	0	5115	3841	3944	5308
123243845	0	5111	3855	3949	5312
123243942	0	5153	3817	3925	5359
123244042	0	5143	3808	3939	5340
123244141	0	5120	3813	3977	5326
123244241	0	5139	3808	3944	5364
123244341	0	5120	3813	3982	5369
123244442	0	5111	4014	3935	5359
123244542	0	5106	3850	3982	5355
123244642	0	5139	3827	3944	5312
123244742	0	5139	3827	3925	5312
123244842	0	5125	3864	3958	5322
123244941	0	5158	3813	3953	5359
123245041	0	5115	3827	3967	5382
123245142	0	5106	3808	3963	5340
123245241	0	5101	3822	3958	5345
123245341	0	5153	3836	3972	5312
123245442	0	5139	4005	3949	5340
123245542	0	5134	3799	3953	5373
123245641	0	5129	3813	3944	5363
123245741	0	5148	3846	3944	5350
123245841	0	5129	3836	3949	5355
123245942	0	5143	3808	3967	5350
123246042	0	5129	3860	3953	5373
123246141	0	5143	3841	3977	5317
123246241	0	5148	3827	3935	5345
123246342	0	5148	3850	3991	5359
123246441	0	5172	3860	3963	5336
123246542	0	5158	3822	3949	5340
123246642	0	5129	3874	3967	5355
123246741	0	5143	3822	3930	5364
123246842	0	5120	3850	3972	5331
123246941	0	5158	3803	3930	5350
123247041	0	5153	3785	3944	5331
123247141	0	5143	3799	3939	5331
123247241	0	5134	3813	3967	5336
123247341	0	5143	3789	3944	5350
123247441	0	5134	3855	3982	5331
123247541	0	5115	4047	3996	5326
123247642	0	5129	4179	3986	5340
123247742	0	5148	4239	3977	5340
123247842	0	5153	3799	3953	5322
123247946	0	5139	4005	3986	5298
123248041	0	5143	4235	3982	5326
123248141	0	5125	4038	3953	5265
123248241	0	5139	3808	3953	5312
123248341	0	5148	3958	3958	5317
123248441	0	5120	4061	3986	5345
123248542	0	5158	4404	3986	5369
123248642	0	5134	3827	3944	5364
123248741	0	5120	3850	3977	5336
123248841	0	5134	3967	3982	5359
123248942	0	5129	4089	3939	5355
123249042	0	5134	4075	3949	5322
123249142	0	5125	3817	4000	5369
123249241	0	5148	3803	3986	5368
123249341	0	5134	3794	3939	5340
123249441	0	5120	3799	3953	5368
123249542	0	5134	3803	3939	5355
123249642	0	5139	3808	3949	5401
123249742	0	5158	3803	3949	5312
123249842	0	5115	3803	3986	5345
123249942	0	5143	3766	3958	5369
123250042	0	5139	3789	3958	5373
123250142	0	5139	3789	3996	5312
123250242	0	5148	3780	3991	5401
123250341	0	5129	3817	3986	5340
123250442	0	5111	3827	3963	5377
123250542	0	5134	3822	3991	5340
123250642	0	5153	3836	3991	5326
123250742	0	5139	4005	3986	5359
123250842	0	5139	3785	3944	5350
123250942	0	5092	3808	3996	5345
123251041	0	5115	4221	3939	5331
123251141	0	5148	4010	3963	5308
123251242	0	5129	3991	4000	5363
123251341	0	5134	3822	3977	5322
123251442	0	5134	4211	3996	5303
123251541	0	5143	3982	3986	5377
123251641	0	5129	3874	3991	5350
123251741	0	5139	3831	3982	5340
123251841	0	5158	4108	3996	5251
123251941	0	5143	3991	3953	5345
123252045	0	5143	3967	3991	5340
123252142	0	5158	3986	3996	5317
123252241	0	5134	3944	3949	5317
123252342	0	5158	3827	3986	5355
123252442	0	5129	3817	3944	5331
123252541	0	5148	3813	3944	5336
123252642	0	5158	4071	3986	5350
123252741	0	5125	3827	3977	5322
123252841	0	5153	3813	3939	5355
123252942	0	5139	3808	3991	5303
123253042	0	5148	3850	3967	5359
123253141	0	5115	3841	3944	5336
123253242	0	5143	3864	3953	5364
123253342	0	5129	3841	3967	5326
123253441	0	5125	3831	3977	5340
123253541	0	5134	3836	3949	5312
123253641	0	5158	3813	3982	5345
123253741	0	5125	3827	3982	5345
123253855	0	5153	3794	3949	5345
123253942	0	5106	3831	3977	5326
123254042	0	5139	3817	3967	5350
123254142	0	5153	3785	3977	5363
123254242	0	5143	3799	3944	5326
123254342	0	5087	3794	3982	5326
123254442	0	5162	3808	3925	5369
123254541	0	5106	3850	3944	5369
123254641	0	5172	3799	3963	5312
123254741	0	5139	3817	3953	5350
123254841	0	5148	3827	3939	5308
123254941	0	5148	3803	3972	5303
123255042	0	5148	3822	3953	5326
123255142	0	5148	3860	3939	5355
123255242	0	5153	3869	3982	5355
123255341	0	5134	3803	3977	5359
123255442	0	5143	3874	3944	5364
123255542	0	5125	3860	3935	5294
123255642	0	5153	3822	3925	5317
123255742	0	5153	3813	3982	5340
123255841	0	5143	3841	3958	5331
123255941	0	5129	3822	3935	5317
123256042	0	5148	3846	3953	5368
123256145	0	5139	3803	3939	5336
123256241	0	5143	3836	3944	5359
123256342	0	5153	3813	3972	5364
123256442	0	5153	3864	3986	5350
123256542	0	5139	3855	3944	5303
123256641	0	5143	3855	3939	5350
123256741	0	5153	3831	3982	5373
123256841	0	5158	4061	3972	5331
123257041	0	5158	3817	3944	5340
123257141	0	5143	3860	3944	5355
123257241	0	5162	3822	3982	5345
123257341	0	5143	3813	3935	5326
123257441	0	5143	3808	3944	5359
123257541	0	5158	3803	3925	5364
123257641	0	5158	3822	3986	5326
123257741	0	5143	3836	3977	5322
123257942	0	5153	3846	3972	5303
123258041	0	5125	3813	3958	5355
123258142	0	5129	3813	3939	5308
123258242	0	5134	3953	3953	5340
123258342	0	5111	3822	3953	5322
123258442	0	5153	4066	3958	5331
123258541	0	5162	4239	3982	5345
123258641	0	5139	4211	3949	5303
123258742	0	5111	3986	3977	5303
123258844	0	5134	4230	3967	5355
123258942	0	5134	4221	3986	5355
123259042	0	5111	3817	3967	5336
123259142	0	5125	3813	3958	5326
123259241	0	5087	3817	3972	5345
123259341	0	5134	3850	3953	5350
123259441	0	5139	3836	3944	5331
123259542	0	5158	3996	3967	5336
123259641	0	5115	4623	3939	5368
123259742	0	5158	4052	3939	5355
123259841	0	5125	3775	3986	5350
123259941	0	5139	3794	3935	5331
123300041	0	5129	3789	3972	5355
123300141	0	5115	3827	3939	5369
123300245	0	5129	3808	3958	5373
123300341	0	5143	3803	3935	5359
123300441	0	5139	3817	3963	5340
123300541	0	5143	3803	3958	5340
123300641	0	5153	4000	3972	5355
123300742	0	5129	3799	3925	5355
123300842	0	5115	4024	3963	5317
123300941	0	5134	4239	3958	5326
123301042	0	5153	3799	3953	5336
123301141	0	5153	4024	3953	5326
123301241	0	5153	3977	3935	5336
123301341	0	5167	4033	3958	5345
123301441	0	5158	3799	3982	5377
123301542	0	5153	3789	3982	5336
123301641	0	5125	3991	3949	5326
123301741	0	5158	3944	3972	5336
123301841	0	5134	3799	3944	5364
123301941	0	5129	3799	3949	5326
123302041	0	5162	3808	3977	5326
123302142	0	5172	4390	3963	5317
123302241	0	5153	3972	3967	5350
123302341	0	5139	3808	3944	5336
123302441	0	5106	3817	3972	5340
123302541	0	5134	3817	3972	5326
123302641	0	5143	3817	3977	5331
123302741	0	5115	3836	3949	5345
123302842	0	5153	3850	3953	5350
123302941	0	5106	3860	3958	5369
123303041	0	5120	3841	3944	5355
123303141	0	5120	3836	3996	5336
123303241	0	5115	3850	3958	5322
123303342	0	5106	3794	3949	5340
123303441	0	5134	3794	3977	5369
123303541	0	5153	3813	3972	5340
123303641	0	5129	3803	3986	5317
123303741	0	5153	3841	3949	5350
123303841	0	5125	3817	3972	5345
123303941	0	5125	3813	3949	5317
123304041	0	5148	3817	3986	5331
123304141	0	5120	3799	3963	5345
123304241	0	5143	3799	3991	5336
123304346	0	5153	3785	3949	5331
123304441	0	5143	3827	3963	5308
123304541	0	5143	3813	3991	5317
123304641	0	5153	3817	3982	5317
123304741	0	5153	3803	3967	5317
123304842	0	5111	3808	3949	5340
123304941	0	5115	3846	3953	5350
123305041	0	5129	3827	3986	5359
123305141	0	5143	3817	3982	5373
123305241	0	5129	3803	3967	5355
123305341	0	5120	3803	3982	5350
123305441	0	5148	3785	3958	5312
123305541	0	5148	3822	3982	5322
123305641	0	5129	3841	3930	5298
123305741	0	5134	3803	3949	5382
123305841	0	5148	3827	3939	5331
123305941	0	5115	3803	3935	5359
123306042	0	5153	3794	3949	5331
123306141	0	5143	3817	3967	5345
123306241	0	5125	3813	3967	5368
123306342	0	5139	3813	3939	5377
123306442	0	5153	3799	3939	5312
123306541	0	5148	3761	3930	5340
123306641	0	5148	3939	3972	5331
123306741	0	5158	3799	3935	5369
123306841	0	5139	3813	3967	5326
123306941	0	5134	3827	3949	5373
123307041	0	5139	3813	3977	5369
123307142	0	5143	3789	3967	5280
123307241	0	5172	3808	3935	5368
123307341	0	5139	3925	3944	5368
123307441	0	5125	3808	3967	5308
123307542	0	5143	4258	3925	5317
123307641	0	5134	3813	3944	5345
123307742	0	5125	3817	3944	5326
123307841	0	5134	3808	3935	5326
123307941	0	5139	3803	3939	5373
123308041	0	5139	3822	3982	5363
123308142	0	5181	3794	3972	5355
123308241	0	5139	3831	3949	5373
123308341	0	5111	4038	3935	5331
123308445	0	5139	4464	3977	5363
123308541	0	5148	4609	3982	5322
123308641	0	5143	4225	3953	5364
123308741	0	5134	4595	3986	5317
123308841	0	5106	4623	3939	5298
123308942	0	5111	4586	3958	5317
123309042	0	5153	3921	3944	5345
123309142	0	5148	3967	3991	5280
123309241	0	5139	4197	3996	5345
123309341	0	5143	4469	3986	5317
123309441	0	5148	3808	3986	5284
123309541	0	5134	4000	3939	5345
123309641	0	5143	4066	3967	5312
123309742	0	5148	3817	3982	5382
123309841	0	5125	4080	3949	5363
123309941	0	5139	3813	3958	5340
123310041	0	5143	3794	3982	5350
123310141	0	5129	3794	3977	5275
123310241	0	5181	3799	3977	5364
123310341	0	5120	3850	3963	5369
123310442	0	5148	4024	3949	5364
123310542	0	5143	4038	3949	5369
123310642	0	5125	3813	3977	5364
123310741	0	5153	4028	3953	5308
123310842	0	5148	3953	3953	5350
123310941	0	5139	3935	3958	5336
123311041	0	5162	3991	3972	5364
123311141	0	5134	4221	3991	5350
123311241	0	5158	3808	3953	5326
123311341	0	5186	3785	3939	5363
123311442	0	5143	4061	3958	5308
123311541	0	5158	4459	3953	5345
123311641	0	5153	4483	3986	5312
123311741	0	5129	4216	3958	5359
123311841	0	5139	3878	3967	5326
123311941	0	5129	4042	3977	5345
123312041	0	5158	3794	3949	5345
123312141	0	5129	4024	3977	5355
123312241	0	5158	4258	3972	5336
123312341	0	5153	3817	3986	5312
123312442	0	5172	4024	3963	5396
123312545	0	5158	3799	3963	5350
123312641	0	5158	4014	3963	5363
123312741	0	5148	3813	3949	5340
123312842	0	5120	3836	3958	5369
123312941	0	5129	3841	3963	5359
123313041	0	5153	3799	3982	5312
123313141	0	5134	3817	3972	5355
123313242	0	5162	3803	3977	5368
123313341	0	5148	3808	3986	5345
123313441	0	5139	3822	3986	5377
123313541	0	5129	3808	3977	5326
123313641	0	5129	3817	3949	5308
123313741	0	5167	3850	3949	5326
123313841	0	5134	3813	3967	5355
123313941	0	5134	3817	3953	5326
123314041	0	5106	3794	3944	5377
123314141	0	5143	3846	3925	5336
123314241	0	5134	3803	3991	5322
123314341	0	5148	3822	3967	5345
123314442	0	5158	3831	3935	5326
123314541	0	5143	3855	3930	5363
123314641	0	5148	3850	3982	5303
123314741	0	5162	3813	3935	5326
123314841	0	5172	3803	3977	5322
123314941	0	5176	3794	3944	5369
123315041	0	5172	3808	3935	5336
123315141	0	5158	3831	3963	5369
123315242	0	5139	3831	3967	5363
123315342	0	5162	3841	3930	5364
123315441	0	5148	3789	3953	5364
123315541	0	5153	3808	3953	5373
123315641	0	5106	3817	3939	5340
123315741	0	5167	3841	3977	5336
123315841	0	5172	3846	3963	5312
123315941	0	5148	3822	3925	5350
123316042	0	5158	3827	3930	5345
123316141	0	5167	3813	3963	5364
123316242	0	5162	4263	3972	5368
123316341	0	5162	3827	3935	5350
123316441	0	5158	3836	3949	5340
123316541	0	5134	3817	3982	5340
123316643	0	5134	3808	3958	5322
123316741	0	5148	3770	3972	5363
123316841	0	5129	4511	3939	5373
123316941	0	5139	3817	3944	5355
123317042	0	5134	3770	3982	5364
123317141	0	5139	3794	3939	5350
123317242	0	5134	3794	3986	5368
123317341	0	5125	3785	3982	5359
123317441	0	5101	3803	3986	5350
123317541	0	5139	3780	3958	5355
123317641	0	5129	3831	3982	5345
123317741	0	5115	3770	3986	5336
123317841	0	5106	4005	3949	5331
123317941	0	5115	3813	3967	5406
123318041	0	5115	4075	3982	5359
123318141	0	5092	3789	3953	5340
123318241	0	5143	3785	3953	5294
123318341	0	5148	3780	3953	5363
123318441	0	5167	3789	3944	5406
123318542	0	5167	3827	3944	5340
123318641	0	5129	3822	3949	5359
123318741	0	5167	3817	3982	5336
123318841	0	5158	3803	3944	5336
123318941	0	5143	3808	3935	5359
123319041	0	5143	3817	3963	5340
123319141	0	5115	3770	3935	5345
123319241	0	5111	3808	3944	5340
123319341	0	5134	3813	3958	5336
123319441	0	5139	3794	3982	5312
123319541	0	5125	3831	3991	5312
123319641	0	5129	4057	3935	5355
123319741	0	5139	4235	3949	5350
123319842	0	5143	3789	3958	5345
123319941	0	5162	3963	3972	5350
123320042	0	5143	3799	3944	5345
123320141	0	5125	3794	3944	5369
123320241	0	5153	3803	3977	5336
123320341	0	5139	3808	3949	5368
123320441	0	5125	3799	3991	5317
123320541	0	5148	3803	3963	5331
123320641	0	5129	3813	3949	5345
123320743	0	5148	3831	3958	5340
123320841	0	5143	3827	3944	5340
123320941	0	5139	3827	3963	5363
123321041	0	5139	3813	3986	5350
123321142	0	5111	3794	3958	5369
123321241	0	5129	3799	3953	5363
123321341	0	5134	3831	3996	5350
123321441	0	5148	3813	3949	5369
123321541	0	5125	3813	3991	5364
123321641	0	5134	3827	3963	5350
123321741	0	5125	3817	3982	5396
123321841	0	5139	3803	3996	5355
123321941	0	5129	3817	3967	5364
123322041	0	5167	3817	3958	5331
123322141	0	5143	3794	3930	5340
123322241	0	5153	3789	3953	5368
123322341	0	5162	3789	3958	5364
123322441	0	5148	3770	3986	5340
123322541	0	5158	3794	3986	5364
123322641	0	5143	4652	3949	5387
123322741	0	5143	3766	3963	5326
123322841	0	5162	3775	3939	5336
123322941	0	5143	3925	3939	5350
123323041	0	5134	3944	3958	5303
123323141	0	5148	3756	3935	5331
123323241	0	5148	4052	3935	5340
123323341	0	5139	4605	3986	5336
123323441	0	5143	4028	3949	5317
123323541	0	5101	4047	3982	5355
123323641	0	5143	3803	3996	5368
123323741	0	5125	3785	3996	5326
123323841	0	5158	4197	3953	5322
123323941	0	5125	3953	3986	5308
123324041	0	5143	4473	3953	5336
123324141	0	5125	4633	3949	5340
123324242	0	5153	4047	3986	5345
123324341	0	5143	3944	3982	5387
123324441	0	5148	3977	3991	5317
123324541	0	5134	4052	4000	5308
123324641	0	5129	4066	3986	5308
123324741	0	5176	3770	3958	5317
123324843	0	5162	3766	4000	5355
123324941	0	5153	3817	3996	5387
123325041	0	5129	3794	3935	5368
123325141	0	5115	3785	3949	5308
123325242	0	5092	3827	3944	5359
123325341	0	5139	3808	3935	5340
123325441	0	5115	3822	3986	5345
123325541	0	5148	3827	3953	5373
123325641	0	5153	3822	3986	5355
123325741	0	5134	3799	3982	5345
123325841	0	5162	3803	3958	5406
123325941	0	5153	3822	3939	5368
123326041	0	5158	3785	3986	5340
123326141	0	5125	3803	3991	5377
123326241	0	5120	3803	3949	5355
123326341	0	5158	3831	3949	5350
123326442	0	5153	3803	3963	5345
123326541	0	5125	3780	4000	5382
123326641	0	5172	3836	3982	5326
123326742	0	5158	3850	3996	5350
123326841	0	5162	3817	3972	5336
123326942	0	5143	3799	3953	5355
123327041	0	5153	3799	3949	5326
123327141	0	5186	3836	3991	5364
123327241	0	5129	3850	3953	5336
123327341	0	5153	3813	3935	5401
123327441	0	5153	3817	3949	5355
123327541	0	5125	3822	3958	5363
123327641	0	5143	3799	3986	5317
123327742	0	5139	3822	3949	5303
123327841	0	5162	3822	3967	5373
123327941	0	5115	3944	3944	5326
123328041	0	5176	3813	3963	5363
123328141	0	5153	3808	3953	5363
123328241	0	5143	4230	3967	5340
123328341	0	5120	4239	3935	5312
123328441	0	5134	4656	3972	5340
123328541	0	5134	4623	3982	5308
123328641	0	5125	4197	3953	5322
123328741	0	5143	4609	3982	5312
123328841	0	5134	4600	3972	5369
123328943	0	5134	4642	3944	5326
123329041	0	5143	4183	3972	5364
123329141	0	5153	4600	3986	5355
123329241	0	5158	4202	3958	5368
123329341	0	5129	4263	3996	5336
123329441	0	5129	4221	3986	5340
123329541	0	5143	3869	3986	5298
123329641	0	5148	3817	3949	5359
123329741	0	5148	3813	4005	5345
123329841	0	5129	3803	3930	5275
123329941	0	5139	3836	3972	5369
123330041	0	5139	3803	3944	5377
123330141	0	5148	3831	3982	5322
123330241	0	5125	3831	3949	5382
123330341	0	5097	3977	3935	5364
123330441	0	5139	3822	3963	5355
123330541	0	5148	4221	3986	5317
123330641	0	5106	3766	3991	5350
123330741	0	5148	4033	3949	5326
123330841	0	5148	4033	3986	5340
123330941	0	5111	3991	3972	5359
123331041	0	5115	3972	3949	5355
123331141	0	5120	4254	3991	5331
123331241	0	5115	4183	3982	5298
123331341	0	5153	3803	3953	5364
123331441	0	5148	3855	3949	5308
123331541	0	5115	3827	3963	5326
123331641	0	5129	3991	3944	5364
123331740	0	5143	3841	4000	5369
123331841	0	5106	3813	3972	5340
123331941	0	5139	3855	3963	5355
123332041	0	5139	3799	3977	5308
123332141	0	5143	3808	3953	5350
123332241	0	5143	3831	3953	5340
123332341	0	5143	3813	3963	5369
123332441	0	5148	3831	3949	5322
123332541	0	5139	3831	3930	5355
123332641	0	5148	3822	3986	5363
123332741	0	5148	3860	3953	5336
123332841	0	5125	3827	3958	5350
123332941	0	5139	3841	3958	5336
123333043	0	5143	3803	3967	5369
123333141	0	5143	3822	3939	5355
123333241	0	5167	3846	3953	5336
123333341	0	5181	3817	3944	5369
123333441	0	5134	3817	3939	5345
123333541	0	5134	3831	3977	5359
123333641	0	5120	3827	3977	5369
123333740	0	5158	3817	3982	5331
123333841	0	5120	3827	3949	5317
123333940	0	5125	3808	3982	5308
123334041	0	5148	3813	3963	5340
123334141	0	5153	3841	3949	5322
123334241	0	5139	3874	3939	5317
123334341	0	5111	3789	3953	5355
123334441	0	5120	3841	3958	5322
123334541	0	5101	3841	3972	5308
123334641	0	5125	3803	3972	5326
123334741	0	5143	4061	3963	5317
123334841	0	5101	3972	3963	5303
123334941	0	5143	4080	3986	5322
123335041	0	5134	3822	3991	5298
123335141	0	5139	3794	3963	5322
123335241	0	5143	3822	3963	5312
123335341	0	5139	3836	3953	5340
123335441	0	5111	3831	3982	5359
123335542	0	5129	3860	3982	5312
123335641	0	5115	3803	3991	5317
123335741	0	5143	3799	3996	5331
123335841	0	5158	3799	3949	5363
123335941	0	5129	3846	3991	5331
123336041	0	5101	3822	3982	5317
123336141	0	5158	3799	3991	5377
123336241	0	5115	3822	3949	5369
123336341	0	5143	3817	3967	5326
123336441	0	5148	3831	3958	5326
123336541	0	5115	3846	3935	5364
123336641	0	5148	3822	3958	5336
123336741	0	5148	3817	3944	5326
123336841	0	5153	3846	3977	5326
123336941	0	5143	3808	3967	5326
123337041	0	5139	3860	3949	5317
123337143	0	5158	3817	3958	5340
123337241	0	5148	3864	3977	5363
123337341	0	5143	3841	3977	5308
123337441	0	5162	3836	3977	5336
123337541	0	5120	3977	3972	5363
123337641	0	5143	3794	3949	5303
123337741	0	5129	3808	3991	5303
123337841	0	5125	3799	3958	5359
123337941	0	5106	3799	3982	5331
123338041	0	5129	3831	3967	5326
123338141	0	5162	3794	3949	5326
123338241	0	5115	3846	3991	5303
123338341	0	5120	3827	3958	5326
123338440	0	5120	3827	3977	5345
123338541	0	5143	3846	3982	5336
123338641	0	5148	3822	3953	5331
123338740	0	5153	3822	3986	5340
123338841	0	5148	3855	3963	5317
123338941	0	5143	3817	3991	5317
123339041	0	5176	3799	3986	5359
123339141	0	5134	3789	4014	5345
123339241	0	5115	3808	3958	5345
123339341	0	5129	3836	3996	5265
123339441	0	5143	3803	3996	5345
123339541	0	5115	3785	3991	5336
123339641	0	5162	3813	3967	5317
123339740	0	5158	3817	3996	5336
123339841	0	5167	4024	3949	5331
123339941	0	5106	4085	3949	5312
123340041	0	5162	3794	3949	5359
123340141	0	5129	3827	3944	5355
123340241	0	5162	3827	3953	5326
123340341	0	5167	3831	3977	5317
123340441	0	5158	3831	3958	5350
123340541	0	5148	3822	3986	5326
123340641	0	5125	3827	3982	5340
123340741	0	5139	3808	3963	5303
123340841	0	5120	3836	3958	5331
123340941	0	5129	3827	3958	5350
123341041	0	5129	3836	3963	5303
123341141	0	5139	3827	3944	5312
123341243	0	5158	3817	3982	5317
123341341	0	5143	3827	3939	5359
123341441	0	5158	3836	3972	5308
123341541	0	5153	3846	3953	5317
123341641	0	5158	3813	3982	5322
123341741	0	5115	3813	3982	5284
123341841	0	5143	3808	3986	5317
123341941	0	5158	3850	4000	5336
123342041	0	5111	3799	3958	5312
123342141	0	5162	4000	3963	5265
123342241	0	5143	4061	3958	5317
123342341	0	5125	3817	3996	5312
123342441	0	5115	3817	3967	5331
123342540	0	5115	3822	3958	5326
123342641	0	5143	3808	3958	5322
123342741	0	5111	3817	3963	5322
123342841	0	5158	3827	3963	5312
123342941	0	5139	3822	3967	5331
123343041	0	5167	3799	3972	5340
123343141	0	5134	3822	3958	5289
123343240	0	5129	4047	3963	5317
123343341	0	5125	3799	3972	5289
123343441	0	5115	3808	3996	5308
123343541	0	5158	3813	3958	5364
123343641	0	5125	3808	3953	5308
123343741	0	5129	3813	3977	5294
123343841	0	5101	3953	3967	5340
123343941	0	5176	3817	4000	5350
123344041	0	5148	3808	3972	5340
123344141	0	5153	3817	3986	5355
123344241	0	5148	3813	3963	5317
123344341	0	5153	3803	3991	5312
123344441	0	5153	3813	3949	5322
123344540	0	5129	3808	3953	5294
123344641	0	5129	3827	3996	5326
123344741	0	5148	3827	3982	5308
123344840	0	5139	3827	3963	5331
123344941	0	5162	3817	3986	5298
123345041	0	5129	3803	3958	5326
123345140	0	5143	3822	3963	5308
123345241	0	5139	3794	3949	5303
123345343	0	5143	3799	3986	5256
123345441	0	5125	3822	3977	5294
123345541	0	5115	3822	3986	5298
123345641	0	5148	4075	3991	5350
123345740	0	5125	3813	3953	5312
123345841	0	5143	4066	3986	5312
123345941	0	5143	3982	3986	5312
123346041	0	5111	3827	4000	5336
123346141	0	5143	3813	3958	5326
123346240	0	5092	3972	3972	5312
123346341	0	5129	4047	3982	5336
123346441	0	5162	4085	3977	5312
123346541	0	5134	4385	3949	5303
123346641	0	5153	4207	3967	5345
123346740	0	5143	4202	3953	5355
123346841	0	5148	3789	3949	5322
123346940	0	5153	4061	3986	5326
123347041	0	5134	3958	3953	5326
123347141	0	5078	3803	3977	5303
123347241	0	5120	3794	3986	5275
123347341	0	5125	3817	3953	5312
123347441	0	5143	3780	3986	5336
123347541	0	5120	3799	3986	5303
123347641	0	5115	3803	3963	5340
123347741	0	5125	3789	3958	5345
123347841	0	5125	4061	3986	5294
123347941	0	5106	3794	3991	5350
123348041	0	5143	3803	3967	5284
123348141	0	5115	3803	3991	5326
123348241	0	5158	3799	3953	5326
123348341	0	5115	4268	3977	5275
123348441	0	5111	3808	3977	5303
123348541	0	5143	3836	3986	5298
123348640	0	5153	3794	3963	5308
123348741	0	5162	3803	3967	5340
123348841	0	5158	3785	3982	5359
123348941	0	5120	3808	3986	5350
123349041	0	5097	3780	3986	5345
123349140	0	5134	3808	4005	5294
123349241	0	5148	3794	3958	5336
123349341	0	5120	3977	3991	5345
123349442	0	5087	3813	3949	5322
123349541	0	5120	3803	3967	5303
123349640	0	5092	3813	3953	5331
123349741	0	5158	3982	3963	5322
123349841	0	5139	3785	3963	5326
123349941	0	5087	3794	3991	5275
123350041	0	5134	3967	3986	5326
123350141	0	5125	3836	3953	5355
123350241	0	5129	3817	3982	5326
123350341	0	5115	3963	3963	5289
123350441	0	5139	3808	3991	5308
123350541	0	5106	3972	3991	5303
123350644	0	5134	3972	3986	5294
123350739	0	5143	3799	3991	5303
123350839	0	5111	3808	3953	5326
123350939	0	5120	3794	3991	5308
123351039	0	5158	3808	3986	5294
123351139	0	5106	3827	3977	5312
123351239	0	5125	3808	3996	5326
123351339	0	5115	3827	3972	5326
123351439	0	5153	3822	3963	5294
123351539	0	5143	3803	3996	5340
123351639	0	5125	3808	3958	5303
123351739	0	5143	3817	3958	5331
123351839	0	5120	3841	3953	5322
123351939	0	5125	3822	3949	5261
123352039	0	5134	3831	3972	5336
123352139	0	5120	3794	3991	5303
123352239	0	5134	3808	3967	5303
123352339	0	5120	3813	3991	5359
123352439	0	5162	3780	3996	5317
123352539	0	5139	3803	3996	5303
123352639	0	5139	3785	3986	5303
123352739	0	5106	3813	3963	5355
123352839	0	5129	4042	3996	5308
123352939	0	5125	4033	3963	5284
123353039	0	5139	4216	3991	5340
123353139	0	5125	4666	3996	5326
123353239	0	5176	4216	3963	5326
123353339	0	5139	4230	3958	5350
123353439	0	5087	4211	3958	5340
123353542	0	5129	4047	3963	5355
123353639	0	5087	4057	3986	5340
123353739	0	5134	4666	3996	5340
123353839	0	5139	3953	3944	5350
123353939	0	5078	3991	3953	5359
123354039	0	5087	4000	3991	5322
123354139	0	5106	3808	3953	5331
123354238	0	5125	3841	3991	5294
123354339	0	5120	3794	3963	5322
123354439	0	5143	3977	3963	5336
123354539	0	5120	4244	3982	5331
123354639	0	5129	3831	3958	5331
123354738	0	5120	3827	3996	5294
123354839	0	5153	3789	3967	5289
123354939	0	5134	3785	4000	5312
123355038	0	5087	3813	3967	5322
123355139	0	5134	4052	3972	5340
123355238	0	5143	3817	3972	5303
123355338	0	5134	3808	3967	5331
123355439	0	5139	3785	3986	5345
123355539	0	5129	3817	4010	5317
123355639	0	5125	3808	3967	5308
123355739	0	5120	3813	3963	5303
123355839	0	5125	3831	3996	5326
123355938	0	5120	3808	3991	5317
123356039	0	5139	3822	3949	5331
123356138	0	5158	3822	4005	5308
123356238	0	5139	3817	3996	5317
123356339	0	5143	3799	3967	5261
123356439	0	5097	3803	3982	5298
123356539	0	5172	3860	4005	5298
123356639	0	5101	4080	3991	5331
123356738	0	5106	3817	4000	5331
123356838	0	5083	4061	3963	5317
123356939	0	5139	3958	3953	5350
123357039	0	5097	3836	3949	5345
123357139	0	5115	3831	3972	5312
123357238	0	5134	4005	3996	5322
123357339	0	5120	3799	3972	5350
123357439	0	5092	3808	4010	5336
123357539	0	5120	4075	3991	5326
123357643	0	5111	3799	3982	5308
123357738	0	5148	3794	3991	5280
123357838	0	5148	3827	3977	5350
123357939	0	5120	3813	3991	5331
123358039	0	5111	3813	3996	5308
123358153	0	5111	3785	3967	5275
123358238	0	5115	3817	3977	5326
123358338	0	5097	3813	3977	5336
123358439	0	5115	3817	3991	5289
123358539	0	5125	3813	3972	5322
123358639	0	5158	3822	4014	5331
123358739	0	5139	3808	4000	5322
123358838	0	5125	3799	3963	5326
123358939	0	5125	3967	4005	5331
123359038	0	5139	4080	3958	5294
123359139	0	5106	3808	4010	5345
123359239	0	5111	3794	3991	5247
123359339	0	5153	3808	3986	5340
123359438	0	5139	3846	4010	5340
123359539	0	5125	3799	3991	5312
123359639	0	5106	3803	3958	5303
123359739	0	5134	3799	4005	5261
123359838	0	5129	3799	3967	5317
123359939	0	5139	3803	3953	5322
123400039	0	5143	3799	4005	5336
123400139	0	5129	3789	3972	5317
123400239	0	5148	3785	3991	5350
123400339	0	5115	3794	3972	5326
123400439	0	5148	3766	3958	5294
123400538	0	5115	3799	3991	5336
123400639	0	5129	3982	3963	5317
123400739	0	5092	3803	3991	5350
123400839	0	5106	4019	3982	5322
123400939	0	5129	3958	3991	5326
123401038	0	5129	4254	3972	5312
123401139	0	5115	4216	3996	5364
123401239	0	5115	4075	3963	5345
123401339	0	5106	3822	3953	5317
123401439	0	5129	4216	3958	5345
123401538	0	5068	4244	3972	5340
123401638	0	5134	4061	3963	5322
123401743	0	5097	4254	3935	5326
123401838	0	5139	4244	3953	5340
123401939	0	5162	4038	3986	5303
123402039	0	5153	4670	3967	5350
123402139	0	5139	4225	3982	5355
123402239	0	5134	3939	3972	5317
123402339	0	5143	4188	3977	5331
123402439	0	5143	4038	3963	5340
123402538	0	5153	3803	3991	5331
123402639	0	5148	3780	3963	5326
123402739	0	5139	3949	3986	5340
123402838	0	5087	4244	3967	5350
123402939	0	5139	3808	3963	5308
123403038	0	5120	3953	3996	5317
123403138	0	5139	3944	3977	5317
123403238	0	5153	3808	4005	5289
123403338	0	5097	4075	3977	5312
123403439	0	5134	3799	3986	5331
123403538	0	5148	3822	3996	5350
123403639	0	5120	3836	3996	5312
123403738	0	5129	3794	3963	5251
123403839	0	5134	3817	3986	5340
123403939	0	5139	3789	3967	5340
123404038	0	5092	3846	4005	5350
123404139	0	5097	4057	3953	5308
123404238	0	5097	4216	3958	5336
123404339	0	5129	4221	3986	5340
123404439	0	5106	4652	3991	5326
123404539	0	5087	4666	3953	5308
123404639	0	5101	4193	3977	5308
123404738	0	5139	4638	3963	5331
123404838	0	5139	4652	3991	5312
123404938	0	5134	4239	3986	5284
123405039	0	5134	4642	3949	5336
123405139	0	5125	4642	3986	5359
123405239	0	5134	4263	3991	5303
123405338	0	5111	4235	3977	5303
123405439	0	5111	4052	3982	5345
123405539	0	5153	4249	3982	5345
123405638	0	5120	4221	3967	5312
123405739	0	5139	4066	3991	5331
123405842	0	5101	4268	3996	5336
123405939	0	5134	4670	3986	5322
123406038	0	5120	4263	3972	5355
123406140	0	5153	4211	3967	5298
123406239	0	5143	3799	3953	5331
123406339	0	5120	4254	3986	5284
123406438	0	5111	4019	3972	5331
123406538	0	5111	3958	3986	5326
123406639	0	5120	3982	3991	5303
123406738	0	5120	4230	3991	5322
123406838	0	5106	4071	3953	5298
123406939	0	5139	4075	3963	5331
123407038	0	5097	4235	3996	5340
123407138	0	5148	4404	3958	5331
123407239	0	5129	3780	3986	5331
123407338	0	5078	3789	3972	5336
123407438	0	5153	3799	4000	5336
123407538	0	5115	4071	3967	5308
123407639	0	5139	3822	3991	5364
123407738	0	5115	3817	3986	5336
123407838	0	5120	3799	3963	5322
123407938	0	5115	3972	3982	5331
123408038	0	5125	3817	3986	5345
123408139	0	5125	3813	3963	5303
123408239	0	5134	3813	3986	5312
123408339	0	5153	3836	3963	5303
123408439	0	5111	3846	4010	5326
123408538	0	5158	3822	3953	5298
123408639	0	5139	3822	3967	5340
123408739	0	5125	3827	4000	5312
123408838	0	5101	3846	3996	5345
123408939	0	5134	3831	3996	5336
123409039	0	5139	3827	3949	5326
123409138	0	5120	3855	4005	5355
123409238	0	5172	3855	3958	5308
123409338	0	5111	3846	3986	5345
123409439	0	5134	3850	3986	5326
123409539	0	5134	3855	3953	5308
123409638	0	5143	3841	4000	5312
123409738	0	5143	3831	3982	5345
123409839	0	5153	3841	3963	5340
123409942	0	5158	3850	3972	5303
123410052	0	5106	3831	3986	5317
123410138	0	5139	4103	3986	5322
123410238	0	5125	3813	3963	5298
123410339	0	5111	3846	3967	5308
123410438	0	5148	3846	3944	5345
123410538	0	5097	3817	3935	5308
123410638	0	5139	3850	3953	5359
123410739	0	5106	3836	3963	5350
123410838	0	5139	3827	3986	5322
123410939	0	5139	4080	3958	5345
123411038	0	5125	3817	3986	5326
123411138	0	5129	3817	3986	5355
123411238	0	5148	3963	3977	5359
123411338	0	5162	3813	3949	5331
123411438	0	5078	3794	3996	5331
123411538	0	5106	3803	4000	5340
123411638	0	5134	3808	3977	5322
123411739	0	5158	3977	4000	5331
123411838	0	5139	4211	4000	5331
123411938	0	5111	4239	3977	5350
123412039	0	5087	4202	3991	5331
123412138	0	5115	4652	3982	5322
123412238	0	5129	4249	3958	5331
123412338	0	5064	4638	3963	5303
123412438	0	5129	4642	3996	5312
123412538	0	5120	4221	3958	5312
123412638	0	5153	4642	3977	5345
123412738	0	5125	4642	3967	5322
123412839	0	5143	4211	3991	5289
123412939	0	5125	4652	3977	5308
123413038	0	5115	4221	3977	5298
123413139	0	5143	4211	3958	5312
123413238	0	5143	4207	3967	5336
123413338	0	5115	4225	3986	5326
123413439	0	5139	4230	3991	5326
123413539	0	5115	4638	3958	5322
123413639	0	5148	4225	4000	5345
123413738	0	5120	4661	4000	5331
123413839	0	5134	4398	3977	5331
123413939	0	5097	4661	3982	5326
123414042	0	5125	4230	3958	5345
123414139	0	5134	4661	3953	5331
123414238	0	5125	4661	4019	5340
123414339	0	5101	4244	3991	5340
123414439	0	5120	4216	3953	5284
123414539	0	5134	4197	3977	5322
123414638	0	5139	4263	4000	5317
123414738	0	5139	4647	3958	5322
123414838	0	5125	4633	4000	5294
123414938	0	5129	4623	3958	5303
123415039	0	5143	4628	3967	5331
123415138	0	5139	4614	3963	5312
123415238	0	5139	4628	3977	5284
123415338	0	5125	4633	3958	5350
123415438	0	5153	4609	3996	5336
123415539	0	5148	4623	4000	5298
123415639	0	5129	4633	4010	5340
123415738	0	5106	4628	3982	5336
123415839	0	5106	4638	3991	5308
123415938	0	5097	4249	3986	5322
123416038	0	5139	4633	3963	5340
123416138	0	5139	4642	3972	5294
123416239	0	5101	4656	3991	5294
123416339	0	5097	4642	3991	5303
123416439	0	5120	4647	3986	5345
123416544	0	5153	4675	3977	5280
123416639	0	5106	4661	3986	5336
123416738	0	5134	4211	3986	5340
123416838	0	5143	4263	3963	5294
123416939	0	5148	4221	3949	5298
123417038	0	5143	4666	3996	5322
123417139	0	5172	4225	3996	5303
123417238	0	5139	4216	3982	5294
123417339	0	5120	4511	3949	5303
123417439	0	5158	4042	3977	5298
123417538	0	5162	4033	3996	5326
123417639	0	5143	3967	3958	5331
123417739	0	5148	4235	3958	5247
123417838	0	5158	3817	3958	5317
123417938	0	5125	3827	3996	5326
123418038	0	5167	3831	4005	5308
123418142	0	5158	3846	3953	5326
123418238	0	5143	3789	3986	5312
123418339	0	5148	3982	3958	5317
123418438	0	5129	3808	3986	5345
123418638	0	5143	4254	3996	5331
123418738	0	5134	3817	3972	5336
123418838	0	5125	3799	3958	5331
123418938	0	5129	3831	3958	5331
123419039	0	5139	3967	4000	5331
123419139	0	5129	4028	3982	5284
123419239	0	5115	4010	3958	5350
123419339	0	5111	4005	3986	5317
123419439	0	5143	3982	4000	5312
123419539	0	5125	4052	3963	5331
123419638	0	5143	4225	3972	5312
123419739	0	5120	3803	3977	5364
123419839	0	5111	3982	3972	5280
123419939	0	5134	4207	3996	5340
123420039	0	5134	4014	3963	5303
123420139	0	5134	3972	3991	5322
123420238	0	5143	3785	3967	5298
123420339	0	5129	4075	3967	5336
123420438	0	5143	3977	4005	5298
123420538	0	5115	3808	3953	5303
123420639	0	5120	3953	3972	5331
123420738	0	5106	4066	3982	5350
123420839	0	5129	4005	3967	5294
123420939	0	5129	3799	3991	5336
123421038	0	5125	3803	3963	5326
123421138	0	5097	3977	3991	5340
123421239	0	5153	3799	3977	5317
123421338	0	5134	3817	3958	5355
123421438	0	5129	4080	3958	5345
123421538	0	5111	3972	4000	5280
123421639	0	5078	4061	3967	5303
123421738	0	5134	4010	4000	5326
123421839	0	5111	3808	3967	5345
123421938	0	5129	3813	3963	5261
123422039	0	5134	3831	3958	5336
123422139	0	5125	3813	3991	5340
123422243	0	5115	4263	3996	5350
123422338	0	5125	3808	3967	5308
123422439	0	5115	3803	3986	5317
123422538	0	5143	3803	3991	5308
123422639	0	5153	3794	3958	5317
123422739	0	5101	3803	3977	5312
123422838	0	5162	3822	3958	5355
123422938	0	5162	3855	3953	5317
123423039	0	5143	3846	3967	5326
123423139	0	5097	3991	3967	5308
123423238	0	5143	4094	3972	5322
123423338	0	5139	4071	3996	5350
123423439	0	5106	4089	3949	5317
123423538	0	5139	3972	3972	5308
123423638	0	5129	3986	4000	5331
123423738	0	5139	3986	3996	5340
123423839	0	5139	3808	3996	5340
123423938	0	5139	3982	3977	5284
123424038	0	5129	3775	3991	5340
123424139	0	5153	3953	3953	5275
123424238	0	5111	4024	4005	5350
123424339	0	5129	4066	3982	5322
123424438	0	5148	4244	3972	5322
123424539	0	5129	3813	3996	5322
123424638	0	5139	4061	3963	5326
123424738	0	5139	4061	3972	5298
123424838	0	5153	3803	3963	5308
123424939	0	5148	4024	3991	5363
123425038	0	5162	3841	3986	5317
123425138	0	5143	3822	3958	5317
123425238	0	5106	3817	4000	5308
123425338	0	5120	3822	4014	5331
123425438	0	5139	3850	3977	5331
123425538	0	5120	3813	4000	5336
123425638	0	5139	3794	3972	5340
123425738	0	5139	3794	3972	5350
123425838	0	5143	3822	3972	5331
123425938	0	5129	3803	4000	5303
123426038	0	5143	4075	3991	5312
123426138	0	5134	4061	3986	5350
123426239	0	5097	3822	3958	5289
123426342	0	5129	3808	4005	5331
123426438	0	5148	3831	3996	5275
123426539	0	5106	3813	4005	5289
123426638	0	5129	4080	4000	5303
123426739	0	5143	3799	3972	5289
123426839	0	5115	3817	3982	5350
123426938	0	5134	3785	4000	5322
123427038	0	5143	4061	3982	5340
123427138	0	5162	3808	4010	5317
123427238	0	5139	3817	3963	5364
123427338	0	5148	4080	3963	5345
123427438	0	5162	3831	4005	5289
123427538	0	5115	3822	4005	5355
123427639	0	5125	4080	4005	5359
123427738	0	5134	3813	4010	5317
123427839	0	5134	3813	3958	5317
123427938	0	5125	3836	3986	5303
123428039	0	5139	3864	3996	5326
123428138	0	5115	3841	3953	5289
123428238	0	5115	3794	3953	5256
123428338	0	5115	3822	3982	5312
123428438	0	5115	3813	4005	5303
123428539	0	5148	3813	3953	5303
123428638	0	5143	3803	3967	5303
123428739	0	5106	3789	4000	5322
123428838	0	5148	3789	3972	5345
123428938	0	5101	4249	3958	5326
123429038	0	5148	3775	3991	5317
123429138	0	5134	3972	3982	5336
123429239	0	5101	4230	3986	5345
123429338	0	5120	3846	3967	5345
123429439	0	5111	3761	3953	5298
123429538	0	5148	4230	3963	5322
123429638	0	5148	4263	3958	5331
123429738	0	5143	4052	4000	5317
123429838	0	5153	4075	3963	5340
123429938	0	5139	3958	3967	5350
123430038	0	5097	3803	3972	5289
123430139	0	5129	3813	3953	5336
123430238	0	5143	3808	3991	5312
123430338	0	5120	3817	3958	5308
123430442	0	5120	3799	4005	5345
123430538	0	5125	3803	4000	5331
123430638	0	5125	3799	3967	5308
123430738	0	5111	3813	3953	5317
123430838	0	5148	3813	4005	5317
123430938	0	5111	3831	3991	5322
123431038	0	5134	3817	3991	5284
123431138	0	5148	3808	3996	5317
123431238	0	5172	3836	3996	5317
123431338	0	5143	3817	4000	5298
123431438	0	5162	3827	3986	5326
123431539	0	5148	3803	3996	5340
123431738	0	5111	3813	4000	5303
123431839	0	5148	3827	4000	5284
123431938	0	5111	3813	3958	5359
123432039	0	5111	3817	4010	5322
123432139	0	5139	3822	4005	5308
123432238	0	5158	3850	3963	5336
123432339	0	5134	3846	3963	5336
123432438	0	5148	3831	3991	5312
123432538	0	5167	3803	3996	5359
123432639	0	5153	3813	3996	5326
123432738	0	5158	3850	3958	5331
123432838	0	5139	3808	3977	5326
123432938	0	5167	3822	3991	5322
123433038	0	5134	3813	3949	5336
123433138	0	5148	3841	4000	5336
123433239	0	5153	3831	3986	5289
123433338	0	5115	3817	3958	5312
123433438	0	5129	3813	3986	5336
123433539	0	5162	3836	3996	5251
123433638	0	5162	3817	4005	5336
123433738	0	5129	3817	4000	5289
123433838	0	5153	3803	4005	5308
123433938	0	5148	3836	4000	5298
123434038	0	5162	3808	3991	5331
123434138	0	5148	3822	3982	5345
123434238	0	5106	4057	4000	5312
123434338	0	5129	3850	3996	5265
123434438	0	5153	3808	3977	5312
123434542	0	5162	3813	4014	5312
123434638	0	5134	3794	4005	5340
123434738	0	5120	3803	3996	5303
123434838	0	5120	3794	3958	5265
123434938	0	5111	3808	3953	5345
123435038	0	5106	3803	3977	5312
123435138	0	5172	3799	3967	5312
123435238	0	5143	3794	3972	5345
123435338	0	5134	3986	3963	5298
123435438	0	5125	3799	4005	5326
123435539	0	5143	3799	3991	5312
123435638	0	5148	3808	3982	5317
123435738	0	5115	3986	3982	5298
123435839	0	5115	3808	3967	5294
123435938	0	5158	3827	3996	5322
123436038	0	5148	3850	3986	5336
123436138	0	5148	3822	4005	5340
123436238	0	5120	3794	3977	5336
123436338	0	5125	3794	4000	5298
123436438	0	5148	3808	3963	5303
123436539	0	5162	3803	3986	5336
123436639	0	5139	3813	4000	5340
123436738	0	5139	3817	3967	5289
123436839	0	5143	3803	4005	5336
123436938	0	5148	3808	4014	5355
123437038	0	5115	3813	3967	5308
123437138	0	5115	3808	3982	5298
123437238	0	5120	3803	3977	5298
123437338	0	5125	3831	3996	5312
123437439	0	5153	3808	3996	5308
123437538	0	5134	3803	4005	5322
123437638	0	5143	3808	4000	5331
123437739	0	5158	3813	3963	5336
123437838	0	5148	3813	3949	5298
123437938	0	5143	3794	3967	5345
123438038	0	5148	3789	4000	5312
123438138	0	5162	3794	3958	5340
123438238	0	5115	3808	3996	5261
123438338	0	5139	3817	3963	5336
123438438	0	5143	3822	3963	5294
123438538	0	5134	3817	4000	5317
123438642	0	5129	3794	3986	5284
123438739	0	5111	3803	4010	5326
123438838	0	5134	3831	3972	5289
123438938	0	5106	3813	4000	5326
123439038	0	5129	3803	4010	5303
123439138	0	5111	3813	3991	5289
123439238	0	5167	3789	3967	5336
123439338	0	5153	3794	3986	5312
123439439	0	5139	3958	3967	5308
123439538	0	5073	3808	4000	5340
123439638	0	5134	3789	3963	5317
123439739	0	5148	3775	3953	5312
123439838	0	5083	3785	3991	5345
123439938	0	5101	3785	3991	5312
123440038	0	5101	3794	3996	5298
123440138	0	5153	3822	3953	5350
123440238	0	5134	3785	3953	5303
123440338	0	5162	3780	3963	5345
123440438	0	5143	3766	3949	5331
123440538	0	5148	3789	3949	5303
123440638	0	5158	3780	3967	5355
123440738	0	5129	3789	3958	5340
123440839	0	5148	3794	3958	5331
123440938	0	5092	3808	3982	5317
123441038	0	5143	3789	3996	5275
123441139	0	5143	3822	3972	5326
123441238	0	5139	3794	3986	5355
123441338	0	5115	3794	3958	5326
123441438	0	5134	3808	4005	5312
123441538	0	5087	3799	3991	5280
123441638	0	5153	3766	3991	5308
123441738	0	5134	3789	3991	5331
123441839	0	5143	3799	3967	5308
123441938	0	5083	3785	3986	5308
123442039	0	5143	3972	3963	5270
123442139	0	5120	3935	3967	5312
123442238	0	5101	3794	3996	5308
123442338	0	5129	3775	3991	5336
123442443	0	5125	3935	3958	5340
123442538	0	5111	4061	3963	5345
123442638	0	5148	3775	4000	5322
123442742	0	5125	3972	3958	5312
123442838	0	5129	3991	3996	5336
123442939	0	5134	3770	3963	5322
123443038	0	5097	4057	3982	5322
123443138	0	5101	3972	3977	5322
123443238	0	5120	3808	3949	5298
123443338	0	5087	3799	3991	5303
123443438	0	5106	4075	3967	5312
123443538	0	5158	3949	3958	5308
123443639	0	5172	3785	3967	5308
123443738	0	5143	3785	3958	5345
123443838	0	5087	3770	3953	5359
123443938	0	5125	3756	3953	5350
123444038	0	5115	3780	3953	5350
123444138	0	5087	3982	3982	5340
123444238	0	5087	4244	3963	5377
123444338	0	5139	4235	3958	5345
123444438	0	5129	4071	3977	5336
123444538	0	5153	3770	3986	5364
123444638	0	5078	4075	3958	5322
123444938	0	5139	4066	3953	5359
123445038	0	5097	3794	3963	5364
123445138	0	5143	3775	3986	5345
123445239	0	5120	4075	3967	5336
123445338	0	5101	4042	3972	5294
123445438	0	5143	3780	3958	5298
123445538	0	5111	3789	3991	5355
123445638	0	5120	3808	3977	5303
123445738	0	5125	3803	4000	5298
123445838	0	5092	3803	3972	5331
123445938	0	5097	3813	3967	5312
123446038	0	5087	3822	3977	5336
123446138	0	5162	3822	3953	5298
123446238	0	5153	4085	3986	5294
123446338	0	5111	3831	3953	5322
123446439	0	5129	3836	3977	5303
123446538	0	5134	3813	3967	5322
123446638	0	5158	3785	3953	5336
123446738	0	5125	3827	3982	5331
123446842	0	5134	3817	3972	5312
123446938	0	5129	3808	3958	5340
123447038	0	5125	3822	3977	5312
123447138	0	5115	4038	3977	5331
123447238	0	5143	3794	3986	5331
123447339	0	5148	3780	3963	5340
123447438	0	5139	4066	3996	5280
123447539	0	5115	3789	3977	5312
123447638	0	5120	3803	3996	5317
123447738	0	5129	4216	3977	5317
123447838	0	5111	3982	3977	5322
123447938	0	5087	4239	3991	5340
123448038	0	5143	4244	3958	5312
123448138	0	5083	4202	3963	5322
123448238	0	5134	4211	3991	5331
123448338	0	5125	4216	3996	5326
123448438	0	5115	4412	3977	5336
123448538	0	5139	4207	3963	5340
123448638	0	5139	4042	4000	5312
123448738	0	5106	4066	3991	5326
123448838	0	5111	4099	3982	5303
123448938	0	5134	4216	4010	5336
123449039	0	5129	4516	3967	5345
123449138	0	5111	4211	3949	5340
123449238	0	5172	4080	3958	5275
123449338	0	5148	4071	3958	5289
123449438	0	5129	4057	3982	5355
123449538	0	5139	4675	3958	5322
123449638	0	5101	4520	3991	5331
123449738	0	5153	3817	3953	5336
123449838	0	5097	4061	3991	5322
123449939	0	5120	3803	3991	5322
123450038	0	5120	4525	3977	5345
123450138	0	5129	3803	3991	5345
123450238	0	5125	3963	3972	5336
123450338	0	5101	4071	3958	5289
123450438	0	5106	4216	3991	5289
123450538	0	5087	3803	3958	5336
123450638	0	5129	3803	3958	5331
123450738	0	5097	3977	3967	5317
123450942	0	5115	4071	3967	5317
123451038	0	5143	4230	3986	5308
123451138	0	5097	4057	3986	5326
123451238	0	5101	4202	3982	5340
123451338	0	5134	3803	3991	5326
123451438	0	5134	4061	3972	5317
123451538	0	5143	3977	3991	5331
123451638	0	5101	4047	3958	5326
123451738	0	5125	4080	3972	5336
123451838	0	5158	3996	3958	5312
123451938	0	5134	4103	3949	5340
123452038	0	5134	4520	3991	5326
123452138	0	5148	3827	4000	5322
123452238	0	5111	4075	4005	5294
123452338	0	5115	3996	3996	5326
123452438	0	5115	3799	3982	5308
123452538	0	5106	3799	4005	5322
123452638	0	5101	3775	3967	5308
123452738	0	5129	3817	3972	5336
123452838	0	5111	3996	3953	5350
123452939	0	5125	3799	3991	5336
123453038	0	5143	3780	3953	5322
123453138	0	5106	3986	3967	5298
123453238	0	5106	3794	3949	5294
123453338	0	5097	4225	3982	5345
123453438	0	5139	4239	3967	5369
123453538	0	5148	4071	3958	5355
123453638	0	5111	3785	3972	5303
123453738	0	5134	3813	3972	5308
123453838	0	5125	3789	3958	5345
123453938	0	5125	3794	3986	5359
123454038	0	5153	3766	3949	5331
123454138	0	5120	3982	3972	5331
123454239	0	5083	4244	3949	5364
123454338	0	5143	3770	3958	5368
123454438	0	5129	3958	3972	5317
123454538	0	5115	3813	3958	5340
123454638	0	5115	4249	3944	5355
123454738	0	5101	4239	3958	5317
123454838	0	5143	3813	3944	5355
123454938	0	5101	4080	3949	5350
123455040	0	5092	3780	3982	5350
123455138	0	5134	3789	3963	5331
123455238	0	5106	3789	3963	5336
123455338	0	5134	3991	3953	5317
123455438	0	5134	4057	3986	5340
123455538	0	5115	4225	3986	5336
123455638	0	5101	3799	3958	5322
123455738	0	5148	4075	3986	5340
123455838	0	5129	4061	3982	5322
123455938	0	5143	3977	3986	5322
123456038	0	5120	4506	3986	5336
123456138	0	5078	3944	3982	5345
123456238	0	5143	4244	3963	5340
123456338	0	5158	4661	3963	5317
123456438	0	5097	4061	3953	5312
123456538	0	5125	4404	3958	5331
123456638	0	5129	3967	3982	5336
123456738	0	5106	4038	3972	5331
123456838	0	5153	3803	3963	5359
123456938	0	5158	3967	3958	5355
123457038	0	5125	3756	3977	5336
123457152	0	5143	4047	3977	5303
123457252	0	5134	4211	3967	5350
123457338	0	5087	3785	3963	5350
123457438	0	5162	4080	3953	5303
123457538	0	5120	3799	3958	5317
123457638	0	5143	3770	3949	5336
123457738	0	5129	3799	3982	5350
123457838	0	5143	3803	3982	5331
123457938	0	5115	3808	3996	5336
123458038	0	5111	3813	4005	5326
123458138	0	5115	3799	3991	5326
123458238	0	5115	3775	3982	5303
123458338	0	5139	3799	3949	5336
123458438	0	5092	3785	3972	5326
123458538	0	5120	3799	3972	5350
123458638	0	5134	3982	3977	5373
123458738	0	5115	3780	3958	5280
123458838	0	5148	3780	3958	5345
123458938	0	5106	3789	3944	5359
123459038	0	5129	3794	3982	5350
123459142	0	5158	3831	3972	5317
123459238	0	5106	3803	3991	5340
123459338	0	5134	3808	3949	5303
123459438	0	5129	3780	3977	5336
123459538	0	5139	3794	3958	5317
123459638	0	5148	3817	3972	5363
123459738	0	5101	3808	3967	5289
123459838	0	5162	3799	3991	5317
123459938	0	5068	3794	3996	5326
123500038	0	5162	3808	3982	5355
123500138	0	5129	3785	3958	5298
123500238	0	5153	4042	3982	5345
123500338	0	5143	3780	3972	5322
123500438	0	5092	3972	3982	5359
123500552	0	5125	3822	3982	5312
123500638	0	5143	3770	3977	5326
123500738	0	5139	3963	3963	5350
123500838	0	5097	3949	3958	5340
123500938	0	5125	4239	3986	5340
123501238	0	5101	4066	3953	5317
123501338	0	5120	4216	3958	5331
123501638	0	5092	4244	3953	5359
123501738	0	5101	4230	3949	5359
123501838	0	5115	4019	3967	5331
123501938	0	5134	4000	3939	5336
123502038	0	5134	4080	3977	5340
123502138	0	5111	4085	3953	5359
123502238	0	5129	3808	3982	5280
123502338	0	5073	4038	3958	5303
123502438	0	5111	4207	3930	5322
123502538	0	5101	3949	3986	5331
123502638	0	5120	4230	3958	5355
123502738	0	5106	4207	3967	5350
123502838	0	5083	4057	3991	5336
123502938	0	5153	3953	3953	5369
123503038	0	5143	4492	3967	5350
123503138	0	5143	3949	3953	5336
123503241	0	5158	3785	3949	5322
123503338	0	5115	3958	3944	5317
123503438	0	5101	3953	3949	5364
123503538	0	5092	4042	3986	5355
123503638	0	5125	3794	3982	5331
123503738	0	5134	3785	3977	5331
123503838	0	5129	3972	3944	5331
123503938	0	5120	3794	3982	5284
123504038	0	5134	4042	3996	5340
123504138	0	5115	3967	3982	5294
123504238	0	5134	3789	3991	5294
123504338	0	5120	3785	3986	5317
123504438	0	5120	3775	3967	5303
123504538	0	5143	3770	3991	5350
123504638	0	5078	4249	3996	5340
123504738	0	5125	4075	3963	5355
123504838	0	5087	4047	3963	5326
123504938	0	5111	3831	3958	5336
123505038	0	5153	3775	3991	5340
123505138	0	5148	3799	3944	5331
123505238	0	5125	3803	3986	5331
123505338	0	5129	4052	3982	5340
123505438	0	5064	3794	3963	5294
123505538	0	5167	3827	3982	5345
123505638	0	5143	3770	3949	5355
123505738	0	5172	3967	3982	5308
123505838	0	5120	3780	3963	5298
123505938	0	5083	3803	3991	5326
123506038	0	5129	3794	3949	5345
123506138	0	5097	3785	3958	5345
123506238	0	5078	3827	3939	5317
123506338	0	5148	3789	3953	5359
123506438	0	5139	3831	3967	5345
123506538	0	5106	3780	3944	5363
123506638	0	5143	3799	3958	5326
123506738	0	5148	3785	3949	5308
123506838	0	5106	3817	3977	5331
123506938	0	5172	3813	3963	5308
123507038	0	5143	3799	3967	5284
123507138	0	5158	3803	3949	5317
123507238	0	5143	3827	3963	5359
123507342	0	5125	3794	3977	5345
123507438	0	5158	3789	3972	5359
123507538	0	5129	4005	3982	5336
123507638	0	5143	3996	3972	5340
123507738	0	5162	3799	3977	5350
123507838	0	5120	3827	3953	5340
123507938	0	5101	3986	3953	5355
123508038	0	5139	3939	3963	5340
123508138	0	5129	3813	3991	5308
123508238	0	5129	3836	3963	5298
123508344	0	5120	3817	3953	5312
123508438	0	5125	3803	3967	5322
123508538	0	5139	3808	3967	5355
123508638	0	5129	4254	3953	5345
123508738	0	5125	3996	3958	5336
123508838	0	5143	3817	3953	5312
123508938	0	5125	3813	3986	5364
123509038	0	5143	3836	3939	5336
123509138	0	5134	3780	3986	5294
123509238	0	5162	3789	3963	5331
123509338	0	5139	3813	3967	5364
123509438	0	5143	3817	3958	5312
123509538	0	5153	3794	3982	5322
123509638	0	5115	3808	3967	5336
123509738	0	5125	3808	3958	5312
123509838	0	5134	3991	3963	5326
123509938	0	5148	3799	3972	5326
123510038	0	5134	3813	3958	5359
123510138	0	5153	3813	4000	5345
123510238	0	5115	3799	3963	5312
123510338	0	5120	3817	4000	5359
123510438	0	5111	3827	3972	5355
123510537	0	5120	4061	3958	5340
123510638	0	5125	3794	3982	5350
123510737	0	5125	3808	3982	5298
123510838	0	5134	3986	3958	5345
123510938	0	5101	3813	3991	5331
123511038	0	5087	4071	3963	5331
123511138	0	5134	4647	3982	5340
123511238	0	5153	3789	3991	5355
123511338	0	5134	3803	3958	5373
123511442	0	5129	4052	3982	5363
123511538	0	5101	3972	3977	5336
123511638	0	5153	4080	3972	5364
123511738	0	5158	3935	3930	5359
123511838	0	5115	4239	3949	5317
123511938	0	5111	4211	3967	5391
123512038	0	5162	3817	3967	5331
123512138	0	5134	4258	3972	5345
123512238	0	5134	4652	3982	5364
123512338	0	5139	4492	3963	5340
123512438	0	5139	4502	3982	5355
123512538	0	5143	4656	3977	5396
123512638	0	5134	4487	3935	5345
123512738	0	5134	4633	3967	5312
123512838	0	5111	4623	3958	5312
123512938	0	5111	4239	3977	5363
123513038	0	5115	4609	3939	5322
123513138	0	5129	4239	3944	5363
123513238	0	5153	4010	3967	5326
123513338	0	5134	3958	3935	5340
123513438	0	5139	4239	3953	5322
123513538	0	5139	3996	3949	5322
123513638	0	5129	3808	3958	5363
123513737	0	5143	3813	3967	5326
123513838	0	5101	3817	3944	5317
123513938	0	5153	3799	3967	5373
123514038	0	5139	4417	3967	5294
123514139	0	5129	3813	3949	5336
123514237	0	5125	3770	3972	5350
123514337	0	5139	3789	3953	5345
123514438	0	5158	4005	3953	5359
123514538	0	5111	4412	3935	5317
123514638	0	5139	3991	3972	5331
123514738	0	5106	3817	3930	5312
123514838	0	5134	4492	3944	5359
123514938	0	5158	3846	3958	5368
123515038	0	5148	3799	3944	5350
123515138	0	5143	4066	3930	5350
123515238	0	5139	4061	3967	5312
123515338	0	5111	4057	3944	5364
123515438	0	5134	3799	3935	5369
123515542	0	5134	3977	3939	5369
123515638	0	5139	3803	3963	5355
123515737	0	5143	4000	3925	5364
123515838	0	5181	3996	3949	5298
123515937	0	5125	4005	3967	5350
123516038	0	5158	3916	3972	5340
123516138	0	5148	4216	3939	5308
123516238	0	5143	4211	3967	5308
123516338	0	5097	4197	3949	5363
123516438	0	5148	4066	3949	5308
123516537	0	5115	4010	3972	5317
123516638	0	5143	4497	3986	5340
123516738	0	5148	4047	3967	5355
123516837	0	5115	3789	3944	5331
123516938	0	5139	3803	3963	5336
123517038	0	5167	3803	3944	5340
123517138	0	5125	3813	3963	5326
123517238	0	5120	4225	3953	5345
123517337	0	5153	3972	3972	5336
123517438	0	5115	3982	3935	5331
123517538	0	5139	3827	3967	5369
123517638	0	5129	4511	3977	5322
123517738	0	5162	3967	3953	5350
123517838	0	5158	3785	3953	5317
123517938	0	5129	4221	3972	5363
123518038	0	5129	4268	3949	5355
123518138	0	5115	3967	3949	5308
123518238	0	5134	3967	3972	5369
123518338	0	5134	3991	3958	5350
123518437	0	5158	3799	3944	5359
123518537	0	5158	4010	3944	5350
123518638	0	5125	4211	3967	5326
123518738	0	5158	4492	3972	5350
123518837	0	5158	4249	3935	5377
123518938	0	5129	4647	3977	5368
123519038	0	5148	4235	3949	5359
123519138	0	5134	4033	3944	5359
123519238	0	5143	4249	3949	5340
123519338	0	5148	4652	3963	5387
123519437	0	5106	4492	3963	5364
123519537	0	5143	4244	3939	5312
123519642	0	5148	3794	3977	5336
123519738	0	5134	3996	3935	5336
123519837	0	5148	4656	3930	5359
123519938	0	5143	3977	3977	5345
123520038	0	5143	3794	3930	5350
123520137	0	5143	4235	3972	5364
123520238	0	5134	4197	3944	5363
123520338	0	5139	4404	3930	5387
123520437	0	5153	4211	3935	5350
123520538	0	5134	4394	3972	5345
123520638	0	5139	4207	3935	5368
123520738	0	5134	4614	3935	5322
123520838	0	5153	4024	3953	5331
123520938	0	5153	4052	3963	5363
123521038	0	5148	4019	3953	5382
123521138	0	5148	4473	3977	5364
123521238	0	5153	3986	3972	5373
123521338	0	5134	4455	3935	5373
123521438	0	5139	4469	3977	5289
123521538	0	5120	3775	3977	5317
123521638	0	5158	4047	3935	5363
123521738	0	5134	3780	3949	5331
123521838	0	5129	3813	3963	5345
123521938	0	5134	3803	3949	5359
123522037	0	5139	3770	3986	5359
123522137	0	5143	4038	3977	5312
123522238	0	5158	4028	3953	5326
123522338	0	5120	4193	3930	5331
123522438	0	5143	4619	4000	5317
123522538	0	5129	4169	3972	5326
123522638	0	5172	3836	4005	5340
123522738	0	5120	4211	3967	5350
123522838	0	5153	3949	3953	5355
123522938	0	5129	3766	3982	5359
123523038	0	5162	3808	3996	5331
123523138	0	5125	3808	3958	5340
123523237	0	5134	3794	3982	5312
123523350	0	5158	3803	3972	5364
123523450	0	5143	3803	3986	5350
123523538	0	5134	3822	3996	5317
123523638	0	5134	3822	3986	5369
123523742	0	5143	3817	3991	5303
123523838	0	5115	3808	4000	5322
123523938	0	5115	3817	3986	5350
123524038	0	5148	3803	4005	5331
123524137	0	5153	3827	3977	5331
123524238	0	5162	3827	4000	5359
123524338	0	5158	3827	3967	5312
123524438	0	5139	3817	3963	5303
123524537	0	5143	3817	3967	5326
123524637	0	5148	3813	3972	5308
123524737	0	5158	3817	3958	5322
123524837	0	5120	3808	3996	5345
123524938	0	5162	3817	3977	5345
123525238	0	5143	3850	4005	5336
123525337	0	5158	3803	3996	5336
123525438	0	5125	3803	3991	5345
123525538	0	5129	3808	4019	5359
123525638	0	5143	3831	3977	5336
123525738	0	5120	3836	3996	5326
123525838	0	5148	3770	4010	5364
123525937	0	5139	3930	3991	5298
123526038	0	5139	3817	3963	5345
123526138	0	5162	4188	4010	5317
123526237	0	5129	4249	3982	5322
123526337	0	5143	3958	3982	5317
123526437	0	5158	4193	4000	5345
123526537	0	5134	4028	4005	5340
123526638	0	5143	3949	3977	5326
123526738	0	5134	4057	3991	5322
123526838	0	5153	4042	3963	5289
123526938	0	5153	3803	3972	5331
123527038	0	5125	3808	3963	5350
123527137	0	5129	4207	3996	5303
123527238	0	5115	4638	3967	5336
123527338	0	5120	4042	3967	5331
123527438	0	5148	3817	3953	5326
123527538	0	5143	3967	4000	5345
123527638	0	5143	3841	3991	5345
123527737	0	5087	3789	4005	5331
123527842	0	5143	3789	3977	5326
123527938	0	5134	3958	3953	5289
123528037	0	5125	3850	3958	5345
123528138	0	5143	4061	3986	5317
123528238	0	5115	3780	3953	5331
123528338	0	5097	4075	3967	5359
123528438	0	5068	3775	3972	5298
123528538	0	5143	4057	4010	5336
123528637	0	5106	3827	3963	5331
123528738	0	5125	3775	3972	5312
123528838	0	5101	3813	3963	5355
123528938	0	5106	3986	3967	5336
123529038	0	5139	4057	4010	5331
123529137	0	5101	4066	3986	5364
123529238	0	5083	4197	3963	5363
123529338	0	5106	4052	3953	5308
123529437	0	5111	4516	3996	5312
123529537	0	5134	4638	3986	5350
123529638	0	5139	4225	3977	5345
123529738	0	5153	4211	3967	5369
123529837	0	5101	4239	3967	5331
123529938	0	5120	3831	3977	5359
123530037	0	5129	4272	3977	5345
123530138	0	5125	3794	3977	5345
123530238	0	5148	3789	3958	5368
123530338	0	5134	3813	3949	5308
123530438	0	5139	3827	3991	5317
123530538	0	5125	3822	3953	5331
123530637	0	5134	4057	3963	5359
123530737	0	5125	3808	3949	5322
123530837	0	5143	3780	3963	5322
123530938	0	5087	3799	3953	5350
123531038	0	5120	3817	3986	5312
123531137	0	5129	3789	3958	5326
123531237	0	5125	3841	3963	5317
123531337	0	5139	3785	3958	5331
123531438	0	5139	3808	4000	5345
123531538	0	5148	3794	3972	5345
123531637	0	5153	3785	3996	5340
123531738	0	5125	3803	3963	5350
123531838	0	5125	3827	4000	5336
123531942	0	5115	3808	3967	5340
123532037	0	5139	3794	3977	5317
123532137	0	5115	3817	3958	5331
123532238	0	5111	3813	3996	5340
123532337	0	5139	3822	3991	5359
123532438	0	5129	3813	3996	5350
123532537	0	5153	3831	3972	5359
123532637	0	5115	3808	3982	5303
123532738	0	5129	3803	3996	5340
123532838	0	5120	3925	3996	5369
123532938	0	5129	3846	4000	5331
123533038	0	5139	3827	3963	5308
123533138	0	5167	3808	3982	5336
123533237	0	5111	3831	3977	5312
123533338	0	5125	3803	3963	5340
123533437	0	5125	4071	3963	5294
123533538	0	5106	3817	3986	5355
123533637	0	5139	3827	3986	5336
123533738	0	5125	3822	3939	5317
123533838	0	5143	4057	3958	5326
123533938	0	5125	3836	3953	5312
123534037	0	5153	3808	3949	5322
123534138	0	5176	3794	3958	5303
123534243	0	5162	4258	3958	5331
123534337	0	5176	3808	3963	5369
123534437	0	5106	3822	3991	5355
123534538	0	5162	3958	3991	5355
123534637	0	5153	4249	3963	5326
123534738	0	5125	3799	3977	5363
123534838	0	5158	4052	3977	5317
123534937	0	5111	3817	3963	5340
123535038	0	5134	3831	3967	5331
123535138	0	5148	3817	3996	5298
123535238	0	5129	3808	3977	5345
123535338	0	5153	3977	3996	5340
123535438	0	5120	3822	3963	5350
123535538	0	5134	3827	3967	5350
123535638	0	5143	3789	4000	5336
123535737	0	5134	3831	3963	5340
123535838	0	5129	3813	4000	5322
123535937	0	5158	3794	3996	5350
123536041	0	5162	3803	3996	5294
123536138	0	5129	3803	3949	5336
123536237	0	5148	3813	3972	5331
123536338	0	5143	3803	3963	5326
123536438	0	5106	3822	3977	5326
123536537	0	5158	3813	3977	5326
123536637	0	5106	3817	3996	5350
123536738	0	5111	3808	3967	5322
123536838	0	5101	3803	3958	5331
123536938	0	5115	3813	3963	5322
123537038	0	5101	3794	3963	5336
123537137	0	5134	3803	3963	5359
123537237	0	5148	3827	3991	5336
123537338	0	5148	3817	3996	5312
123537438	0	5134	3803	3991	5331
123537537	0	5162	3799	3977	5322
123537638	0	5172	3822	3967	5298
123537738	0	5158	3817	3982	5312
123537837	0	5134	3813	3982	5350
123537938	0	5139	3817	4000	5364
123538038	0	5162	3817	3972	5340
123538138	0	5068	3803	3996	5340
123538238	0	5158	3831	3982	5340
123538338	0	5111	3850	3953	5326
123538437	0	5158	3789	4000	5303
123538538	0	5148	3803	3958	5336
123538638	0	5125	3817	3991	5359
123538737	0	5120	3813	3967	5289
123538837	0	5129	3813	3996	5303
123538938	0	5139	3808	3986	5326
123539037	0	5162	3817	3963	5280
123539138	0	5148	3808	3963	5317
123539238	0	5158	3822	3958	5336
123539338	0	5129	3827	4000	5331
123539437	0	5162	3827	3977	5308
123539537	0	5153	3808	3996	5326
123539637	0	5139	3794	3967	5340
123539737	0	5153	3789	3963	5369
123539837	0	5167	3799	3991	5350
123539938	0	5125	3813	3991	5345
123540038	0	5172	3827	3996	5336
123540141	0	5148	3803	3996	5326
123540237	0	5148	3836	3972	5322
123540337	0	5148	3817	4000	5331
123540437	0	5148	3813	3991	5340
123540537	0	5120	3874	3967	5289
123540638	0	5176	3813	3996	5345
123540737	0	5106	3827	4000	5294
123540837	0	5153	3850	4000	5312
123540937	0	5153	3822	3977	5345
123541038	0	5111	3827	3982	5326
123541138	0	5148	3846	3986	5294
123541238	0	5143	3808	3996	5340
123541337	0	5120	3860	3991	5331
123541437	0	5106	3850	3967	5298
123541537	0	5111	3813	4010	5340
123541638	0	5167	3827	3996	5312
123541738	0	5134	3831	3977	5308
123541838	0	5158	3836	4005	5308
123541937	0	5092	3831	3996	5364
123542038	0	5120	3817	3996	5331
123542137	0	5143	3817	3972	5359
123542237	0	5134	4103	3972	5331
123542338	0	5158	3841	3996	5331
123542638	0	5129	3817	3996	5326
123542737	0	5162	3831	3963	5312
123542838	0	5097	3813	3991	5294
123542938	0	5087	3846	3982	5284
123543038	0	5143	4249	3972	5317
123543137	0	5129	4000	3991	5303
123543237	0	5101	3822	3991	5294
123543337	0	5134	3794	4005	5340
123543438	0	5092	3813	3977	5331
123543538	0	5153	3813	3986	5336
123543637	0	5111	3813	3963	5308
123543738	0	5129	3855	3986	5312
123543838	0	5115	3813	3986	5326
123543938	0	5143	3831	3986	5317
123544038	0	5139	3836	3986	5308
123544138	0	5115	3831	3953	5350
123544239	0	5129	3831	4000	5331
123544337	0	5106	3808	3958	5350
123544437	0	5115	3855	3991	5326
123544537	0	5129	3817	4000	5317
123544638	0	5106	3836	3967	5312
123544737	0	5092	3827	3986	5350
123544837	0	5143	3841	3986	5317
123544937	0	5139	3822	3986	5289
123545037	0	5148	3808	3982	5340
123545137	0	5134	3808	3982	5350
123545237	0	5125	3803	3963	5326
123545338	0	5148	3822	3958	5322
123545438	0	5106	3831	3977	5350
123545538	0	5115	3803	3977	5270
123545637	0	5097	3808	3991	5312
123545737	0	5115	3841	3977	5298
123545837	0	5115	3836	3991	5322
123545937	0	5167	4089	3986	5303
123546037	0	5120	3808	3996	5331
123546137	0	5148	4066	3967	5322
123546237	0	5120	3794	3996	5308
123546337	0	5092	3813	3972	5363
123546438	0	5097	3836	3963	5340
123546537	0	5129	3850	3986	5326
123546637	0	5111	3813	3972	5308
123546738	0	5134	4066	3958	5289
123546838	0	5101	4520	3982	5317
123546938	0	5101	3972	3967	5322
123547038	0	5139	4089	3972	5350
123547138	0	5158	4061	3963	5303
123547237	0	5134	4024	3949	5312
123547337	0	5134	3822	3986	5322
123547437	0	5148	3803	3977	5345
123547537	0	5125	3780	3972	5331
123547637	0	5143	4249	3963	5303
123547737	0	5125	3785	3977	5331
123547838	0	5153	3789	3963	5391
123547937	0	5139	3770	3991	5298
123548037	0	5125	3991	4000	5336
123548137	0	5129	4047	3991	5336
123548237	0	5148	3841	3996	5340
123548339	0	5129	3831	3996	5331
123548438	0	5097	3794	3967	5340
123548537	0	5092	3817	3991	5317
123548637	0	5129	3808	3958	5322
123548738	0	5111	3841	3996	5317
123548838	0	5148	3794	3986	5322
123548937	0	5162	3813	3963	5345
123549037	0	5158	3794	3972	5308
123549137	0	5134	3803	3991	5340
123549238	0	5139	3803	3991	5336
123549337	0	5115	3827	3963	5289
123549437	0	5176	3822	3972	5355
123549537	0	5139	3794	3958	5326
123549637	0	5092	3817	3958	5317
