155248104	0	3111	4843	6128	5031
155248210	0	3041	4764	6156	4975
155248304	0	3073	4843	6109	5045
155248405	0	3092	4759	6137	5050
155248504	0	3102	4829	6118	5031
155248604	0	3073	4759	6142	5036
155248704	0	3064	4853	6161	5017
155248804	0	3102	4829	6123	5022
155248904	0	3022	4834	6118	5068
155249004	0	3097	4839	6123	5031
155249104	0	3050	4764	6142	5012
155249204	0	3036	4773	6123	5045
155249305	0	3012	4843	6114	5054
155249404	0	3078	4768	6114	5017
155249504	0	3003	4787	6109	5050
155249605	0	3078	4801	6090	5026
155249704	0	3078	4778	6128	5026
155249804	0	3017	4862	6128	5022
155249904	0	3012	4806	6114	5007
155250004	0	3031	4848	6114	5073
155250104	0	3008	4853	6128	5003
155250205	0	3036	4810	6128	5003
155250304	0	2994	4853	6128	5036
155250405	0	3050	4843	6128	5040
155250504	0	3120	4815	6109	5031
155250604	0	3031	4754	6123	5045
155250706	0	3041	4754	6133	5045
155250805	0	3003	4843	6137	5017
155250905	0	3078	4754	6123	5031
155251004	0	3022	4764	6128	5073
155251104	0	3083	4825	6118	5045
155251205	0	3102	4782	6114	5026
155251304	0	3036	4815	6114	5054
155251404	0	3069	4787	6137	5031
155251504	0	3088	4787	6161	5022
155251605	0	3092	4773	6137	5026
155251704	0	3031	4759	6156	5017
155251805	0	3069	4843	6123	5026
155251904	0	3036	4834	6128	5064
155252004	0	3031	4825	6142	5017
155252104	0	3106	4787	6118	5045
155252204	0	2998	4773	6114	5073
155252305	0	3102	4810	6137	5036
155252404	0	3027	4792	6133	5073
155252504	0	3059	4806	6118	5073
155252604	0	3017	4862	6104	5073
155252704	0	3036	4843	6114	5012
155252805	0	3078	4801	6114	5031
155252904	0	3097	4787	6100	5045
155253002	0	3059	4820	6114	5003
155253102	0	3012	4773	6123	5017
155253202	0	3078	4839	6133	5050
155253302	0	3120	4829	6114	5026
155253402	0	3031	4848	6137	5068
155253504	0	3102	4782	6133	5068
155253602	0	3022	4820	6133	5059
155253704	0	3036	4740	6104	5073
155253804	0	3106	4745	6118	5026
155253902	0	3088	4839	6137	5040
155254004	0	3012	4848	6123	5040
155254102	0	3102	4839	6118	5022
155254205	0	3022	4820	6104	5012
155254302	0	3111	4787	6142	5064
155254404	0	3045	4764	6137	5083
155254504	0	3008	4759	6118	5054
155254602	0	3097	4782	6128	5045
155254704	0	3073	4750	6118	5022
155254807	0	3106	4754	6123	5036
155254902	0	3017	4778	6104	5045
155255002	0	3045	4750	6118	5040
155255102	0	3045	4843	6114	5045
155255202	0	3097	4848	6137	5040
155255302	0	3022	4839	6137	5007
155255404	0	3041	4759	6118	4937
155255502	0	2994	4778	6123	5026
155255604	0	3073	4796	6123	4984
155255703	0	3008	4778	6128	5022
155255803	0	3078	4750	6128	5068
155255903	0	3097	4764	6142	5045
155256003	0	3106	4782	6151	5003
155256102	0	3078	4815	6133	5026
155256202	0	3012	4839	6161	4998
155256302	0	3069	4773	6128	5007
155256405	0	3111	4759	6109	4984
155256504	0	3045	4853	6095	5017
155256602	0	3097	4750	6118	5050
155256704	0	3106	4764	6118	5059
155256804	0	3102	4750	6114	5022
155256902	0	3003	4731	6109	5078
155257002	0	3083	4768	6114	5054
155257102	0	3111	4801	6128	5022
155257203	0	3027	4806	6133	5026
155257304	0	3022	4810	6118	4984
155257402	0	3073	4839	6100	5040
155257503	0	3102	4829	6133	5036
155257602	0	3064	4857	6128	5003
155257702	0	3050	4778	6104	5050
155257804	0	3073	4871	6133	5045
155257904	0	3092	4810	6137	5003
155258002	0	3045	4773	6118	5022
155258102	0	3027	4750	6086	5265
155258202	0	3116	4848	6133	4923
155258303	0	3116	4792	6123	5017
155258402	0	3083	4782	6133	5064
155258502	0	3102	4829	6137	5083
155258602	0	3064	4745	6118	5186
155258703	0	3041	4796	6104	5228
155258802	0	3069	4759	6128	5059
155258906	0	3003	4745	6137	4961
155259002	0	3111	4815	6147	4909
155259102	0	3031	4735	6104	5771
155259202	0	3097	4778	6128	4965
155259302	0	3036	4787	6123	4984
155259402	0	3073	4829	6118	4979
155259502	0	3083	4829	6118	5012
155259602	0	3073	4820	6128	5040
155259702	0	3041	4857	6104	5045
155259803	0	3073	4867	6123	5036
155259902	0	3012	4778	6109	5040
155300003	0	3116	4862	6104	5031
155300102	0	3045	4764	6128	4979
155300202	0	3083	4782	6109	5059
155300302	0	3120	4839	6109	4998
155300402	0	3092	4825	6118	5054
155300502	0	3031	4876	6118	4965
155300603	0	3106	4867	6128	5017
155300702	0	3017	4834	6100	5045
155300802	0	3041	4768	6109	5031
155300902	0	3055	4834	6123	5036
155301002	0	3031	4764	6128	4979
155301102	0	3022	4862	6109	5064
155301202	0	3055	4792	6118	5083
155301302	0	3083	4820	6118	5064
155301402	0	3031	4773	6114	5045
155301502	0	3036	4848	6137	4989
155301602	0	3078	4848	6118	4989
155301702	0	3083	4773	6123	5050
155301802	0	3106	4820	6104	5017
155301902	0	3031	4792	6114	4998
155302002	0	3092	4867	6114	4989
155302102	0	3003	4796	6114	4984
155302202	0	3078	4782	6114	5012
155302303	0	3017	4848	6142	5059
155302403	0	3064	4773	6128	5078
155302502	0	3008	4796	6133	5054
155302603	0	3092	4815	6109	5031
155302703	0	3078	4778	6104	5087
155302802	0	3041	4839	6114	5083
155302902	0	3036	4754	6114	5022
155303007	0	3097	4834	6133	5073
155303103	0	3036	4801	6118	5026
155303202	0	3073	4848	6109	5022
155303302	0	3050	4848	6090	5036
155303402	0	3022	4759	6123	5036
155303502	0	3083	4810	6118	5036
155303803	0	3008	4853	6118	5059
155303902	0	3055	4768	6114	5045
155304002	0	3106	4871	6118	5064
155304103	0	3059	4806	6133	5031
155304202	0	3102	4764	6109	5026
155304302	0	3088	4843	6123	5036
155304402	0	3017	4839	6128	4993
155304502	0	3055	4825	6114	5050
155304602	0	3059	4815	6100	5059
155304702	0	3083	4843	6114	5003
155304802	0	3031	4778	6123	5078
155304902	0	3102	4848	6104	4998
155305002	0	3088	4834	6109	5054
155305102	0	3022	4843	6109	5040
155305202	0	3012	4834	6128	5064
155305302	0	3031	4792	6104	5026
155305402	0	3050	4862	6109	5007
155305503	0	3036	4857	6118	4989
155305602	0	3102	4848	6123	5022
155305702	0	3120	4839	6123	5017
155305802	0	3012	4839	6109	4970
155305902	0	3012	4862	6109	5036
155306002	0	3102	4853	6109	4989
155306102	0	3102	4857	6104	4975
155306202	0	3027	4843	6123	5017
155306302	0	3055	4867	6123	5050
155306402	0	3017	4853	6104	5026
155306502	0	3092	4759	6114	5059
155306602	0	3031	4825	6095	5031
155306702	0	3078	4853	6104	5012
155306802	0	3064	4867	6104	5031
155306902	0	3036	4773	6095	5036
155307002	0	3102	4787	6104	5022
155307106	0	3022	4759	6104	5064
155307202	0	3078	4871	6123	5054
155307302	0	3083	4839	6114	5054
155307402	0	3041	4829	6114	5012
155307502	0	3036	4773	6109	5083
155307602	0	3022	4843	6095	5050
155307702	0	3097	4801	6104	5007
155307802	0	3069	4857	6090	5045
155307902	0	3059	4848	6095	5036
155308002	0	3116	4806	6137	5050
155308102	0	3055	4750	6104	5012
155308202	0	3045	4834	6128	4979
155308302	0	3041	4862	6114	5064
155308402	0	3116	4773	6128	5068
155308502	0	3116	4876	6118	5045
155308602	0	3055	4815	6123	5059
155308702	0	3045	4792	6095	5022
155308802	0	3064	4764	6109	5050
155308902	0	3045	4829	6086	5040
155309002	0	3097	4867	6109	5022
155309102	0	3125	4848	6114	5036
155309202	0	3036	4862	6118	5026
155309302	0	3008	4862	6109	5068
155309402	0	3017	4796	6123	5022
155309502	0	3097	4825	6104	5017
155309602	0	3073	4806	6114	5050
155309702	0	3022	4867	6133	5007
155309802	0	3036	4815	6128	4993
155309902	0	3102	4843	6128	5054
155310002	0	3041	4796	6100	5054
155310102	0	3022	4839	6114	5050
155310202	0	3106	4857	6118	5007
155310302	0	3059	4820	6133	5068
155310402	0	3031	4829	6114	5054
155310502	0	3102	4759	6109	5054
155310603	0	3092	4862	6100	5007
155310702	0	3073	4810	6104	5003
155310802	0	3017	4778	6104	5054
155310902	0	3106	4759	6123	4979
155311002	0	3045	4796	6137	5050
155311102	0	3027	4815	6133	5050
155311206	0	3083	4778	6151	5003
155311302	0	3069	4853	6109	5036
155311402	0	3031	4806	6123	5007
155311502	0	3059	4773	6100	4993
155311602	0	3041	4778	6109	5012
155311702	0	3064	4848	6104	5036
155311802	0	2998	4796	6100	5050
155311902	0	3050	4839	6118	5022
155312002	0	3041	4853	6090	5050
155312102	0	3055	4825	6114	5026
155312202	0	3017	4834	6123	5059
155312302	0	3059	4778	6104	5059
155312402	0	3027	4839	6114	5026
155312502	0	3064	4801	6114	5022
155312602	0	3106	4862	6104	5059
155312702	0	3055	4773	6118	5045
155312802	0	3041	4810	6118	5054
155312902	0	3031	4759	6109	5064
155313002	0	2998	4768	6114	5050
155313102	0	3116	4768	6109	5087
155313202	0	3050	4778	6100	5083
155313302	0	2998	4801	6118	5050
155313402	0	3111	4857	6104	5064
155313502	0	3027	4857	6090	5097
155313602	0	3064	4782	6104	5050
155313702	0	3102	4843	6109	5083
155313802	0	3088	4815	6095	5073
155313902	0	3027	4787	6100	5026
155314002	0	3120	4867	6109	5022
155314102	0	3036	4768	6118	5026
155314202	0	3120	4815	6095	5054
155314302	0	3036	4839	6123	5026
155314402	0	3078	4848	6142	5031
155314502	0	3097	4773	6118	5064
155314602	0	3036	4839	6109	5078
155314702	0	3088	4782	6142	5040
155314802	0	3027	4768	6133	5040
155314902	0	3022	4829	6128	5036
155315002	0	3083	4778	6104	5054
155315102	0	3092	4787	6095	5073
155315202	0	3083	4801	6114	5078
155315306	0	3083	4848	6104	5045
155315402	0	3036	4820	6109	5083
155315502	0	3088	4768	6123	5045
155315602	0	3055	4782	6104	5045
155315702	0	3097	4810	6100	5059
155315802	0	3083	4862	6114	5083
155315902	0	3102	4810	6086	5045
155316002	0	3017	4787	6104	5036
155316102	0	3064	4778	6100	4998
155316202	0	3083	4815	6109	5012
155316302	0	3003	4843	6114	5017
155316402	0	3064	4843	6109	5031
155316502	0	2994	4759	6137	5022
155316602	0	3106	4745	6123	5007
155316702	0	3031	4843	6114	5026
155316802	0	3102	4848	6104	5083
155316902	0	3036	4815	6104	5040
155317002	0	3097	4792	6095	5073
155317102	0	3106	4848	6090	5045
155317202	0	3078	4820	6090	5059
155317302	0	3073	4801	6100	5040
155317402	0	3124	4782	6128	5031
155317502	0	3022	4768	6104	5073
155317602	0	3059	4801	6090	5083
155317702	0	3092	4839	6133	5054
155317802	0	3116	4801	6123	5068
155317902	0	3097	4796	6114	5059
155318002	0	3069	4782	6109	5050
155318102	0	3111	4806	6104	5083
155318202	0	3069	4792	6095	5031
155318301	0	3078	4853	6133	5054
155318402	0	3097	4778	6104	5040
155318502	0	3073	4825	6109	5054
155318602	0	3097	4806	6100	5040
155318702	0	3064	4815	6142	4998
155318802	0	3022	4806	6100	5017
155318902	0	3064	4806	6114	5064
155319002	0	3092	4848	6118	5031
155319102	0	3185	4768	6104	5054
155319202	0	3036	4843	6104	5045
155319302	0	3092	4843	6123	5036
155319406	0	3088	4857	6109	5040
155319501	0	3027	4815	6123	5022
155319602	0	3092	4773	6095	5050
155319702	0	3088	4857	6118	5012
155319802	0	3045	4759	6118	5045
155319902	0	3073	4764	6095	5050
155320002	0	3106	4820	6118	5022
155320102	0	3083	4773	6109	5050
155320202	0	3064	4843	6114	5040
155320302	0	3036	4825	6118	5045
155320402	0	3088	4773	6114	5036
155320502	0	3059	4839	6095	5054
155320602	0	3027	4778	6104	5017
155320702	0	3022	4792	6109	5031
155320802	0	3097	4782	6123	5026
155320902	0	3088	4745	6109	4998
155321002	0	3102	4839	6109	5036
155321102	0	3088	4820	6109	5031
155321202	0	3003	4754	6100	5036
155321302	0	3092	4843	6114	5007
155321402	0	3045	4853	6095	5040
155321502	0	3022	4792	6109	5054
155321602	0	3102	4768	6114	5007
155321702	0	3069	4782	6104	5031
155321802	0	3050	4768	6109	5059
155321902	0	3097	4740	6100	5036
155322002	0	3083	4787	6114	5012
155322102	0	3083	4857	6109	5054
155322202	0	3097	4825	6114	5031
155322302	0	3031	4810	6090	5050
155322402	0	3106	4839	6109	5036
155322502	0	3045	4815	6137	5003
155322602	0	3106	4768	6133	5012
155322702	0	3045	4806	6133	5054
155322802	0	3078	4857	6123	5050
155322902	0	3073	4862	6114	5068
155323002	0	3027	4839	6133	5054
155323102	0	3031	4862	6118	5036
155323202	0	3041	4825	6123	5026
155323302	0	3064	4792	6090	5068
155323402	0	3106	4825	6109	5064
155323506	0	3102	4857	6118	5026
155323602	0	3050	4792	6109	5022
155323702	0	3064	4806	6137	5064
155323802	0	3050	4792	6090	5068
155323902	0	3041	4853	6114	5059
155324002	0	3106	4867	6090	5040
155324102	0	3041	4750	6104	5073
155324202	0	3097	4843	6118	5054
155324302	0	3088	4825	6118	5054
155324402	0	3102	4829	6128	5040
155324502	0	3097	4778	6100	5054
155324602	0	2989	4787	6095	5022
155324702	0	3083	4810	6095	5017
155324802	0	3073	4876	6123	5040
155324902	0	3022	4764	6118	5012
155325002	0	3027	4801	6114	5040
155325102	0	3036	4764	6128	5064
155325202	0	3092	4862	6100	5026
155325302	0	3008	4782	6090	5012
155325402	0	3106	4806	6118	5036
155325502	0	3017	4820	6081	5022
155325602	0	3097	4768	6114	5040
155325701	0	3017	4843	6090	5026
155325802	0	3064	4853	6118	5022
155325902	0	3064	4787	6109	4998
155326002	0	3083	4857	6109	5083
155326102	0	3036	4815	6114	5064
155326202	0	3055	4773	6114	5087
155326302	0	3088	4810	6118	5045
155326402	0	3097	4773	6118	5022
155326502	0	3031	4820	6081	5031
155326602	0	3069	4773	6095	5078
155326702	0	3003	4796	6128	5007
155326802	0	3092	4810	6100	5026
155326902	0	2984	4801	6095	5083
155327002	0	3097	4862	6118	5003
155327102	0	3064	4853	6104	5092
155327202	0	3083	4796	6095	5073
155327302	0	3111	4792	6114	5078
155327402	0	3022	4848	6090	5026
155327506	0	3036	4862	6109	5026
155327606	0	3111	4782	6114	5078
155327702	0	3073	4815	6128	5045
155327802	0	3092	4829	6123	5031
155327902	0	3050	4792	6114	5097
155328002	0	3120	4881	6133	5050
155328101	0	3129	4839	6104	5078
155328202	0	3111	4801	6100	5087
155328302	0	3106	4843	6128	5068
155328402	0	3017	4820	6095	5054
155328502	0	3111	4825	6109	5040
155328602	0	3120	4806	6100	5083
155328702	0	3059	4773	6118	4998
155328802	0	3003	4787	6128	5073
155328902	0	3027	4778	6104	5087
155329002	0	3102	4768	6128	5078
155329101	0	3083	4857	6104	5045
155329202	0	3111	4834	6104	5083
155329301	0	3088	4829	6104	5087
155329402	0	3059	4843	6118	5026
155329502	0	3064	4806	6100	5026
155329601	0	3064	4796	6118	5059
155329702	0	3055	4778	6142	5040
155329802	0	3036	4792	6104	4998
155329902	0	3073	4834	6095	5045
155330002	0	3027	4782	6133	5054
155330102	0	3102	4792	6090	5073
155330202	0	3120	4843	6100	5040
155330302	0	3078	4782	6128	5059
155330401	0	3022	4820	6118	5068
155330502	0	3073	4834	6104	5064
155330602	0	3073	4801	6104	5064
155330701	0	3088	4768	6118	5031
155330801	0	3059	4792	6137	4993
155330902	0	3036	4839	6109	5012
155331002	0	3050	4796	6114	5059
155331101	0	3097	4787	6128	5054
155331302	0	3022	4764	6109	5073
155331402	0	3097	4857	6123	5045
155331502	0	3092	4782	6100	4998
155331602	0	3022	4778	6104	5026
155331705	0	3022	4796	6123	4993
155331802	0	3092	4820	6104	5017
155331902	0	3078	4796	6109	5031
155332001	0	3078	4796	6114	5026
155332102	0	3083	4759	6128	5073
155332202	0	3036	4806	6133	5059
155332302	0	3097	4829	6114	5068
155332402	0	3083	4815	6118	5059
155332502	0	3055	4839	6109	5012
155332602	0	3069	4782	6114	5064
155332701	0	3036	4782	6095	5045
155332802	0	3064	4796	6128	5068
155332902	0	3092	4848	6090	5092
155333002	0	3083	4778	6114	5054
155333102	0	3078	4820	6104	5031
155333202	0	3083	4839	6133	5026
155333301	0	3078	4815	6114	5054
155333401	0	3069	4764	6100	5054
155333502	0	3045	4787	6123	5022
155333601	0	3069	4862	6118	5045
155333702	0	3012	4778	6114	5017
155333802	0	3017	4862	6114	5054
155333902	0	3092	4810	6133	5036
155334001	0	3055	4834	6104	5059
155334101	0	3102	4796	6118	5022
155334202	0	3055	4778	6114	5050
155334302	0	3120	4834	6109	5007
155334402	0	3092	4787	6090	5054
155334502	0	3097	4815	6114	5045
155334602	0	3008	4867	6095	5026
155334702	0	3059	4857	6128	5026
155334802	0	3064	4843	6100	5017
155334902	0	3012	4801	6104	5064
155335002	0	3214	4815	6133	5026
155335101	0	3078	4839	6100	4984
155335201	0	3036	4778	6128	5036
155335302	0	3050	4820	6123	5031
155335402	0	3036	4745	6147	5017
155335502	0	3078	4773	6118	5026
155335602	0	3055	4787	6114	5003
155335702	0	3022	4825	6123	5031
155335806	0	3045	4806	6133	5050
155335901	0	3106	4735	6128	5068
155336002	0	3012	4857	6118	5078
155336102	0	3041	4839	6137	5068
155336201	0	3064	4754	6100	5078
155336302	0	3078	4778	6147	5059
155336402	0	3088	4782	6123	5026
155336502	0	3041	4810	6147	5045
155336601	0	3055	4810	6114	5054
155336702	0	3036	4853	6123	5054
155336802	0	3073	4843	6123	5026
155336902	0	3073	4862	6128	5064
155337002	0	3088	4810	6095	5059
155337102	0	3055	4764	6114	5031
155337202	0	3059	4778	6109	5017
155337302	0	3036	4839	6123	5064
155337402	0	3116	4796	6128	5012
155337501	0	3083	4773	6151	5036
155337602	0	3088	4773	6128	5007
155337702	0	3097	4796	6100	5022
155337802	0	3092	4740	6123	5012
155337902	0	3097	4810	6118	5064
155338002	0	3045	4787	6114	5026
155338102	0	3064	4740	6118	5040
155338202	0	3059	4768	6118	5031
155338302	0	3073	4810	6137	5083
155338402	0	3055	4754	6090	5040
155338502	0	3050	4806	6109	5017
155338602	0	3073	4815	6133	5064
155338702	0	3078	4792	6133	5003
155338802	0	3083	4764	6104	5040
155338902	0	3120	4843	6128	5054
155339002	0	3111	4839	6123	5031
155339101	0	3055	4853	6133	4993
155339202	0	3106	4825	6123	5073
155339302	0	3041	4782	6128	5003
155339402	0	3022	4768	6095	5050
155339502	0	3022	4782	6100	5022
155339601	0	3064	4857	6133	5012
155339702	0	3012	4806	6123	5017
155339802	0	3111	4759	6104	5031
155339906	0	3069	4740	6128	5045
155340001	0	3097	4773	6137	5007
155340102	0	3088	4853	6133	5050
155340202	0	3017	4750	6104	5050
155340302	0	3106	4764	6133	5064
155340401	0	3027	4796	6128	5036
155340502	0	3116	4820	6123	5022
155340602	0	3097	4801	6137	5031
155340702	0	3050	4848	6133	5083
155340802	0	3078	4829	6118	5050
155340902	0	3031	4778	6170	5054
155341002	0	3041	4801	6128	5083
155341102	0	3041	4787	6114	5054
155341201	0	3022	4768	6142	5017
155341302	0	3097	4754	6109	5078
155341402	0	3031	4853	6133	5054
155341501	0	3073	4773	6137	5036
155341602	0	3027	4834	6109	5059
155341701	0	3003	4886	6142	5054
155341801	0	3111	4778	6118	5050
155341902	0	3069	4848	6133	5073
155342001	0	3036	4787	6123	5040
155342102	0	3027	4810	6095	5040
155342202	0	3017	4829	6133	5026
155342302	0	3069	4778	6114	5059
155342402	0	3055	4796	6118	5031
155342502	0	3027	4787	6128	5007
155342602	0	3106	4848	6147	5012
155342702	0	3102	4853	6161	5054
155342802	0	3055	4801	6128	5054
155342901	0	3120	4857	6137	5026
155343002	0	3012	4759	6133	5026
155343101	0	3031	4839	6118	5059
155343202	0	3027	4796	6118	5031
155343301	0	3022	4853	6156	5036
155343402	0	3138	4750	6109	5040
155343502	0	3041	4843	6137	5040
155343602	0	2994	4764	6114	5031
155343702	0	3022	4768	6114	4993
155343802	0	3036	4834	6118	5040
155343901	0	3050	4796	6104	5017
155344006	0	3027	4801	6118	5059
155344101	0	3022	4782	6095	5054
155344201	0	3088	4857	6128	5045
155344301	0	3083	4768	6123	5073
155344402	0	3027	4867	6128	5059
155344502	0	3102	4782	6123	5026
155344602	0	3078	4853	6128	5017
155344701	0	3022	4773	6128	5073
155344802	0	3050	4759	6128	4998
155344902	0	3041	4801	6109	5050
155345002	0	3041	4848	6100	5050
155345102	0	3027	4759	6147	5068
155345202	0	3027	4843	6109	5022
155345301	0	3069	4778	6137	5045
155345401	0	3036	4834	6109	5012
155345502	0	3031	4782	6123	5064
155345601	0	3012	4810	6118	5054
155345702	0	3017	4787	6118	5045
155345802	0	3031	4778	6109	5022
155345901	0	3017	4810	6137	5031
155346002	0	3017	4778	6142	5045
155346102	0	3078	4745	6114	5031
155346202	0	3045	4843	6151	5054
155346302	0	3097	4867	6118	5022
155346402	0	3097	4778	6114	5022
155346502	0	3027	4773	6114	5045
155346602	0	3055	4853	6133	5045
155346702	0	3125	4843	6142	5031
155346802	0	3036	4806	6151	5031
155346902	0	3027	4787	6109	5068
155347002	0	3017	4773	6142	5054
155347101	0	3003	4862	6104	5026
155347201	0	3022	4825	6109	5068
155347301	0	3064	4834	6123	5031
155347402	0	3106	4834	6128	5040
155347501	0	3092	4787	6109	5026
155347601	0	3092	4806	6137	5036
155347701	0	3106	4782	6137	5054
155347801	0	3102	4778	6133	5022
155347901	0	3097	4778	6142	5059
155348002	0	3116	4792	6128	5050
155348106	0	3017	4862	6128	5017
155348201	0	3041	4857	6114	5059
155348301	0	3106	4857	6109	5036
155348402	0	3045	4843	6086	5045
155348501	0	3036	4773	6118	5050
155348602	0	3031	4862	6114	5073
155348701	0	3106	4848	6128	5036
155348802	0	3116	4843	6137	5031
155348901	0	3027	4815	6109	5064
155349002	0	3055	4862	6104	5022
155349102	0	3017	4834	6118	5036
155349202	0	3111	4843	6133	5031
155349302	0	3031	4782	6133	5026
155349401	0	3059	4778	6118	5031
155349502	0	3012	4782	6123	5054
155349601	0	3045	4867	6104	5036
155349702	0	3185	4876	6142	5036
155349802	0	3083	4843	6137	5059
155349902	0	3088	4806	6133	5054
155350001	0	3088	4839	6128	5073
155350102	0	3045	4815	6142	4984
155350201	0	3027	4881	6161	5045
155350302	0	3008	4848	6142	5022
155350401	0	3097	4853	6118	5040
155350501	0	3106	4862	6133	5012
155350601	0	3027	4881	6128	5022
155350702	0	3036	4754	6123	5036
155350802	0	3055	4848	6118	5040
155350901	0	3050	4829	6137	5059
155351001	0	3027	4810	6104	5050
155351101	0	3102	4796	6128	5045
155351201	0	3022	4825	6128	5064
155351302	0	3022	4820	6161	5007
155351401	0	3078	4834	6142	5054
155351502	0	3078	4825	6118	5012
155351602	0	3012	4768	6151	5036
155351701	0	3050	4820	6142	4979
155352001	0	3064	4820	6156	5036
155352102	0	3102	4759	6104	5031
155352206	0	3069	4834	6123	5059
155352301	0	3083	4768	6137	5050
155352401	0	3083	4839	6142	4998
155352502	0	3022	4839	6109	5059
155352601	0	3031	4787	6118	5040
155352702	0	3022	4759	6128	5054
155352802	0	3055	4782	6128	5050
155352901	0	3092	4782	6147	5045
155353002	0	3027	4820	6118	5040
155353101	0	3059	4759	6123	5059
155353201	0	3022	4839	6118	5040
155353301	0	3027	4825	6151	5054
155353404	0	3059	4843	6118	5045
155353501	0	3064	4829	6104	5050
155353601	0	3083	4853	6133	5036
155353702	0	3022	4820	6142	5031
155353802	0	3031	4782	6123	5036
155353902	0	3041	4796	6109	5007
155354002	0	3097	4829	6118	5040
155354102	0	3083	4867	6133	5040
155354201	0	3116	4782	6118	5078
155354302	0	3059	4778	6100	5036
155354401	0	3050	4764	6128	5031
155354501	0	3045	4787	6118	5031
155354602	0	3097	4834	6128	5012
155354701	0	3017	4848	6109	5036
155354801	0	3041	4867	6133	5045
155354902	0	3022	4810	6118	5050
155355001	0	3017	4792	6123	5040
155355102	0	3097	4787	6137	5017
155355202	0	3059	4825	6100	5068
155355302	0	3027	4839	6137	5022
155355401	0	3190	4825	6156	5022
155355501	0	3012	4848	6137	5022
155355602	0	3097	4768	6095	5068
155355701	0	3003	4820	6114	5026
155355802	0	3017	4787	6118	5059
155355901	0	3088	4867	6133	5045
155356002	0	3012	4782	6137	5078
155356102	0	3041	4782	6109	5017
155356201	0	3088	4792	6123	5022
155356303	0	3116	4857	6151	5036
155356401	0	3045	4782	6147	5031
155356502	0	3116	4834	6142	5007
155356602	0	3069	4848	6133	5003
155356701	0	3012	4796	6123	5050
155356802	0	3092	4810	6133	5031
155356901	0	3027	4862	6137	5050
155357002	0	3017	4871	6133	5068
155357101	0	3017	4801	6133	5026
155357201	0	3045	4792	6128	5022
155357302	0	3088	4768	6147	5059
155357402	0	3045	4782	6118	4998
155357501	0	3102	4754	6123	5026
155357601	0	3097	4843	6090	5003
155357701	0	3008	4768	6161	5007
155357801	0	3031	4759	6095	5045
155357901	0	3064	4848	6147	5040
155358001	0	3041	4759	6133	5040
155358101	0	3088	4778	6128	5045
155358201	0	3045	4834	6137	5031
155358302	0	3078	4834	6161	5031
155358401	0	3064	4829	6123	5059
155358501	0	3069	4806	6114	5031
155358602	0	3088	4778	6118	5040
155358701	0	3078	4787	6118	5036
155358801	0	3088	4834	6133	5087
155358901	0	3064	4773	6118	5064
155359001	0	3092	4829	6104	5040
155359101	0	3083	4806	6104	5031
155359201	0	3041	4759	6137	5045
155359301	0	3022	4796	6104	5078
155359401	0	3022	4768	6095	5054
155359502	0	3059	4782	6118	5064
155359602	0	3069	4810	6123	5073
155359702	0	3078	4848	6123	4998
155359802	0	3022	4754	6104	5054
155359901	0	3088	4839	6118	5045
155400001	0	3069	4839	6114	5078
155400102	0	3088	4825	6128	5073
155400201	0	3102	4745	6133	5059
155400302	0	3036	4782	6100	5054
155400403	0	3078	4778	6133	5059
155400502	0	3092	4810	6109	5017
155400601	0	3022	4778	6123	5031
155400702	0	3078	4773	6156	5050
155400801	0	3055	4839	6133	5031
155401102	0	3106	4810	6118	5050
155401202	0	3050	4768	6137	5040
155401302	0	3055	4825	6118	4998
155401402	0	3027	4806	6114	5022
155401501	0	3027	4768	6142	5040
155401601	0	3059	4825	6128	5022
155401701	0	3102	4778	6109	5031
155401801	0	3092	4843	6114	5050
155401902	0	3050	4778	6114	5040
155402002	0	3055	4810	6114	5078
155402102	0	3073	4843	6137	5017
155402201	0	3073	4820	6109	5031
155402302	0	3116	4773	6147	5036
155402402	0	3069	4801	6100	5017
155402501	0	3120	4792	6147	5022
155402602	0	3012	4750	6147	5040
155402701	0	3078	4839	6128	4998
155402801	0	3059	4806	6128	5040
155402902	0	3064	4834	6151	5045
155403002	0	3078	4867	6114	5059
155403102	0	3031	4754	6151	5040
155403201	0	3041	4834	6128	5026
155403301	0	3017	4848	6137	5036
155403401	0	3106	4768	6128	5003
155403502	0	3003	4764	6118	5017
155403601	0	3083	4796	6147	5040
155403702	0	3041	4768	6104	5045
155403801	0	3078	4825	6114	5040
155403901	0	3083	4754	6123	5026
155404001	0	3073	4782	6100	5050
155404101	0	3041	4759	6118	5059
155404201	0	3097	4764	6118	5092
155404301	0	3073	4810	6109	5040
155404401	0	3083	4839	6100	5059
155404503	0	3027	4839	6142	5050
155404601	0	3045	4745	6109	4998
155404701	0	3083	4759	6123	5026
155404802	0	3031	4764	6133	5036
155404902	0	3041	4839	6118	5045
155405002	0	3022	4778	6142	5022
155405101	0	3073	4839	6100	5059
155405201	0	3102	4787	6118	5050
155405302	0	3027	4801	6123	5083
155405401	0	3012	4848	6147	5054
155405501	0	3036	4778	6118	5040
155405601	0	3106	4750	6114	5059
155405701	0	3059	4801	6133	5022
155405802	0	3031	4829	6118	5040
155405901	0	3092	4773	6128	5050
155406001	0	3069	4782	6118	5068
155406102	0	3106	4810	6114	5064
155406201	0	3088	4764	6100	5017
155406301	0	3064	4810	6118	5050
155406402	0	3045	4834	6137	5050
155406502	0	3097	4787	6123	5050
155406601	0	3041	4768	6137	5022
155406702	0	3027	4750	6104	5026
155406801	0	3120	4778	6123	5050
155406902	0	3078	4754	6142	5054
155407002	0	3102	4764	6133	5026
155407102	0	3050	4787	6123	5017
155407202	0	3083	4764	6114	5026
155407301	0	3027	4740	6128	5059
155407401	0	3027	4740	6133	5054
155407502	0	3078	4759	6118	5045
155407601	0	3167	4839	6104	5078
155407701	0	3078	4815	6128	5045
155407801	0	3078	4810	6118	5017
155407901	0	3027	4735	6142	5040
155408001	0	3064	4759	6104	5059
155408101	0	3083	4815	6123	5040
155408201	0	3027	4778	6095	5059
155408302	0	3102	4773	6114	5054
155408402	0	3106	4782	6118	5026
155408501	0	3036	4815	6118	5059
155408603	0	3073	4825	6133	5050
155408702	0	3017	4787	6161	5073
155408801	0	3059	4843	6114	5045
155408901	0	3102	4848	6100	5050
155409001	0	3069	4839	6128	4993
155409102	0	3078	4857	6104	5045
155409201	0	3073	4843	6123	5087
155409301	0	3022	4792	6123	5054
155409401	0	3088	4820	6123	5083
155409502	0	3041	4806	6133	5073
155409601	0	3092	4806	6123	5073
155409701	0	3012	4881	6137	5031
155409801	0	3059	4881	6142	5031
155409901	0	3027	4881	6147	5026
155410001	0	3027	4773	6123	5017
155410101	0	3059	4834	6147	5054
155410201	0	3088	4735	6104	5022
155410302	0	3027	4745	6118	5012
155410401	0	3064	4754	6137	4998
155410501	0	3195	4848	6104	4998
155410602	0	3092	4853	6114	5036
155410702	0	3097	4773	6123	5012
155410801	0	3022	4862	6114	5054
155410901	0	3092	4764	6128	5036
155411001	0	3055	4848	6161	5031
155411102	0	3036	4773	6147	5040
155411202	0	3050	4839	6151	5078
155411302	0	3106	4829	6133	5040
155411401	0	3012	4750	6118	5064
155411501	0	3022	4759	6137	5040
155411602	0	3092	4782	6142	5050
155411701	0	3055	4815	6109	5078
155411801	0	3083	4801	6109	5054
155411901	0	3069	4843	6128	5064
155412002	0	3055	4759	6118	5045
155412101	0	3031	4768	6114	5054
155412202	0	3036	4848	6104	5050
155412302	0	3045	4787	6133	5059
155412401	0	3012	4768	6151	5064
155412501	0	3116	4759	6128	5045
155412601	0	3050	4754	6133	5054
155412703	0	3083	4768	6104	5022
155412801	0	3045	4773	6118	5045
155412901	0	3022	4848	6142	5054
155413001	0	3022	4857	6104	5078
155413101	0	3012	4759	6109	5073
155413201	0	3092	4773	6109	5054
155413301	0	3022	4867	6123	5036
155413402	0	3078	4792	6142	5031
155413501	0	3064	4792	6123	5059
155413601	0	3008	4820	6128	5040
155413701	0	3045	4782	6109	5040
155413802	0	3106	4857	6142	5036
155413902	0	3111	4792	6128	5045
155414001	0	3045	4820	6123	5050
155414102	0	3111	4862	6137	5026
155414201	0	3031	4810	6123	5045
155414301	0	3097	4815	6123	5045
155414402	0	3031	4810	6123	5045
155414501	0	3078	4839	6114	5050
155414601	0	3059	4787	6086	5045
155414702	0	3083	4848	6114	5050
155414801	0	3088	4768	6151	5073
155414901	0	3073	4801	6142	5064
155415001	0	3069	4782	6100	5073
155415102	0	3092	4764	6118	5003
155415201	0	3088	4778	6123	5059
155415301	0	3041	4759	6090	5036
155415401	0	3027	4778	6133	5054
155415501	0	3050	4848	6100	5026
155415601	0	3102	4871	6118	5036
155415702	0	3069	4825	6114	5083
155415802	0	3092	4773	6114	5059
155415902	0	3012	4773	6123	5036
155416001	0	3073	4801	6100	5064
155416101	0	3069	4796	6114	5031
155416201	0	3012	4796	6104	5097
155416302	0	3055	4843	6114	5045
155416402	0	3041	4768	6104	5059
155416502	0	3078	4853	6104	5050
155416601	0	3111	4834	6123	5040
155416701	0	3036	4857	6104	5087
155416803	0	3088	4857	6142	5031
155416901	0	3073	4773	6086	5045
155417001	0	3031	4778	6133	5092
155417101	0	3064	4764	6095	5045
155417201	0	3106	4801	6133	5045
155417301	0	3045	4857	6114	5073
155417402	0	3031	4820	6161	5040
155417501	0	3045	4806	6128	5022
155417602	0	3022	4768	6128	5026
155417702	0	3050	4829	6133	5050
155417801	0	3078	4848	6137	5031
155417902	0	3041	4839	6114	5050
155418001	0	3041	4843	6123	5050
155418101	0	3069	4834	6128	5026
155418201	0	3088	4862	6118	5092
155418301	0	3041	4834	6118	5031
155418401	0	3073	4778	6095	5050
155418502	0	3064	4787	6086	5059
155418801	0	3078	4825	6114	5059
155418901	0	3083	4862	6123	5073
155419001	0	3106	4782	6118	5064
155419099	0	3111	4782	6133	5073
155419200	0	3059	4839	6100	5045
155419399	0	3116	4773	6123	5017
155419499	0	3022	4773	6114	5022
155419600	0	3097	4759	6133	5064
155419701	0	3097	4773	6142	5073
155419801	0	3050	4806	6104	5054
155419900	0	3008	4834	6133	5036
155419999	0	3083	4759	6156	5054
155420099	0	3022	4787	6090	5022
155420201	0	3041	4839	6109	5031
155420300	0	3111	4796	6147	5031
155420400	0	3055	4792	6147	5007
155420502	0	3022	4806	6118	5045
155420599	0	3022	4820	6133	5064
155420701	0	3027	4829	6128	5073
155420801	0	3088	4815	6123	5059
155420903	0	3059	4820	6109	5050
155420999	0	3078	4820	6109	5083
155421101	0	3017	4745	6114	5050
155421199	0	3045	4796	6114	5068
155421300	0	3041	4792	6142	5045
155421399	0	3083	4853	6123	5050
155421501	0	3031	4792	6137	5059
155421602	0	3088	4792	6095	5054
155421701	0	3036	4787	6104	5059
155421799	0	3059	4810	6114	5012
155421899	0	3017	4754	6118	5022
155422001	0	3036	4764	6123	5059
155422099	0	2984	4764	6133	5068
155422201	0	3078	4768	6118	5068
155422299	0	3050	4848	6123	5007
155422399	0	3031	4857	6128	5031
155422499	0	3083	4829	6118	5040
155422601	0	3176	4754	6133	5036
155422700	0	3027	4764	6118	5073
155422799	0	3088	4848	6142	5026
155422899	0	3017	4754	6137	5022
155423000	0	3073	4768	6133	5022
155423100	0	3083	4764	6128	5073
155423202	0	3064	4768	6095	5087
155423299	0	3073	4810	6137	5092
155423401	0	3078	4810	6118	5012
155423500	0	3069	4792	6114	5054
155423601	0	3031	4787	6151	5050
155423699	0	3097	4773	6128	5040
155423800	0	3083	4862	6114	5106
155423899	0	3031	4839	6114	5059
155424000	0	3050	4825	6114	5007
155424099	0	3088	4829	6109	5068
155424199	0	3111	4773	6090	5054
155424300	0	3031	4839	6133	5022
155424399	0	3031	4782	6142	5045
155424499	0	3022	4768	6137	5022
155424599	0	3022	4782	6123	5031
155424700	0	3088	4796	6156	5022
155424799	0	3031	4825	6123	5026
155424900	0	3050	4820	6142	5031
155425003	0	3106	4839	6109	5097
155425100	0	3027	4834	6118	5078
155425206	0	3031	4862	6109	5050
155425300	0	3064	4843	6114	5068
155425399	0	3022	4792	6109	5040
155425499	0	3111	4839	6142	5050
155425599	0	3036	4829	6142	5017
155425699	0	3069	4792	6104	5050
155425799	0	3041	4759	6100	5054
155425899	0	3097	4829	6109	5087
155426000	0	3078	4782	6123	5017
155426099	0	3055	4848	6095	5036
155426199	0	3008	4750	6118	5036
155426299	0	3031	4848	6128	5012
155426399	0	3017	4871	6109	5031
155426499	0	3069	4834	6076	5059
155426599	0	3120	4839	6109	5078
155426699	0	3102	4867	6123	5031
155426799	0	3055	4782	6123	5031
155426899	0	3059	4740	6128	5031
155426999	0	3059	4754	6109	5059
155427099	0	3031	4867	6095	5078
155427199	0	3073	4745	6114	5045
155427299	0	3022	4810	6114	5050
155427400	0	3073	4853	6114	5078
155427499	0	3120	4815	6109	5026
155427599	0	3017	4867	6128	5022
155427699	0	3045	4834	6090	5045
155427799	0	3027	4848	6104	5026
155427900	0	3129	4825	6133	5059
155427999	0	3022	4759	6104	5017
155428099	0	3027	4768	6118	5050
155428199	0	3059	4796	6118	5045
155428299	0	3045	4768	6114	5064
155428399	0	3045	4796	6128	5050
155428499	0	3106	4810	6114	5083
155428599	0	3041	4848	6128	5045
155428700	0	3045	4754	6133	5059
155428799	0	3073	4820	6123	5017
155428899	0	3073	4806	6118	5036
155428999	0	3017	4829	6109	5026
155429103	0	3022	4773	6133	5026
155429199	0	3106	4857	6100	5036
155429299	0	3017	4773	6104	5064
155429399	0	3064	4782	6128	5031
155429499	0	3125	4787	6109	5007
155429599	0	3041	4839	6128	5064
155429699	0	3059	4834	6114	5050
155429799	0	3059	4792	6147	5040
155429899	0	3102	4834	6109	5050
155429999	0	3059	4834	6109	5022
155430099	0	3083	4792	6104	5059
155430199	0	3022	4806	6137	5026
155430299	0	2994	4857	6142	5068
155430399	0	3017	4792	6090	5054
155430500	0	3111	4834	6128	4993
155430599	0	3102	4857	6114	5045
155430699	0	3012	4886	6118	5059
155430799	0	3059	4806	6147	5064
155430899	0	3064	4759	6090	5026
155431000	0	3022	4857	6123	5059
155431099	0	3120	4867	6109	5050
155431199	0	3027	4825	6114	5064
155431299	0	3106	4782	6109	5050
155431399	0	3116	4862	6100	5050
155431500	0	3111	4787	6118	5050
155431599	0	3045	4782	6095	5054
155431700	0	3008	4806	6100	5068
155431799	0	3050	4839	6133	5031
155431899	0	3050	4843	6104	5031
155432000	0	3045	4745	6095	5007
155432099	0	3027	4806	6104	5031
155432199	0	3088	4834	6118	5073
155432299	0	3036	4867	6137	5036
155432399	0	3092	4829	6123	5054
155432499	0	3064	4754	6109	5026
155432599	0	3088	4801	6142	5036
155432699	0	3027	4768	6118	5026
155432799	0	3017	4834	6104	5026
155432899	0	3022	4782	6142	5007
155432999	0	3031	4834	6161	5022
155433099	0	3045	4768	6123	5059
155433203	0	3069	4764	6128	5064
155433299	0	3092	4745	6128	5026
155433399	0	3092	4740	6128	5068
155433499	0	3106	4829	6123	5036
155433599	0	3045	4778	6118	5054
155433700	0	3022	4782	6118	5059
155433799	0	3036	4857	6123	5045
155433899	0	3036	4829	6118	5007
155434000	0	3088	4857	6128	5045
155434099	0	3022	4820	6179	5036
155434199	0	3017	4825	6100	5026
155434300	0	3106	4815	6109	5059
155434399	0	3050	4829	6123	5045
155434499	0	3073	4857	6128	5031
155434599	0	3027	4843	6109	5031
155434699	0	3027	4867	6123	5059
155434800	0	3120	4801	6151	5036
155434900	0	3088	4848	6109	5040
155434999	0	3031	4853	6128	5040
155435099	0	3031	4862	6114	5045
155435200	0	3045	4848	6133	5045
155435299	0	3017	4853	6118	5064
155435399	0	3045	4853	6100	5036
155435500	0	3027	4787	6123	5050
155435599	0	3012	4801	6114	5050
155435699	0	3012	4825	6100	5059
155435800	0	3027	4834	6123	5040
155435899	0	3036	4862	6090	5036
155435999	0	3097	4886	6114	5059
155436099	0	3045	4890	6104	5064
155436199	0	3055	4796	6118	5083
155436299	0	3088	4801	6118	5054
155436399	0	3069	4778	6114	5068
155436499	0	3073	4876	6142	5054
155436599	0	3116	4839	6095	5068
155436699	0	3073	4810	6142	5083
155436799	0	3045	4768	6142	5073
155436899	0	3041	4754	6086	5064
155436999	0	3022	4796	6114	5073
155437099	0	3214	4843	6095	5073
155437200	0	3027	4834	6100	5054
155437303	0	3097	4782	6090	5031
155437399	0	3078	4853	6137	4993
155437500	0	3111	4806	6114	5054
155437599	0	3088	4782	6137	5054
155437699	0	3088	4853	6109	4993
155437799	0	3059	4834	6104	5040
155437900	0	3050	4740	6133	5036
155438000	0	3111	4754	6114	5054
155438099	0	3102	4792	6128	5026
155438200	0	3050	4834	6147	5031
155438300	0	3097	4839	6128	5012
155438399	0	3027	4843	6137	4998
155438499	0	3045	4871	6137	5059
155438599	0	3022	4853	6104	4970
155438699	0	3031	4843	6100	5251
155438799	0	3069	4796	6109	4998
155438899	0	3017	4787	6133	4979
155439000	0	3069	4834	6114	5036
155439099	0	3059	4857	6090	5036
155439200	0	3083	4867	6123	5036
155439299	0	3045	4810	6086	5017
155439399	0	3041	4810	6118	4998
155439499	0	3116	4759	6081	4979
155439600	0	3088	4815	6133	4965
155439699	0	3069	4750	6133	5045
155439799	0	3045	4750	6133	5064
155439899	0	3088	4745	6114	4998
155439999	0	3022	4829	6123	5031
155440099	0	3008	4792	6114	5007
155440200	0	3017	4787	6114	4993
155440299	0	3022	4853	6118	5036
155440399	0	3012	4773	6086	5012
155440499	0	3097	4745	6100	5078
155440599	0	3102	4853	6133	5083
155440700	0	3008	4853	6147	5045
155440799	0	3059	4839	6133	5064
155440899	0	3111	4820	6137	5059
155440999	0	3055	4773	6133	5040
155441099	0	3111	4764	6104	5045
155441199	0	3073	4825	6128	5045
155441299	0	3078	4778	6142	5031
155441403	0	3027	4796	6109	5050
155441499	0	3102	4796	6123	5045
155441599	0	3083	4871	6109	5022
155441699	0	3027	4815	6137	5073
155441800	0	3027	4857	6128	5101
155441899	0	3027	4764	6086	5083
155441999	0	3041	4825	6090	5059
155442099	0	3097	4801	6128	5054
155442199	0	3045	4848	6100	5050
155442299	0	3092	4815	6114	5068
155442400	0	3050	4839	6109	5022
155442499	0	3022	4778	6100	5064
155442599	0	3064	4857	6123	5050
155442699	0	3031	4857	6086	5073
155442800	0	3102	4815	6095	5054
155442900	0	3120	4773	6104	5068
155442999	0	3017	4740	6104	5068
155443099	0	3125	4750	6137	5017
155443199	0	3088	4782	6090	5045
155443299	0	2998	4834	6104	5054
155443399	0	3064	4825	6109	5031
155443499	0	3120	4801	6123	5031
155443599	0	3027	4806	6114	5073
155443699	0	3050	4782	6118	5087
155443800	0	3050	4759	6109	5073
155443900	0	3064	4834	6095	5068
155443999	0	3045	4867	6100	5083
155444099	0	3106	4764	6128	5054
155444199	0	3064	4839	6109	5031
155444299	0	2998	4825	6118	5054
155444399	0	3022	4820	6090	5054
155444499	0	3111	4792	6109	5050
155444599	0	3027	4764	6128	5054
155444699	0	3120	4792	6104	5040
155444799	0	3111	4853	6128	5064
155444899	0	3083	4778	6123	5045
155444999	0	3036	4759	6133	5040
155445099	0	3078	4773	6118	5083
155445205	0	3078	4787	6100	5087
155445299	0	3017	4796	6128	5054
155445399	0	3050	4782	6118	5073
155445503	0	3045	4810	6109	5078
155445598	0	3059	4839	6109	5040
155445699	0	3027	4815	6109	5073
155445799	0	3031	4829	6104	5092
155445899	0	3045	4810	6137	5078
155445999	0	3045	4839	6123	5078
155446099	0	3017	4768	6142	5064
155446200	0	3041	4820	6123	5097
155446299	0	3092	4796	6137	5059
155446399	0	3124	4843	6142	5078
155446499	0	3050	4848	6104	5083
155446599	0	2984	4843	6104	5022
155446699	0	3059	4825	6104	5064
155446799	0	3106	4792	6137	5078
155446899	0	3045	4792	6109	5092
155446999	0	3120	4834	6118	5045
155447099	0	3106	4750	6109	5050
155447199	0	3041	4745	6137	5068
155447299	0	3041	4825	6142	5059
155447399	0	3116	4759	6100	5059
155447499	0	3045	4768	6118	5059
155447599	0	3106	4773	6067	5059
155447699	0	3036	4773	6090	5045
155447800	0	3064	4839	6109	5054
155447900	0	3106	4796	6100	5083
155447999	0	3036	4825	6114	5050
155448099	0	3027	4745	6133	5068
155448199	0	3092	4764	6086	5073
155448299	0	3003	4759	6100	5092
155448399	0	3078	4759	6118	5059
155448499	0	3031	4834	6114	5129
155448599	0	3111	4806	6123	5083
155448699	0	3102	4843	6133	5078
155448799	0	3022	4820	6137	5068
155448899	0	3041	4862	6104	5059
155448999	0	3120	4787	6114	5045
155449099	0	3111	4745	6100	5059
155449199	0	3031	4820	6095	5073
155449299	0	3017	4825	6067	5054
155449399	0	3027	4745	6142	5083
155449499	0	3102	4759	6104	5078
155449603	0	3116	4740	6123	5050
155449699	0	3102	4853	6118	5031
155449799	0	3050	4773	6081	5050
155449899	0	3031	4778	6086	5068
155449998	0	3069	4773	6104	5040
155450099	0	3017	4764	6109	5078
155450199	0	3036	4829	6114	5064
155450299	0	3036	4768	6081	5040
155450399	0	3055	4839	6114	5040
155450499	0	3120	4792	6109	5054
155450599	0	3092	4839	6118	5040
155450699	0	3012	4796	6109	5050
155450799	0	3083	4754	6104	5045
155450900	0	3111	4810	6081	5064
155450999	0	3036	4782	6090	5031
155451100	0	3078	4834	6147	5064
155451199	0	3088	4773	6118	5068
155451299	0	2998	4843	6100	5059
155451399	0	3031	4759	6118	5087
155451499	0	3036	4782	6133	5054
155451599	0	3041	4801	6142	5012
155451699	0	3008	4853	6133	5092
155451799	0	3008	4815	6137	5068
155451899	0	3064	4773	6118	5068
155451999	0	3012	4810	6128	5050
155452099	0	3022	4853	6128	5031
155452199	0	3017	4778	6114	5054
155452299	0	3092	4862	6114	5064
155452399	0	3097	4843	6114	5068
155452499	0	3017	4792	6128	5068
155452599	0	3008	4857	6137	5064
155452699	0	3073	4754	6109	5040
155452799	0	3050	4773	6114	5031
155452899	0	3120	4810	6095	5059
155452999	0	3092	4857	6133	5026
155453099	0	3027	4834	6109	5078
155453199	0	3102	4768	6118	5054
155453299	0	3055	4843	6133	5040
155453399	0	3027	4848	6133	5083
155453499	0	3059	4848	6076	5054
155453599	0	3027	4773	6156	5031
155453703	0	3106	4829	6118	5045
155453800	0	3092	4825	6123	5031
155453899	0	3008	4806	6104	5045
155453999	0	3092	4768	6128	5064
155454099	0	3097	4778	6090	5054
155454199	0	3055	4848	6133	5050
155454299	0	3027	4796	6095	5050
155454399	0	3041	4810	6118	5073
155454499	0	3106	4829	6128	5054
155454599	0	3092	4745	6128	5050
155454699	0	3022	4867	6128	5064
155454799	0	3045	4773	6123	5054
155454899	0	3088	4773	6086	5073
155454999	0	3097	4801	6086	5068
155455099	0	3027	4825	6109	5054
155455199	0	3003	4764	6104	5068
155455299	0	3045	4806	6137	5064
155455399	0	3097	4857	6128	5064
155455499	0	3045	4857	6133	5054
155455599	0	3092	4848	6109	5092
155455699	0	3027	4867	6095	5040
155455799	0	3059	4867	6090	5097
155455899	0	3064	4778	6128	5101
155455999	0	3059	4829	6128	5101
155456100	0	3092	4796	6104	5054
155456199	0	3097	4801	6109	5068
155456299	0	3027	4782	6128	5054
155456399	0	3078	4778	6123	5059
155456499	0	3059	4815	6133	5092
155456599	0	3017	4848	6100	5054
155456699	0	3116	4839	6104	5068
155456799	0	3106	4815	6114	5064
155456899	0	3059	4843	6114	5040
155457000	0	3102	4768	6100	5031
155457099	0	3092	4825	6133	5040
155457199	0	3050	4764	6123	5087
155457299	0	3017	4853	6147	5068
155457399	0	3008	4857	6118	5031
155457499	0	3031	4815	6104	5040
155457599	0	3041	4853	6142	5040
155457699	0	3078	4829	6095	5059
155457803	0	3008	4773	6137	5087
155457899	0	3097	4853	6151	5092
155457999	0	3036	4853	6137	5031
155458099	0	3059	4773	6109	5036
155458199	0	3027	4773	6118	5059
155458300	0	3102	4829	6118	5064
155458399	0	3078	4820	6123	5050
155458499	0	3022	4787	6137	5031
155458599	0	3022	4796	6137	5040
155458699	0	3031	4810	6100	5045
155458799	0	3050	4778	6128	5003
155458899	0	3083	4778	6123	5050
155458999	0	3111	4834	6123	5068
155459099	0	3012	4806	6109	5059
155459199	0	3092	4862	6100	5059
155459299	0	3036	4792	6142	5064
155459399	0	3116	4792	6133	5078
155459499	0	3055	4778	6100	5036
155459599	0	3106	4867	6095	5022
155459699	0	3041	4754	6133	5059
155459799	0	3120	4806	6114	5026
155459899	0	3050	4857	6118	5073
155459999	0	3017	4768	6109	5064
155500099	0	3003	4834	6104	5040
155500200	0	2998	4806	6114	5050
155500299	0	3027	4829	6104	5031
155500399	0	3036	4843	6123	5040
155500500	0	3050	4787	6114	5059
155500599	0	3031	4764	6109	5045
155500699	0	3055	4778	6090	5036
155500799	0	3102	4820	6137	5031
155500899	0	3237	4862	6133	5059
155500999	0	3012	4773	6104	5068
155501099	0	3027	4796	6142	5078
155501199	0	3069	4792	6095	5083
155501299	0	3078	4773	6123	5054
155501399	0	3088	4787	6123	5050
155501499	0	3012	4764	6128	5073
155501599	0	3083	4825	6118	4993
155501699	0	3008	4839	6156	5050
155501799	0	2998	4768	6133	5064
155501903	0	3008	4792	6137	5073
155501999	0	3045	4862	6123	5031
155502099	0	3045	4768	6090	5036
155502199	0	3050	4829	6137	5078
155502299	0	3055	4764	6151	5050
155502399	0	3083	4857	6109	5022
155502499	0	3031	4773	6128	5078
155502599	0	3055	4782	6147	5054
155502699	0	2998	4787	6104	5068
155502799	0	3017	4754	6114	5036
155502899	0	3017	4806	6128	5064
155502999	0	3204	4815	6095	5064
155503099	0	3031	4782	6123	5083
155503199	0	3106	4759	6086	5036
155503299	0	3036	4782	6114	5059
155503399	0	3055	4839	6133	5064
155503499	0	3022	4843	6090	5036
155503599	0	3055	4773	6128	5026
155503699	0	3036	4881	6142	5040
155503799	0	3041	4792	6123	5068
155503899	0	3031	4759	6104	5045
155503999	0	3083	4834	6109	5064
155504099	0	3083	4792	6151	5050
155504199	0	3017	4857	6142	5026
155504299	0	3017	4787	6104	5040
155504399	0	3036	4764	6100	5040
155504499	0	3125	4853	6123	5022
155504599	0	3083	4778	6104	5045
155504699	0	3022	4764	6123	5045
155504798	0	3027	4792	6104	5059
155504899	0	3078	4810	6100	5054
155504999	0	3083	4773	6109	5036
155505099	0	3064	4782	6118	5078
155505199	0	3088	4843	6123	5078
155505299	0	3045	4843	6118	5040
155505399	0	3017	4848	6123	5022
155505499	0	2998	4829	6133	5026
155505599	0	3022	4839	6114	5026
155505699	0	3106	4792	6081	5012
155505799	0	3050	4792	6147	5045
155505899	0	3059	4834	6123	4989
155506003	0	3012	4810	6142	5007
155506099	0	3102	4745	6128	5050
155506199	0	3027	4825	6118	5022
155506299	0	3017	4801	6114	5026
155506398	0	3036	4801	6095	5050
155506498	0	3083	4768	6095	5054
155506599	0	3073	4778	6100	5050
155506699	0	3069	4857	6100	5068
155506799	0	3059	4801	6128	5050
155506899	0	3041	4778	6137	5040
155506999	0	3027	4810	6156	5031
155507099	0	3069	4853	6133	5026
155507198	0	3073	4745	6142	5054
155507299	0	3116	4839	6133	5054
155507398	0	3036	4768	6128	5064
155507499	0	3116	4801	6109	5022
155507599	0	3064	4787	6128	5031
155507699	0	3069	4820	6114	5054
155507799	0	3045	4773	6137	5054
155507899	0	3022	4862	6118	5012
155507999	0	2998	4754	6109	5050
155508099	0	3017	4764	6109	5064
155508199	0	3069	4848	6118	5031
155508299	0	3055	4867	6100	5078
155508399	0	3204	4815	6100	5059
155508498	0	3073	4806	6109	5040
155508599	0	3041	4815	6095	5045
155508699	0	3111	4815	6114	5040
155508799	0	3041	4862	6123	5083
155508899	0	3088	4848	6109	5050
155508998	0	3088	4871	6114	5045
155509099	0	3041	4843	6128	5017
155509199	0	3097	4768	6123	5040
155509298	0	3102	4759	6114	5036
155509399	0	3083	4768	6123	5064
155509499	0	3059	4778	6133	5068
155509599	0	3083	4839	6118	5064
155509699	0	3069	4792	6109	5073
155509798	0	3111	4754	6133	5050
155509899	0	3069	4801	6128	5045
155509998	0	3069	4853	6118	5045
155510103	0	3083	4792	6118	5073
155510199	0	3041	4782	6100	5045
155510298	0	3083	4857	6123	5045
155510399	0	3073	4750	6114	5054
155510499	0	3097	4754	6086	5012
155510598	0	3045	4843	6090	5064
155510698	0	2994	4810	6142	5059
155510798	0	3078	4820	6114	5031
155510899	0	3008	4862	6128	5031
155510999	0	3022	4801	6137	5031
155511105	0	3055	4853	6142	5022
155511199	0	3031	4843	6104	5064
155511299	0	3069	4801	6142	5050
155511399	0	3041	4792	6123	5054
155511499	0	3036	4773	6114	5031
155511599	0	3017	4815	6142	5026
155511699	0	3022	4792	6133	5017
155511798	0	3078	4825	6142	4998
155511899	0	3045	4834	6090	5050
155511999	0	3012	4773	6137	5012
155512099	0	3083	4778	6137	5036
155512199	0	3059	4787	6104	5003
155512298	0	3017	4839	6142	5026
155512398	0	3064	4782	6133	5064
155512499	0	3031	4815	6128	5012
155512599	0	3027	4759	6123	5017
155512699	0	3036	4834	6114	5017
155512799	0	3036	4806	6128	5050
155512899	0	3069	4839	6104	5036
155512999	0	3088	4848	6128	5064
155513099	0	3097	4735	6081	5026
155513199	0	3017	4764	6118	5022
155513299	0	3083	4745	6118	5012
155513399	0	3073	4782	6118	5036
155513499	0	3102	4782	6123	5073
155513599	0	3031	4825	6137	5045
155513699	0	3041	4759	6128	5045
155513799	0	3073	4806	6151	5040
155513898	0	3069	4806	6142	5059
155513998	0	3064	4853	6109	5054
155514099	0	3012	4806	6147	5040
155514203	0	3097	4796	6137	5054
155514298	0	3031	4834	6095	5054
155514399	0	3045	4768	6123	5059
155514498	0	3008	4773	6147	5017
155514599	0	3045	4839	6118	5083
155514698	0	3050	4764	6123	5036
155514799	0	2998	4857	6151	5059
155514898	0	3073	4745	6109	5068
155514998	0	3012	4867	6133	5050
155515098	0	3059	4825	6104	5068
155515198	0	3097	4796	6123	5031
155515299	0	3092	4815	6104	5059
155515399	0	3041	4825	6104	5031
155515498	0	3022	4839	6109	5022
155515598	0	3097	4787	6133	5059
155515699	0	3017	4782	6128	5031
155515798	0	2984	4834	6142	5022
155515899	0	3036	4820	6109	5036
155515999	0	3092	4768	6123	5078
155516099	0	3031	4773	6114	5064
155516198	0	3027	4759	6147	5022
155516299	0	3055	4843	6118	5026
155516398	0	3069	4857	6142	5054
155516499	0	3078	4867	6104	5022
155516598	0	3102	4768	6137	5031
155516699	0	3078	4853	6114	5045
155516799	0	2994	4867	6086	5064
155516899	0	3111	4768	6104	5045
155516998	0	3022	4834	6123	5054
155517099	0	3050	4778	6161	5092
155517199	0	3125	4876	6133	5031
155517299	0	3041	4745	6123	5054
155517398	0	3073	4801	6100	5059
155517498	0	3069	4731	6123	5064
155517599	0	3078	4825	6114	5054
155517699	0	3088	4768	6090	5026
155517799	0	3055	4853	6100	5036
155517898	0	3092	4815	6128	5045
155517999	0	2989	4825	6114	5036
155518098	0	3102	4768	6123	5040
155518198	0	3088	4857	6100	5036
155518303	0	3055	4857	6114	5064
155518399	0	3031	4867	6123	5031
155518498	0	3055	4876	6151	5054
155518599	0	3041	4782	6142	5073
155518698	0	3055	4801	6137	5031
155518799	0	3083	4862	6147	5036
155518899	0	3059	4792	6100	5054
155518999	0	3069	4792	6104	5073
155519098	0	3008	4815	6114	5050
155519199	0	3031	4853	6142	5036
155519399	0	3031	4782	6100	5026
155519499	0	3045	4825	6137	5007
155519599	0	3064	4773	6151	5050
155519699	0	3022	4862	6114	5054
155519799	0	3017	4829	6133	5045
155519899	0	3027	4773	6137	5026
155519998	0	3083	4773	6118	5036
155520098	0	3017	4778	6133	5022
155520199	0	3073	4801	6133	5059
155520298	0	3003	4834	6104	5031
155520399	0	3064	4801	6123	5064
155520498	0	3083	4787	6123	5050
155520598	0	3088	4773	6137	5026
155520699	0	3092	4825	6100	5045
155520799	0	3050	4801	6123	5054
155520898	0	3106	4750	6137	5054
155520999	0	3088	4829	6114	5031
155521098	0	3125	4881	6142	5050
155521198	0	3088	4843	6100	5050
155521298	0	3055	4801	6147	5064
155521399	0	3003	4829	6133	5012
155521499	0	3097	4773	6118	5045
155521599	0	3012	4834	6104	5036
155521699	0	3092	4782	6114	5054
155521799	0	3059	4843	6137	5022
155521899	0	3106	4839	6161	4993
155521999	0	3078	4745	6123	5040
155522098	0	3073	4839	6109	5040
155522199	0	3059	4839	6137	5031
155522298	0	3064	4778	6118	5045
155522403	0	3008	4792	6114	5050
155522498	0	3106	4801	6081	5050
155522598	0	3092	4843	6114	5012
155522698	0	3088	4829	6147	5050
155522798	0	3045	4820	6109	4998
155522898	0	3092	4843	6081	5050
155522998	0	3050	4782	6118	5036
155523099	0	3116	4792	6104	5007
155523199	0	3031	4820	6133	5064
155523299	0	3088	4764	6123	5068
155523398	0	3041	4834	6086	5054
155523498	0	3083	4796	6128	5059
155523599	0	3022	4843	6118	5087
155523698	0	3003	4876	6123	5022
155523798	0	3097	4857	6109	5017
155523898	0	3027	4778	6123	5031
155523999	0	3059	4768	6095	4989
155524099	0	3022	4857	6142	5007
155524199	0	3064	4750	6090	5022
155524299	0	3008	4773	6118	5036
155524398	0	3012	4853	6109	5022
155524498	0	3092	4862	6123	5059
155524599	0	3012	4829	6104	5073
155524699	0	3050	4820	6123	5064
155524798	0	3073	4871	6137	5031
155524899	0	3031	4829	6114	5040
155524999	0	2989	4857	6137	5012
155525098	0	3012	4792	6128	5040
155525198	0	3092	4839	6114	5026
155525298	0	3041	4810	6161	5007
155525399	0	3055	4754	6142	5040
155525499	0	3031	4750	6128	5022
155525598	0	3041	4848	6114	5050
155525698	0	3059	4796	6123	5054
155525798	0	3041	4857	6118	5045
155525898	0	3036	4839	6151	5040
155525998	0	3055	4843	6081	5064
155526100	0	3036	4796	6109	5050
155526198	0	3050	4801	6118	5012
155526298	0	3041	4825	6151	5068
155526398	0	3106	4829	6128	5073
155526503	0	3017	4754	6095	5087
155526599	0	3106	4853	6104	5083
155526699	0	3031	4848	6114	5068
155526799	0	3031	4839	6100	5050
155526899	0	3041	4825	6104	5078
155526998	0	3092	4778	6128	5078
155527099	0	3031	4825	6104	5106
155527198	0	3078	4792	6090	5101
155527298	0	3073	4792	6118	5092
155527398	0	3036	4759	6104	5097
155527498	0	3027	4843	6104	5073
155527599	0	3036	4820	6100	5087
155527699	0	3027	4825	6100	5073
155527798	0	3088	4820	6142	5068
155527898	0	3041	4843	6118	5059
155527998	0	3041	4750	6104	5087
155528099	0	3017	4782	6104	5031
155528198	0	3116	4754	6123	5087
155528299	0	3102	4853	6109	5050
155528399	0	3008	4829	6142	5054
155528499	0	3059	4768	6114	5078
155528598	0	3064	4843	6114	5050
155528698	0	3022	4848	6142	5068
155528798	0	3064	4801	6118	5022
155528898	0	3031	4825	6114	5040
155528998	0	3092	4839	6123	5054
155529098	0	3027	4839	6118	5083
155529198	0	3036	4815	6147	5059
155529298	0	3120	4796	6128	5059
155529399	0	3059	4754	6151	5087
155529499	0	3092	4806	6104	5092
155529599	0	3092	4820	6133	5012
155529698	0	3092	4778	6095	5050
155529798	0	3059	4773	6128	5083
155529898	0	3088	4778	6109	5064
155529999	0	3069	4820	6114	5036
155530099	0	3116	4768	6090	5054
155530199	0	3083	4848	6104	5031
155530298	0	3036	4815	6128	5059
155530398	0	3027	4773	6118	5059
155530498	0	3088	4773	6109	5026
155530602	0	3106	4796	6109	5068
155530698	0	3022	4862	6104	5036
155530798	0	3045	4764	6142	5050
155530899	0	3027	4820	6128	5078
155530998	0	3031	4834	6118	5050
155531099	0	3064	4843	6100	5054
155531198	0	3045	4792	6114	5054
155531298	0	3120	4768	6142	5040
155531399	0	3027	4848	6114	5078
155531498	0	3102	4764	6123	5068
155531598	0	3017	4801	6137	5045
155531698	0	3055	4778	6109	5064
155531798	0	3102	4754	6137	5054
155531898	0	3078	4810	6123	5073
155531998	0	3031	4857	6123	5040
155532099	0	3083	4810	6118	5050
155532198	0	3069	4843	6086	5045
155532298	0	3097	4773	6090	5050
155532398	0	3092	4754	6109	5040
155532498	0	3064	4862	6109	5050
155532599	0	3097	4735	6114	5050
155532698	0	3041	4815	6118	5064
155532799	0	3069	4782	6133	5059
155532898	0	3059	4754	6128	5050
155532999	0	3092	4815	6118	5064
155533098	0	3022	4834	6133	5045
155533198	0	3083	4796	6109	5078
155533299	0	3092	4848	6100	5045
155533398	0	3102	4834	6128	5045
155533498	0	3111	4773	6109	5078
155533598	0	3078	4750	6118	5059
155533698	0	3036	4853	6109	5078
155533799	0	3050	4857	6104	5073
155533898	0	2989	4792	6137	5026
155533998	0	3083	4778	6123	5045
155534098	0	3064	4871	6104	5059
155534199	0	3073	4839	6114	5026
155534298	0	3088	4782	6114	5054
155534399	0	3017	4801	6147	5068
155534498	0	3181	4848	6104	5059
155534599	0	3106	4773	6142	5059
155534700	0	3078	4829	6090	5054
155534798	0	3050	4787	6100	5045
155534899	0	3097	4843	6118	5059
155534999	0	3064	4853	6137	4998
155535098	0	3055	4810	6109	5054
155535198	0	3045	4839	6114	5059
155535299	0	3041	4796	6128	5031
155535398	0	3036	4853	6109	5050
155535498	0	3017	4843	6133	5045
155535599	0	3083	4782	6128	5054
155535698	0	3036	4792	6142	5068
155535798	0	3050	4815	6118	5045
155535899	0	3036	4764	6095	5045
155535999	0	3083	4806	6095	5050
155536098	0	3031	4825	6128	5045
155536198	0	3012	4848	6123	5059
155536298	0	3027	4768	6100	5073
155536399	0	3045	4839	6133	5031
155536498	0	3083	4801	6123	5078
155536599	0	3092	4862	6109	5040
155536699	0	3045	4829	6128	5054
155536799	0	3017	4848	6114	5054
155536898	0	3073	4764	6128	5054
155536998	0	3022	4782	6118	5068
155537098	0	3088	4843	6133	5050
155537198	0	3055	4810	6104	5022
155537298	0	3012	4754	6109	5073
155537398	0	3069	4759	6095	5045
155537499	0	3036	4848	6118	5026
155537598	0	3055	4829	6118	5068
155537698	0	3083	4853	6109	5068
155537798	0	3017	4820	6114	5036
155537899	0	3003	4848	6133	5054
155537998	0	3092	4782	6133	5022
155538098	0	3069	4787	6128	5045
155538198	0	3050	4834	6095	5031
155538299	0	3017	4806	6142	5083
155538398	0	3069	4745	6109	5059
155538499	0	3041	4839	6118	5017
155538598	0	3003	4801	6133	5064
155538698	0	3059	4787	6114	5073
155538801	0	3045	4853	6109	5050
155538899	0	3041	4754	6114	5054
155538999	0	3097	4801	6104	5083
155539098	0	3097	4825	6114	5040
155539199	0	3069	4806	6133	5026
155539298	0	3050	4792	6137	5059
155539398	0	3059	4778	6133	5050
155539498	0	3027	4834	6109	5050
155539598	0	3102	4820	6118	5064
155539698	0	3125	4796	6118	5073
155539798	0	3055	4815	6123	5045
155539899	0	3083	4853	6128	5050
155539999	0	2980	4848	6147	5101
155540098	0	3088	4745	6109	5083
155540198	0	3111	4834	6114	5078
155540298	0	3088	4839	6109	5083
155540399	0	3069	4796	6123	5134
155540498	0	3088	4773	6123	5073
155540599	0	3083	4778	6109	5097
155540698	0	3102	4815	6095	5073
155540799	0	3125	4815	6123	5078
155540899	0	3031	4825	6104	5078
155540998	0	3022	4857	6118	5054
155541098	0	3092	4740	6128	5050
155541198	0	2980	4759	6142	5068
155541298	0	3214	4867	6123	5050
155541398	0	3069	4801	6137	5045
155541498	0	3027	4787	6123	5068
155541599	0	3078	4829	6090	5050
155541698	0	3059	4843	6081	5073
155541798	0	3064	4764	6123	5022
155541899	0	3027	4750	6156	5012
155541999	0	3083	4820	6123	5026
155542098	0	3022	4768	6104	5031
155542199	0	3078	4815	6100	5078
155542298	0	3055	4740	6104	5064
155542399	0	3059	4806	6123	5068
155542498	0	3088	4778	6123	5050
155542599	0	3012	4750	6118	5050
155542699	0	3083	4745	6128	5073
155542799	0	3097	4843	6128	5040
155542900	0	3059	4759	6114	5036
155542998	0	3059	4787	6147	5064
155543098	0	3036	4820	6100	5059
155543199	0	3088	4829	6133	5092
155543299	0	3055	4825	6095	5036
155543399	0	3064	4857	6133	5050
155543498	0	3045	4829	6142	5064
155543598	0	3031	4862	6104	5045
155543699	0	3088	4782	6123	5040
155543798	0	3097	4735	6147	5031
155543899	0	3012	4740	6147	5045
155543998	0	3031	4759	6118	5050
155544099	0	3092	4773	6090	5022
155544196	0	3055	4848	6118	5040
155544297	0	3102	4834	6100	5007
155544398	0	3083	4787	6114	5040
155544496	0	3069	4801	6109	5045
155544597	0	3088	4848	6104	5012
155544697	0	3097	4768	6100	5026
155544796	0	3083	4796	6128	5022
155544896	0	3041	4820	6133	5031
155545000	0	3036	4848	6086	5022
155545099	0	3069	4843	6137	5017
155545196	0	3041	4834	6109	5054
155545296	0	3097	4764	6114	5031
155545398	0	3083	4815	6104	5059
155545498	0	3106	4782	6123	4998
155545596	0	3055	4806	6118	5007
155545696	0	3125	4825	6090	5031
155545799	0	3045	4825	6133	5026
155545896	0	3064	4787	6114	5040
155545999	0	3088	4759	6114	5036
155546096	0	3055	4834	6123	5031
155546198	0	3088	4782	6118	5022
155546296	0	3036	4773	6114	5031
155546399	0	3097	4750	6147	5064
155546496	0	3017	4862	6109	5078
155546597	0	3064	4759	6104	5031
155546696	0	3064	4773	6133	5036
155546796	0	3083	4768	6123	5068
155546896	0	3083	4843	6100	5059
155546999	0	3059	4829	6133	5073
155547096	0	3031	4815	6104	5036
155547198	0	3069	4806	6137	5050
155547297	0	3055	4735	6137	5054
155547396	0	3092	4801	6133	5031
155547498	0	3092	4829	6086	5050
155547596	0	2998	4820	6104	5059
155547697	0	3022	4750	6104	5059
155547797	0	3092	4764	6104	5064
155547898	0	3036	4796	6128	5040
155547996	0	3022	4778	6114	5050
155548098	0	3125	4796	6137	5059
155548199	0	3111	4773	6118	5045
155548296	0	2998	4745	6137	5031
155548396	0	3092	4853	6123	5054
155548496	0	3017	4810	6128	5059
155548598	0	3120	4848	6118	5031
155548698	0	3008	4857	6104	5059
155548796	0	3041	4782	6133	5054
155548897	0	3073	4843	6123	5059
155548997	0	3092	4740	6123	5054
155549100	0	3031	4773	6109	5050
155549196	0	2998	4773	6123	5073
155549297	0	3102	4759	6104	5078
155549396	0	3031	4848	6137	5045
155549497	0	3073	4792	6123	5031
155549596	0	3055	4782	6128	5026
155549697	0	3088	4768	6142	5031
155549796	0	3088	4815	6118	5064
155549897	0	3106	4796	6095	5050
155549996	0	3050	4796	6133	5045
155550097	0	3022	4801	6123	5031
155550196	0	3092	4801	6147	5059
155550296	0	3078	4764	6123	5026
155550396	0	3022	4820	6118	5036
155550496	0	3083	4792	6104	5068
155550596	0	3111	4853	6109	5064
155550696	0	3017	4796	6104	5078
155550797	0	3116	4834	6086	5068
155550897	0	3041	4764	6123	5012
155550997	0	3027	4778	6133	5003
155551096	0	3012	4829	6133	5050
155551196	0	3125	4778	6114	4989
155551297	0	3120	4787	6118	5345
155551396	0	3120	4782	6118	5350
155551496	0	3083	4750	6118	5078
155551596	0	3125	4759	6133	5280
155551697	0	3050	4806	6128	4965
155551797	0	3111	4750	6133	5059
155551897	0	3017	4806	6086	5007
155551999	0	3097	4764	6109	5280
155552097	0	3031	4829	6109	5162
155552196	0	3045	4745	6118	5237
155552296	0	3078	4764	6118	5265
155552397	0	3041	4820	6128	5003
155552496	0	3017	4768	6118	5059
155552596	0	3027	4796	6118	4965
155552696	0	3073	4787	6128	5190
155552796	0	3116	4848	6090	4956
155552896	0	3111	4731	6133	5308
155552996	0	3078	4740	6104	4961
155553096	0	3059	4759	6142	5298
155553201	0	3003	4834	6114	5219
155553296	0	3073	4806	6104	5214
155553396	0	3073	4764	6104	4989
155553497	0	3111	4839	6142	5237
155553597	0	3036	4735	6133	4993
155553696	0	3092	4853	6095	4979
155553797	0	3102	4825	6109	4975
155553896	0	3059	4731	6128	4942
155553996	0	3059	4745	6095	5280
155554096	0	3036	4754	6118	5340
155554197	0	3111	4857	6118	4998
155554296	0	3102	4848	6118	4951
155554396	0	3102	4820	6118	5040
155554496	0	3073	4867	6090	5003
155554596	0	3125	4778	6128	5007
155554696	0	3102	4806	6104	5026
155554796	0	3120	4796	6104	4965
155554896	0	3027	4750	6147	4965
155554997	0	3027	4773	6128	4979
155555097	0	3022	4843	6118	4979
155555196	0	3008	4782	6133	5022
155555297	0	3102	4820	6133	5017
155555396	0	3092	4759	6109	5007
155555496	0	3073	4810	6095	4989
155555596	0	3083	4825	6114	5017
155555696	0	3073	4764	6109	5050
155555797	0	3088	4731	6109	5036
155555896	0	3027	4782	6123	5003
155555996	0	3116	4778	6114	5003
155556096	0	3059	4825	6104	4965
155556197	0	3088	4782	6128	5007
155556296	0	3027	4735	6109	5050
155556396	0	3120	4764	6123	5031
155556496	0	3017	4773	6123	5083
155556596	0	3088	4759	6133	5036
155556697	0	3050	4806	6142	5045
155556796	0	3097	4853	6100	4989
155556897	0	3092	4764	6109	5045
155556997	0	3097	4848	6123	5045
155557096	0	3073	4825	6147	5022
155557197	0	3017	4796	6133	5031
155557300	0	3064	4778	6137	5050
155557396	0	3059	4862	6104	5036
155557496	0	3078	4773	6123	5040
155557597	0	3116	4782	6114	5083
155557697	0	3073	4787	6137	5111
155557796	0	3073	4768	6123	5031
155557896	0	3036	4754	6100	5054
155557997	0	3069	4834	6086	5111
155558096	0	3050	4792	6095	5078
155558196	0	3036	4778	6100	5120
155558297	0	3064	4862	6128	5120
155558397	0	3134	4867	6081	5143
155558496	0	3017	4782	6114	5148
155558596	0	3120	4839	6095	5092
155558696	0	3022	4787	6114	5092
155558796	0	3041	4787	6100	5054
155558896	0	3073	4754	6095	5022
155558996	0	3111	4848	6100	5073
155559096	0	3102	4843	6123	5026
155559196	0	3036	4848	6086	5078
155559297	0	3041	4834	6118	5040
155559396	0	3036	4867	6123	5068
155559496	0	3055	4881	6104	5059
155559596	0	3027	4834	6104	5073
155559696	0	3017	4815	6100	5040
155559796	0	3017	4834	6109	5050
155559896	0	3017	4796	6123	5022
155559996	0	3003	4853	6123	5073
155600096	0	3031	4792	6123	5068
155600196	0	3125	4782	6133	5176
155600296	0	3027	4810	6076	5026
155600396	0	3036	4857	6100	5087
155600496	0	3125	4871	6109	5045
155600596	0	3045	4834	6114	5007
155600696	0	3017	4764	6109	5064
155600797	0	3092	4834	6090	5087
155600896	0	3050	4862	6086	5068
155600996	0	3022	4796	6118	5031
155601096	0	3083	4750	6100	5068
155601196	0	3031	4792	6133	5106
155601296	0	3092	4759	6133	5312
155601401	0	3088	4778	6123	5289
155601496	0	3083	4825	6133	5504
155601597	0	3064	4768	6142	5518
155601696	0	3031	4843	6137	5209
155601796	0	3106	4778	6137	5247
155601896	0	3031	4829	6081	5167
155601997	0	3031	4773	6118	5167
155602096	0	3097	4768	6118	5223
155602196	0	3120	4782	6104	5097
155602296	0	3027	4778	6100	5068
155602396	0	3088	4829	6114	5106
155602496	0	3092	4801	6095	5059
155602596	0	3106	4759	6147	5040
155602696	0	3031	4806	6123	5045
155602796	0	3064	4773	6118	5083
155602896	0	3120	4778	6123	5036
155602996	0	3036	4806	6142	5031
155603096	0	3041	4782	6118	5031
155603196	0	3111	4848	6076	5040
155603296	0	3036	4843	6114	5059
155603396	0	3106	4825	6142	5068
155603497	0	3022	4839	6114	5078
155603596	0	3116	4839	6104	5050
155603696	0	3055	4787	6118	5078
155603796	0	3125	4815	6109	5007
155603896	0	3041	4825	6156	5003
155603996	0	3045	4825	6114	4961
155604096	0	3036	4820	6118	5017
155604196	0	3027	4773	6137	5087
155604296	0	3064	4810	6128	5059
155604396	0	3045	4750	6100	5022
155604496	0	3050	4839	6109	5068
155604596	0	2980	4801	6109	5022
155604696	0	3073	4768	6142	4993
155604796	0	3059	4843	6128	4989
155604896	0	3092	4764	6118	5017
155604997	0	3008	4848	6114	5007
155605096	0	3102	4759	6123	4989
155605197	0	3083	4848	6133	4989
155605296	0	3083	4787	6104	4946
155605397	0	3097	4843	6123	5645
155605500	0	3050	4867	6090	4876
155605596	0	3031	4810	6118	4857
155605697	0	3050	4820	6128	4895
155605796	0	3111	4867	6137	4900
155605896	0	3027	4848	6133	5785
155605996	0	3116	4815	6114	5696
155606096	0	3022	4750	6118	5701
155606196	0	3069	4759	6142	5017
155606296	0	3031	4810	6123	5012
155606396	0	3088	4745	6142	5017
155606496	0	3120	4806	6123	5031
155606596	0	3012	4726	6109	5068
155606696	0	3022	4839	6147	5045
155606796	0	3102	4801	6133	5031
155606896	0	3017	4829	6137	5036
155606996	0	3055	4829	6118	5059
155607096	0	3003	4764	6104	5026
155607196	0	3055	4792	6104	5040
155607296	0	3102	4778	6104	5003
155607396	0	3036	4745	6086	5007
155607496	0	3102	4848	6100	5007
155607596	0	3069	4787	6133	5026
155607696	0	3064	4745	6133	5026
155607796	0	3088	4843	6133	5022
155607896	0	3064	4768	6123	4998
155607996	0	3031	4773	6128	5045
155608096	0	3097	4745	6104	5017
155608196	0	3124	4801	6095	4984
155608296	0	3045	4829	6133	4989
155608396	0	3125	4764	6133	5031
155608496	0	3073	4839	6114	5036
155608596	0	3036	4829	6090	4984
155608696	0	3102	4829	6081	5045
155608796	0	3097	4787	6114	5040
155608896	0	3102	4829	6095	5012
155608996	0	3116	4834	6100	4989
155609096	0	3069	4764	6104	5036
155609196	0	3073	4750	6128	5036
155609296	0	3106	4843	6123	5087
155609396	0	3083	4787	6090	5233
155609496	0	3008	4792	6118	5195
155609600	0	3069	4806	6104	5078
155609696	0	3125	4843	6104	5181
155609796	0	3125	4759	6114	5012
155609896	0	3106	4773	6123	5007
155609996	0	3073	4815	6076	5022
155610096	0	3059	4843	6086	4965
155610196	0	3088	4768	6086	5036
155610296	0	3092	4843	6100	4998
155610396	0	3088	4857	6133	4956
155610496	0	3097	4764	6123	5190
155610596	0	3055	4782	6109	5012
155610696	0	3092	4787	6142	4951
155610796	0	3041	4820	6109	5045
155610896	0	3064	4778	6118	5106
155610996	0	3083	4834	6100	5045
155611096	0	3106	4815	6137	5083
155611196	0	3097	4740	6109	5087
155611296	0	3050	4768	6104	5054
155611396	0	3027	4773	6100	5087
155611496	0	3022	4815	6076	5040
155611596	0	3097	4853	6095	5026
155611696	0	3078	4829	6104	5087
155611796	0	3097	4750	6095	5045
155611896	0	3003	4759	6095	5050
155611996	0	3092	4834	6109	5068
155612096	0	3017	4778	6090	5083
155612196	0	3116	4820	6095	5045
155612296	0	3069	4778	6062	5050
155612396	0	3064	4768	6114	5087
155612496	0	3031	4750	6095	5068
155612596	0	3073	4778	6123	5083
155612696	0	3022	4750	6123	5040
155612796	0	3027	4764	6109	5050
155612896	0	3073	4857	6114	5092
155612996	0	3073	4829	6109	5083
155613096	0	3055	4848	6100	5073
155613196	0	3106	4754	6104	5106
155613296	0	3050	4862	6118	5064
155613396	0	3092	4839	6118	5073
155613496	0	3078	4829	6095	5083
155613596	0	3050	4853	6109	5068
155613700	0	3120	4839	6109	5036
155613796	0	3045	4857	6128	5087
155613896	0	3041	4853	6133	5073
155613996	0	3017	4829	6114	5068
155614096	0	3017	4773	6104	5087
155614196	0	3027	4815	6114	5040
155614296	0	3031	4787	6123	5078
155614396	0	3102	4764	6114	5045
155614496	0	3106	4825	6109	5026
155614596	0	3092	4829	6095	5097
155614696	0	3055	4862	6123	5050
155614796	0	3116	4754	6123	5068
155614896	0	3111	4862	6123	5068
155614996	0	3138	4796	6100	5087
155615096	0	3125	4792	6114	5031
155615196	0	3031	4768	6109	5064
155615296	0	3092	4764	6109	5064
155615397	0	3078	4820	6114	5092
155615496	0	3045	4857	6123	5045
155615596	0	3088	4810	6133	5087
155615696	0	3008	4787	6114	5097
155615796	0	3055	4787	6133	5059
155615896	0	3111	4792	6128	5073
155615996	0	3031	4764	6123	5078
155616096	0	3125	4754	6123	5054
155616196	0	3102	4825	6104	5054
155616296	0	3120	4834	6118	5064
155616397	0	3041	4792	6137	5083
155616496	0	3102	4778	6133	5097
155616596	0	3064	4792	6156	5068
155616696	0	3069	4764	6118	5068
155616796	0	3022	4820	6100	5054
155616896	0	3111	4853	6137	5022
155616996	0	3017	4839	6109	5101
155617096	0	3116	4806	6118	5068
155617197	0	3102	4796	6123	5087
155617296	0	3069	4843	6109	5092
155617396	0	3031	4759	6109	5083
155617496	0	3097	4773	6114	5054
155617596	0	3045	4806	6100	5087
155617696	0	3027	4754	6133	5078
155617800	0	3092	4773	6109	5050
155617899	0	3073	4782	6118	5083
155617995	0	3036	4843	6118	5059
155618096	0	3059	4839	6104	5050
155618197	0	3045	4768	6114	5059
155618296	0	3097	4782	6137	5040
155618396	0	3036	4792	6137	5045
155618496	0	3036	4810	6147	5045
155618596	0	3088	4834	6100	5064
155618696	0	3120	4731	6109	5040
155618796	0	3069	4745	6104	5068
155618896	0	3102	4853	6118	5101
155618996	0	3092	4768	6142	5087
155619096	0	3031	4773	6100	5068
155619196	0	3022	4839	6090	5078
155619296	0	3106	4834	6128	5083
155619396	0	3036	4843	6133	5059
155619496	0	3055	4810	6118	5073
155619595	0	3055	4820	6133	5087
155619696	0	3064	4782	6142	5045
155619796	0	3045	4782	6114	5106
155619896	0	3078	4853	6109	5083
155619996	0	3083	4857	6123	5050
155620096	0	3055	4773	6128	5054
155620196	0	3083	4764	6118	5083
155620296	0	3078	4745	6090	5092
155620396	0	3017	4853	6100	5068
155620496	0	3045	4815	6133	5083
155620597	0	3027	4810	6123	5115
155620696	0	3069	4787	6128	5078
155620796	0	3092	4834	6133	5087
155620896	0	3059	4857	6137	5050
155620996	0	3097	4750	6123	5068
155621096	0	3012	4778	6133	5064
155621196	0	3069	4839	6100	5073
155621296	0	3041	4843	6128	5068
155621395	0	3073	4773	6123	5068
155621496	0	3059	4764	6100	5097
155621596	0	3124	4764	6095	5031
155621695	0	3059	4843	6109	5045
155621796	0	3116	4834	6104	5087
155621898	0	3069	4848	6118	5036
155621996	0	3064	4843	6114	5064
155622096	0	3078	4787	6137	5059
155622196	0	3036	4806	6123	5078
155622296	0	3031	4764	6128	5064
155622396	0	3083	4792	6114	5083
155622496	0	3027	4764	6109	5045
155622596	0	3064	4810	6114	5064
155622696	0	3059	4782	6133	5059
155622796	0	3017	4796	6142	5026
155622896	0	3064	4848	6114	5054
155622996	0	3102	4754	6128	5054
155623096	0	3116	4750	6123	5068
155623195	0	3199	4853	6123	5036
155623296	0	3045	4740	6123	5073
155623396	0	3088	4787	6133	5059
155623496	0	3050	4778	6142	5078
155623596	0	3195	4792	6114	5078
155623696	0	3012	4825	6142	5083
155623796	0	3045	4825	6128	5068
155623895	0	3064	4848	6076	5054
155623995	0	3055	4810	6114	5050
155624096	0	3036	4792	6109	5092
155624196	0	3008	4768	6151	5026
155624296	0	3102	4810	6114	5101
155624396	0	3027	4834	6095	5064
155624496	0	3064	4768	6142	5073
155624596	0	3102	4764	6133	5068
155624696	0	3069	4801	6109	5073
155624796	0	3106	4750	6128	5083
155624895	0	3059	4764	6118	5097
155624996	0	3078	4778	6095	5064
155625096	0	3041	4768	6137	5064
155625196	0	3092	4764	6142	5101
155625296	0	3059	4829	6114	5087
155625396	0	3083	4853	6133	5097
155625496	0	3097	4782	6123	5073
155625596	0	3124	4782	6100	5083
155625696	0	3088	4834	6133	5083
155625795	0	3073	4862	6123	5068
155625896	0	3050	4801	6095	5036
155625998	0	3022	4778	6128	5054
155626096	0	3078	4853	6104	5050
155626196	0	3031	4853	6123	5083
155626296	0	3083	4815	6123	5078
155626396	0	3078	4881	6123	5092
155626496	0	3027	4773	6147	5054
155626596	0	3008	4754	6109	5097
155626696	0	3031	4778	6114	5064
155626796	0	3078	4815	6142	5068
155626896	0	3073	4825	6133	5059
155626996	0	3050	4843	6086	5087
155627096	0	3102	4801	6123	5078
155627196	0	3059	4839	6081	5073
155627296	0	3050	4867	6109	5097
155627396	0	3050	4815	6128	5054
155627495	0	3012	4843	6095	5073
155627596	0	3092	4857	6128	5068
155627696	0	3102	4787	6109	5068
155627796	0	3036	4843	6118	5073
155627896	0	3195	4792	6109	5054
155627996	0	3045	4750	6123	5087
155628096	0	3143	4773	6137	5073
155628195	0	3111	4815	6123	5083
155628295	0	3017	4806	6123	5068
155628396	0	3027	4796	6090	5073
155628496	0	3031	4853	6118	5087
155628596	0	3059	4745	6137	5059
155628696	0	3106	4848	6123	5050
155628796	0	3125	4853	6133	5078
155628896	0	3027	4773	6142	5083
155628996	0	3069	4815	6142	5054
155629096	0	3106	4796	6100	5017
155629196	0	3027	4782	6118	5054
155629296	0	3050	4782	6109	5054
155629396	0	3017	4862	6109	5059
155629496	0	3031	4839	6151	5073
155629596	0	3041	4825	6123	5083
155629696	0	3083	4787	6128	5078
155629796	0	3064	4820	6123	5092
155629896	0	3031	4862	6114	5083
155629996	0	3050	4787	6086	5087
155630098	0	3088	4806	6100	5078
155630196	0	3088	4773	6137	5087
155630296	0	3050	4778	6100	5111
155630396	0	3124	4801	6118	5068
155630496	0	3055	4773	6118	5106
155630596	0	3116	4782	6100	5078
155630696	0	3059	4787	6081	5064
155630796	0	3073	4862	6128	5068
155630896	0	3116	4806	6118	5050
155630996	0	3055	4773	6100	5064
155631096	0	3003	4796	6147	5068
155631195	0	3083	4796	6095	5045
155631295	0	3102	4853	6076	5073
155631396	0	3045	4839	6100	5050
155631496	0	3027	4787	6090	5064
155631596	0	3055	4792	6109	5087
155631696	0	3031	4843	6109	5064
155631795	0	3083	4862	6109	5087
155631896	0	3036	4773	6072	5083
155631996	0	3022	4801	6128	5200
155632096	0	3027	4848	6072	5106
155632196	0	3036	4834	6114	5078
155632296	0	3022	4782	6133	5106
155632396	0	3111	4839	6128	5087
155632496	0	3069	4843	6147	5167
155632596	0	3097	4768	6095	5087
155632696	0	3097	4787	6076	5120
155632796	0	3041	4773	6090	5092
155632896	0	3073	4843	6118	5073
155632995	0	3050	4787	6156	5092
155633096	0	3041	4792	6118	5073
155633196	0	3017	4848	6123	5083
155633296	0	3078	4853	6142	5059
155633396	0	3003	4815	6142	5031
155633496	0	3045	4848	6142	5059
155633596	0	3083	4843	6095	5059
155633696	0	3031	4862	6114	5078
155633796	0	3078	4862	6128	5101
155633896	0	3064	4876	6137	5036
155633996	0	3017	4768	6123	5059
155634096	0	3022	4787	6137	5092
155634198	0	3027	4745	6128	5092
155634295	0	3036	4867	6142	5068
155634396	0	3092	4862	6086	5026
155634495	0	3251	4815	6100	5073
155634596	0	3106	4848	6137	5087
155634696	0	3050	4792	6095	5101
155634796	0	3102	4773	6123	5097
155634896	0	3064	4792	6118	5068
155634997	0	3125	4853	6133	5073
155635096	0	3064	4839	6114	5106
155635196	0	3050	4764	6128	5078
155635296	0	3092	4839	6095	5064
155635395	0	3078	4778	6109	5078
155635496	0	3022	4815	6109	5097
155635596	0	3069	4834	6114	5106
155635696	0	3106	4848	6123	5101
155635796	0	3116	4829	6109	5059
155635896	0	3088	4810	6114	5068
155635996	0	3088	4778	6133	5045
155636096	0	3059	4759	6123	5012
155636196	0	3083	4815	6090	5054
155636296	0	3106	4782	6104	5040
155636396	0	3092	4768	6123	5054
155636496	0	3092	4768	6147	5092
155636596	0	3078	4773	6142	5092
155636696	0	3088	4754	6123	5078
155636796	0	3125	4735	6118	5050
155636896	0	3083	4768	6137	5097
155636996	0	3097	4839	6133	5040
155637096	0	3064	4796	6118	5045
155637196	0	3078	4796	6128	5101
155637295	0	3120	4834	6109	5097
155637396	0	3092	4806	6151	5064
155637495	0	3102	4787	6104	5040
155637596	0	3050	4825	6147	5078
155637695	0	3036	4773	6090	5092
155637796	0	3116	4829	6123	5097
155637896	0	3106	4834	6147	5068
155637996	0	3055	4773	6128	5078
155638096	0	3073	4801	6100	5073
155638196	0	3111	4773	6100	5054
155638298	0	3059	4820	6137	5012
155638396	0	3092	4853	6137	5040
155638496	0	3083	4871	6104	5064
155638595	0	3106	4820	6114	5054
155638696	0	3050	4801	6109	5073
155638796	0	3120	4825	6142	5050
155638896	0	3102	4796	6123	5073
155638996	0	3097	4782	6118	5031
155639096	0	3064	4778	6128	5036
155639196	0	3111	4806	6095	5017
155639296	0	3031	4754	6123	5017
155639396	0	3092	4825	6128	5059
155639495	0	3097	4764	6133	5036
155639596	0	3017	4820	6095	5012
155639695	0	3111	4759	6100	5064
155639796	0	3069	4815	6123	5068
155639895	0	3199	4759	6114	5054
155639995	0	3106	4843	6095	5059
155640095	0	3055	4839	6114	5036
155640196	0	3106	4825	6090	5045
155640296	0	3111	4834	6109	5068
155640396	0	3055	4853	6114	5050
155640496	0	3027	4792	6128	5040
155640596	0	3045	4782	6114	5064
155640695	0	3102	4829	6118	5036
155640796	0	3106	4764	6114	5054
155640895	0	3102	4829	6123	5040
155640996	0	3116	4834	6086	5036
155641096	0	3078	4871	6090	5012
155641196	0	3064	4782	6137	5073
155641296	0	3106	4796	6133	5026
155641396	0	3102	4848	6128	5050
155641496	0	3064	4829	6123	5045
155641595	0	3120	4867	6133	5068
155641696	0	3120	4787	6147	5068
155641796	0	3125	4768	6118	5064
155641895	0	3097	4782	6128	5045
155641996	0	3124	4754	6133	5031
155642096	0	3045	4750	6114	5040
155642196	0	3153	4815	6109	5040
155642295	0	3120	4768	6081	5059
155642398	0	3106	4857	6133	5050
155642496	0	3129	4773	6118	5031
155642596	0	3088	4839	6090	5017
155642696	0	3120	4834	6137	5036
155642795	0	3041	4853	6128	5040
155642896	0	3120	4754	6086	5017
155642996	0	3078	4773	6137	5054
155643095	0	3116	4773	6114	5036
155643195	0	3116	4764	6142	5045
155643296	0	3097	4754	6114	5026
155643396	0	3106	4796	6137	5022
155643496	0	3157	4773	6114	5040
155643596	0	3055	4820	6095	5031
155643696	0	3050	4740	6104	5007
155643799	0	3055	4825	6118	4984
155643895	0	3125	4787	6123	5007
155643995	0	3050	4853	6104	5050
155644096	0	3036	4853	6123	5040
155644196	0	3078	4815	6123	5036
155644296	0	3064	4848	6137	5073
155644395	0	3073	4848	6100	5040
155644496	0	3045	4834	6095	5022
155644595	0	3111	4825	6118	5068
155644695	0	3055	4829	6100	5022
155644796	0	3078	4853	6100	5022
155644895	0	3031	4750	6118	5031
155644996	0	3088	4862	6095	4998
155645095	0	3111	4782	6090	5040
155645196	0	3036	4745	6076	5040
155645295	0	3045	4768	6100	5040
155645395	0	3138	4825	6123	5036
155645496	0	3050	4778	6118	5050
155645596	0	3102	4839	6142	5040
155645696	0	3041	4801	6114	5026
155645795	0	3106	4759	6133	5012
155645895	0	3102	4759	6109	5012
155645995	0	3027	4768	6114	5007
155646096	0	3027	4829	6137	5022
155646195	0	3083	4848	6090	5059
155646296	0	3073	4801	6114	5050
155646395	0	3102	4862	6104	5017
155646497	0	3097	4773	6090	5054
155646596	0	3088	4806	6104	5045
155646696	0	3078	4848	6086	5078
155646796	0	3106	4853	6104	5059
155646896	0	3078	4778	6086	5036
155646996	0	3045	4867	6123	5101
155647096	0	3092	4843	6114	5045
155647195	0	3102	4829	6118	5106
155647296	0	3078	4778	6090	5087
155647396	0	3017	4764	6109	5059
155647495	0	3092	4871	6109	5073
155647596	0	3045	4848	6109	5050
155647696	0	3073	4787	6137	5059
155647996	0	3088	4796	6123	5087
155648095	0	3073	4848	6100	5129
155648195	0	3120	4792	6109	5092
