150211997	0	5143	3780	4061	5387
150212104	0	5129	3762	4061	5363
150212197	0	5134	3761	4052	5391
150212297	0	5092	3770	4085	5326
150212397	0	5134	3789	4071	5382
150212497	0	5106	3752	4042	5401
150212597	0	5139	3775	4089	5369
150212697	0	5125	3780	4071	5364
150212797	0	5143	3766	4071	5359
150212898	0	5148	3770	4052	5331
150212997	0	5129	3766	4075	5368
150213097	0	5148	3775	4033	5373
150213197	0	5148	3770	4042	5382
150213298	0	5115	3761	4071	5368
150213397	0	5092	3761	4061	5391
150213497	0	5134	3766	4052	5396
150213597	0	5153	3762	4071	5387
150213697	0	5125	3775	4047	5355
150213798	0	5129	3766	4094	5391
150213898	0	5153	3762	4019	5331
150213997	0	5120	3799	4057	5377
150214098	0	5139	3766	4047	5387
150214197	0	5115	3762	4052	5345
150214297	0	5143	3743	4024	5364
150214402	0	5148	3775	4042	5401
150214498	0	5111	3785	4052	5368
150214597	0	5129	3762	4047	5363
150214698	0	5129	3752	4047	5377
150214797	0	5111	3762	4066	5355
150214897	0	5111	3757	4052	5368
150214997	0	5129	3794	4047	5363
150215097	0	5162	3756	4066	5382
150215197	0	5125	3785	4047	5373
150215297	0	5115	3785	4005	5345
150215397	0	5120	3785	4019	5363
150215497	0	5139	3766	4042	5359
150215597	0	5111	3757	4042	5373
150215697	0	5158	3780	4042	5406
150215797	0	5129	3761	4019	5363
150215897	0	5162	3766	4071	5377
150215998	0	5111	3775	4057	5359
150216097	0	5129	3762	4061	5355
150216197	0	5162	3785	4061	5308
150216297	0	5148	3766	4042	5363
150216398	0	5162	3752	4047	5377
150216497	0	5162	3756	4047	5401
150216597	0	5167	3808	4024	5350
150216697	0	5167	3785	4028	5369
150216797	0	5111	3756	4028	5345
150216897	0	5172	3761	4089	5369
150216998	0	5143	3748	4066	5368
150217097	0	5153	3785	4075	5340
150217197	0	5143	3757	4014	5350
150217297	0	5148	3770	4089	5377
150217397	0	5181	3738	4061	5355
150217497	0	5148	3794	4042	5363
150217598	0	5143	3738	4047	5294
150217697	0	5143	3757	4038	5359
150217797	0	5158	3766	4085	5331
150217897	0	5172	3757	4075	5350
150217998	0	5134	3761	4038	5359
150218097	0	5143	3757	4099	5345
150218197	0	5167	3757	4061	5336
150218297	0	5158	3752	4075	5340
150218397	0	5181	3734	4047	5364
150218502	0	5148	3762	4052	5363
150218597	0	5176	3756	4066	5364
150218898	0	5115	3743	4057	5345
150218998	0	5134	3766	4042	5340
150219097	0	5153	3799	4024	5289
150219197	0	5134	3761	4047	5355
150219297	0	5158	3757	4052	5355
150219397	0	5139	3752	4038	5331
150219497	0	5134	3757	4042	5345
150219597	0	5162	3756	4052	5331
150219697	0	5153	3761	4080	5345
150219798	0	5143	3752	4052	5377
150219897	0	5148	3757	4052	5359
150219997	0	5139	3748	4047	5387
150220097	0	5129	3756	4080	5429
150220197	0	5162	3756	4038	5369
150220297	0	5158	3743	4042	5317
150220397	0	5129	3762	4089	5336
150220497	0	5158	3748	4066	5363
150220597	0	5143	3761	4033	5368
150220697	0	5134	3748	4042	5364
150220797	0	5134	3770	4094	5406
150220897	0	5162	3770	4085	5368
150220998	0	5158	3766	4080	5363
150221097	0	5158	3757	4071	5355
150221197	0	5111	3761	4052	5355
150221297	0	5139	3785	4024	5369
150221397	0	5172	3794	4033	5289
150221497	0	5167	3766	4038	5345
150221597	0	5176	3756	4010	5377
150221697	0	5153	3752	4061	5373
150221798	0	5162	3770	4066	5369
150221897	0	5153	3766	4061	5345
150221997	0	5148	3752	4047	5373
150222097	0	5143	3780	4042	5377
150222197	0	5143	3785	4075	5364
150222297	0	5139	3799	4028	5336
150222397	0	5162	3761	4042	5359
150222497	0	5106	3748	4042	5363
150222601	0	5106	3766	4057	5359
150222698	0	5148	3775	4071	5369
150222797	0	5172	3766	4047	5345
150222897	0	5125	3789	4038	5326
150222997	0	5158	3756	4047	5326
150223098	0	5162	3789	4042	5345
150223197	0	5134	3761	4071	5312
150223297	0	5148	3762	4042	5345
150223397	0	5139	3775	4038	5326
150223497	0	5158	3785	4061	5364
150223597	0	5148	3748	4047	5369
150223697	0	5129	3752	4038	5317
150223797	0	5162	3748	4042	5340
150223897	0	5153	3757	4047	5373
150223997	0	5139	3748	4024	5364
150224097	0	5167	3785	4057	5359
150224197	0	5129	3748	4019	5355
150224298	0	5143	3766	4075	5326
150224397	0	5167	3770	4028	5359
150224497	0	5158	3775	4038	5364
150224597	0	5143	3752	4024	5368
150224698	0	5143	3756	4028	5345
150224797	0	5148	3761	4033	5373
150224898	0	5139	3785	4024	5364
150224997	0	5143	3761	4052	5326
150225097	0	5148	3766	4038	5345
150225197	0	5101	3766	4014	5369
150225297	0	5158	3770	4042	5336
150225397	0	5139	3780	4042	5355
150225497	0	5120	3762	4052	5359
150225597	0	5148	3766	4052	5363
150225697	0	5139	3770	4052	5317
150225797	0	5143	3770	4047	5350
150225897	0	5139	3762	4042	5363
150225997	0	5120	3766	4047	5359
150226097	0	5120	3775	4024	5368
150226197	0	5148	3757	4024	5359
150226297	0	5153	3748	4033	5363
150226397	0	5143	3766	4071	5336
150226497	0	5143	3785	4038	5387
150226597	0	5176	3756	4057	5345
150226701	0	5167	3761	4038	5363
150226797	0	5111	3766	4033	5322
150226897	0	5143	3762	4024	5359
150226997	0	5162	3761	4024	5363
150227098	0	5153	3780	4033	5298
150227197	0	5129	3761	4042	5359
150227297	0	5148	3766	4028	5359
150227397	0	5162	3762	4042	5312
150227497	0	5153	3780	4061	5363
150227597	0	5148	3756	4028	5331
150227697	0	5158	3789	4033	5373
150227797	0	5162	3762	4061	5355
150227897	0	5120	3761	4057	5369
150227997	0	5153	3766	4047	5369
150228097	0	5153	3770	4047	5382
150228198	0	5134	3789	4085	5317
150228298	0	5129	3766	4075	5364
150228397	0	5158	3761	4071	5331
150228497	0	5125	3780	4094	5359
150228597	0	5153	3780	4085	5345
150228697	0	5134	3789	4066	5359
150228797	0	5139	3770	4057	5391
150228897	0	5092	3761	4061	5364
150228997	0	5092	3780	4108	5359
150229097	0	5106	3808	4066	5377
150229198	0	5167	3794	4080	5363
150229297	0	5153	3770	4089	5420
150229397	0	5134	3770	4075	5377
150229498	0	5143	3794	4071	5369
150229597	0	5134	3808	4094	5391
150229697	0	5134	3799	4075	5359
150229797	0	5097	3775	4089	5391
150229897	0	5148	3761	4080	5340
150229997	0	5134	3766	4094	5406
150230097	0	5143	3748	4103	5363
150230197	0	5139	3762	4094	5373
150230297	0	5129	3780	4071	5377
150230397	0	5101	3775	4103	5340
150230497	0	5106	3766	4132	5387
150230597	0	5139	3770	4127	5369
150230697	0	5120	3766	4296	5401
150230801	0	5143	3775	4539	5401
150230897	0	5153	3770	4108	5377
150230997	0	5153	3762	4164	5410
150231097	0	5162	3762	4122	5359
150231197	0	5129	3761	4146	5391
150231297	0	5143	3734	4150	5359
150231397	0	5158	3752	4136	5373
150231497	0	5167	3752	4113	5364
150231597	0	5167	3752	4141	5326
150231697	0	5158	3743	4146	5373
150231797	0	5148	3738	4080	5387
150231897	0	5143	3766	4071	5406
150231997	0	5139	3756	4291	5363
150232097	0	5153	3766	4066	5345
150232197	0	5115	3752	4047	5396
150232297	0	5162	3752	4548	5364
150232397	0	5134	3766	4713	5401
150232497	0	5134	3724	4525	5382
150232597	0	5125	3734	4539	5364
150232697	0	5143	3766	4094	5382
150232797	0	5134	3770	4099	5363
150232897	0	5120	3752	4127	5396
150232997	0	5139	3756	4520	5364
150233097	0	5148	3743	4094	5415
150233197	0	5139	3761	4099	5377
150233297	0	5148	3748	4080	5364
150233398	0	5143	3752	4094	5364
150233497	0	5153	3757	4094	5369
150233597	0	5153	3775	4113	5364
150233697	0	5143	3756	4094	5345
150233798	0	5139	3752	4085	5359
150233897	0	5120	3775	4127	5350
150233997	0	5148	3756	4085	5364
150234097	0	5139	3761	4103	5387
150234197	0	5167	3761	4103	5369
150234297	0	5129	3761	4103	5350
150234397	0	5087	3757	4057	5420
150234497	0	5101	3757	4066	5369
150234597	0	5153	3762	4057	5331
150234697	0	5125	3766	4080	5331
150234797	0	5125	3785	4094	5363
150234901	0	5134	3756	4099	5364
150234997	0	5139	3762	4080	5387
150235097	0	5129	3762	4094	5391
150235197	0	5129	3785	4080	5377
150235297	0	5158	3756	4099	5359
150235397	0	5120	3762	4080	5387
150235497	0	5097	3775	4080	5331
150235597	0	5125	3762	4085	5363
150235697	0	5125	3762	4108	5368
150235797	0	5097	3757	4089	5364
150235897	0	5143	3724	4094	5345
150235997	0	5153	3756	4085	5364
150236097	0	5139	3762	4085	5355
150236197	0	5111	3775	4042	5387
150236297	0	5111	3770	4061	5363
150236397	0	5139	3761	4071	5364
150236497	0	5148	3762	4057	5377
150236597	0	5148	3780	4071	5345
150236697	0	5143	3756	4071	5345
150236797	0	5153	3762	4085	5369
150236897	0	5158	3770	4075	5363
150236997	0	5143	3756	4061	5369
150237097	0	5167	3775	4066	5336
150237197	0	5158	3770	4075	5364
150237297	0	5134	3756	4052	5377
150237397	0	5134	3766	4052	5345
150237497	0	5120	3762	4057	5345
150237597	0	5143	3756	4047	5377
150237697	0	5139	3756	4047	5345
150237797	0	5176	3780	4071	5355
150237897	0	5172	3761	4071	5350
150237997	0	5153	3757	4066	5359
150238097	0	5120	3761	4075	5364
150238197	0	5125	3761	4085	5359
150238297	0	5153	3757	4075	5373
150238398	0	5129	3770	4057	5331
150238497	0	5134	3775	4080	5359
150238597	0	5162	3756	4075	5345
150238697	0	5167	3794	4047	5345
150238797	0	5153	3785	4071	5377
150238897	0	5129	3756	4061	5373
150239001	0	5139	3761	4099	5387
150239097	0	5125	3761	4057	5345
150239197	0	5129	3752	4071	5350
150239297	0	5101	3743	4080	5369
150239397	0	5172	3748	4085	5340
150239497	0	5125	3775	4075	5275
150239597	0	5111	3794	4061	5363
150239697	0	5120	3757	4080	5336
150239797	0	5153	3775	4071	5284
150239897	0	5158	3761	4071	5369
150239997	0	5125	3734	4089	5289
150240097	0	5162	3756	4085	5359
150240197	0	5143	3789	4057	5363
150240297	0	5134	3785	4085	5322
150240397	0	5148	3762	4061	5280
150240497	0	5172	3770	4052	5317
150240597	0	5148	3770	4071	5364
150240697	0	5167	3766	4052	5350
150240797	0	5125	3785	4080	5363
150240897	0	5190	3752	4071	5326
150240997	0	5167	3761	4052	5363
150241097	0	5167	3761	4066	5369
150241197	0	5158	3766	4075	5369
150241297	0	5143	3762	4080	5359
150241397	0	5120	3775	4080	5363
150241497	0	5158	3762	4071	5363
150241597	0	5143	3766	4066	5345
150241697	0	5167	3757	4066	5340
150241797	0	5153	3761	4080	5359
150241897	0	5125	3761	4085	5355
150241997	0	5148	3785	4071	5368
150242097	0	5101	3756	4099	5359
150242197	0	5148	3756	4085	5359
150242297	0	5115	3757	4085	5308
150242397	0	5143	3766	4066	5387
150242497	0	5134	3752	4108	5340
150242597	0	5148	3766	4080	5369
150242697	0	5139	3757	4080	5345
150242797	0	5125	3757	4075	5345
150242897	0	5134	3775	4057	5363
150242997	0	5106	3789	4071	5359
150243101	0	5101	3785	4071	5359
150243197	0	5120	3789	4080	5364
150243297	0	5134	3757	4085	5373
150243397	0	5125	3766	4071	5369
150243497	0	5143	3748	4038	5377
150243597	0	5111	3770	4080	5345
150243697	0	5143	3752	4085	5350
150243797	0	5139	3756	4080	5322
150243897	0	5153	3766	4075	5373
150243997	0	5162	3770	4085	5345
150244097	0	5134	3766	4052	5364
150244197	0	5143	3785	4075	5387
150244297	0	5097	3756	4071	5345
150244397	0	5134	3789	4080	5355
150244497	0	5125	3756	4075	5369
150244596	0	5167	3766	4089	5387
150244697	0	5125	3756	4075	5369
150244797	0	5176	3770	4080	5345
150244897	0	5167	3761	4080	5364
150244997	0	5148	3775	4061	5308
150245097	0	5162	3785	4080	5355
150245197	0	5134	3762	4057	5317
150245297	0	5162	3775	4080	5368
150245397	0	5106	3770	4071	5382
150245497	0	5097	3780	4061	5364
150245597	0	5143	3761	4075	5364
150245697	0	5172	3762	4057	5359
150245797	0	5139	3770	4066	5355
150245897	0	5162	3761	4080	5355
150245997	0	5153	3757	4061	5368
150246097	0	5158	3761	4057	5336
150246197	0	5143	3761	4071	5340
150246297	0	5078	3752	4066	5336
150246397	0	5153	3789	4075	5350
150246497	0	5134	3785	4066	5355
150246597	0	5115	3756	4071	5355
150246697	0	5111	3775	4085	5336
150246797	0	5162	3756	4089	5326
150246897	0	5143	3775	4057	5270
150246997	0	5134	3752	4071	5364
150247097	0	5129	3757	4071	5373
150247201	0	5158	3766	4075	5340
150247297	0	5153	3762	4075	5363
150247397	0	5143	3785	4066	5355
150247497	0	5148	3770	4066	5345
150247597	0	5148	3789	4094	5368
150247697	0	5101	3780	4075	5355
150247797	0	5172	3794	4108	5369
150247897	0	5143	3785	4094	5355
150247997	0	5167	3761	4061	5322
150248097	0	5153	3762	4080	5345
150248197	0	5120	3762	4071	5359
150248297	0	5158	3756	4099	5364
150248397	0	5143	3789	4094	5363
150248497	0	5129	3775	4094	5368
150248597	0	5115	3775	4071	5355
150248697	0	5162	3789	4099	5350
150248797	0	5139	3761	4085	5368
150248897	0	5129	3761	4075	5345
150248998	0	5162	3762	4071	5364
150249096	0	5167	3770	4071	5350
150249197	0	5158	3780	4071	5369
150249297	0	5158	3775	4066	5377
150249397	0	5143	3761	4075	5317
150249497	0	5158	3775	4071	5359
150249597	0	5125	3748	4071	5387
150249697	0	5148	3762	4075	5345
150249797	0	5129	3757	4061	5336
150249897	0	5162	3757	4061	5364
150249997	0	5162	3757	4052	5359
150250097	0	5120	3762	4075	5355
150250197	0	5143	3770	4085	5368
150250297	0	5134	3762	4080	5359
150250397	0	5148	3775	4080	5368
150250497	0	5158	3770	4071	5369
150250597	0	5143	3762	4085	5364
150250699	0	5148	3756	4099	5364
150250797	0	5153	3775	4075	5340
150250897	0	5139	3762	4047	5331
150250997	0	5153	3780	4052	5363
150251097	0	5148	3761	4099	5382
150251197	0	5167	3785	4075	5350
150251301	0	5148	3756	4080	5317
150251396	0	5172	3752	4080	5369
150251497	0	5158	3761	4075	5363
150251597	0	5120	3770	4066	5369
150251697	0	5134	3766	4066	5331
150251797	0	5158	3766	4052	5368
150251897	0	5162	3780	4052	5345
150251997	0	5158	3780	4061	5368
150252097	0	5153	3799	4038	5363
150252197	0	5129	3766	4042	5363
150252297	0	5134	3752	4071	5373
150252397	0	5167	3770	4042	5364
150252497	0	5115	3770	4042	5336
150252597	0	5143	3780	4052	5350
150252697	0	5162	3794	4066	5387
150252797	0	5120	3775	4042	5382
150252896	0	5125	3770	4071	5355
150253097	0	5129	3785	4052	5363
150253197	0	5153	3789	4047	5387
150253297	0	5143	3756	4057	5377
150253397	0	5158	3761	4061	5355
150253497	0	5134	3789	4071	5359
150253597	0	5134	3785	4066	5359
150253697	0	5125	3775	4038	5401
150253797	0	5134	3775	4066	5415
150253897	0	5153	3789	4052	5326
150253996	0	5139	3775	4038	5359
150254097	0	5120	3775	4066	5369
150254197	0	5134	3775	4075	5406
150254296	0	5143	3775	4085	5369
150254397	0	5106	3761	4071	5368
150254497	0	5143	3762	4057	5345
150254597	0	5125	3757	4075	5368
150254697	0	5120	3770	4061	5355
150254797	0	5125	3780	4071	5317
150254896	0	5172	3770	4085	5364
150254997	0	5153	3799	4066	5363
150255097	0	5153	3757	4061	5312
150255197	0	5125	3766	4099	5364
150255297	0	5129	3780	4089	5369
150255401	0	5162	3775	4094	5364
150255497	0	5148	3775	4071	5359
150255597	0	5148	3770	4075	5359
150255697	0	5139	3775	4085	5359
150255796	0	5143	3770	4080	5355
150255896	0	5167	3770	4099	5340
150255997	0	5143	3761	4099	5363
150256097	0	5162	3762	4089	5363
150256197	0	5167	3766	4080	5336
150256297	0	5153	3756	4089	5364
150256397	0	5139	3748	4085	5284
150256497	0	5158	3770	4113	5345
150256597	0	5162	3794	4085	5355
150256697	0	5148	3757	4085	5363
150256797	0	5143	3757	4099	5382
150256897	0	5120	3757	4094	5373
150256997	0	5153	3757	4085	5359
150257097	0	5134	3761	4103	5359
150257197	0	5148	3775	4085	5340
150257297	0	5172	3766	4075	5364
150257397	0	5148	3785	4071	5336
150257497	0	5162	3756	4103	5359
150257597	0	5139	3770	4075	5369
150257696	0	5143	3757	4089	5322
150257797	0	5143	3770	4089	5355
150257897	0	5134	3780	4075	5382
150258096	0	5139	3770	4094	5355
150258197	0	5139	3770	4080	5340
150258297	0	5153	3756	4094	5340
150258397	0	5134	3761	4085	5369
150258497	0	5167	3762	4071	5382
150258597	0	5134	3766	4085	5331
150258697	0	5139	3770	4099	5369
150258797	0	5115	3770	4071	5369
150258896	0	5125	3761	4080	5345
150258997	0	5153	3757	4099	5377
150259096	0	5129	3766	4080	5359
150259197	0	5162	3770	4103	5382
150259297	0	5153	3757	4094	5363
150259397	0	5120	3780	4080	5363
150259500	0	5134	3762	4089	5359
150259597	0	5158	3766	4094	5359
150259697	0	5139	3756	4094	5396
150259796	0	5120	3780	4089	5355
150259897	0	5153	3770	4085	5369
150259996	0	5148	3770	4094	5364
150300097	0	5143	3775	4080	5336
150300197	0	5162	3766	4080	5369
150300297	0	5106	3757	4057	5364
150300397	0	5167	3775	4075	5373
150300497	0	5134	3756	4047	5373
150300597	0	5106	3762	4085	5350
150300697	0	5134	3785	4075	5340
150300796	0	5148	3757	4089	5368
150300897	0	5139	3757	4089	5377
150300997	0	5158	3757	4080	5350
150301097	0	5148	3766	4094	5406
150301197	0	5158	3766	4085	5382
150301297	0	5143	3752	4075	5363
150301397	0	5153	3775	4061	5369
150301497	0	5143	3770	4080	5364
150301596	0	5153	3748	4080	5410
150301697	0	5158	3762	4085	5377
150301796	0	5143	3794	4085	5387
150301897	0	5153	3785	4061	5363
150301996	0	5125	3789	4061	5355
150302096	0	5167	3775	4094	5377
150302197	0	5120	3766	4085	5382
150302297	0	5125	3775	4071	5369
150302397	0	5129	3766	4075	5369
150302497	0	5139	3761	4080	5369
150302597	0	5153	3770	4085	5373
150302696	0	5143	3780	4071	5377
150302797	0	5120	3785	4061	5387
150302897	0	5125	3762	4066	5396
150302997	0	5143	3780	4080	5345
150303096	0	5129	3770	4089	5364
150303197	0	5120	3761	4066	5369
150303297	0	5120	3775	4061	5373
150303396	0	5134	3766	4057	5364
150303497	0	5125	3766	4057	5303
150303601	0	5134	3775	4080	5280
150303697	0	5143	3756	4071	5359
150303796	0	5134	3770	4042	5364
150303897	0	5162	3770	4075	5363
150303997	0	5162	3770	4080	5340
150304096	0	5143	3762	4075	5373
150304197	0	5129	3785	4066	5373
150304296	0	5129	3761	4085	5377
150304397	0	5148	3770	4085	5369
150304496	0	5162	3775	4103	5363
150304597	0	5125	3803	4066	5317
150304697	0	5134	3789	4085	5363
150304797	0	5134	3752	4075	5336
150304897	0	5148	3756	4094	5363
150304997	0	5143	3761	4089	5364
150305097	0	5139	3770	4089	5391
150305196	0	5111	3775	4089	5391
150305296	0	5101	3766	4075	5401
150305397	0	5153	3799	4052	5373
150305497	0	5143	3775	4075	5377
150305597	0	5176	3757	4080	5369
150305697	0	5143	3775	4071	5355
150305796	0	5125	3756	4089	5355
150305897	0	5134	3770	4075	5363
150305997	0	5134	3756	4080	5368
150306096	0	5139	3762	4099	5317
150306196	0	5139	3761	4103	5345
150306297	0	5125	3780	4103	5387
150306397	0	5143	3761	4066	5359
150306497	0	5111	3789	4061	5345
150306597	0	5176	3761	4066	5336
150306697	0	5120	3752	4066	5359
150306797	0	5148	3757	4075	5373
150306896	0	5153	3766	4066	5308
150306997	0	5148	3757	4085	5363
150307096	0	5134	3752	4071	5350
150307196	0	5148	3752	4075	5359
150307297	0	5153	3775	4042	5340
150307397	0	5143	3770	4066	5350
150307497	0	5125	3775	4075	5377
150307597	0	5162	3761	4061	5359
150307701	0	5134	3748	4075	5373
150307797	0	5120	3785	4080	5369
150307896	0	5162	3761	4075	5364
150307996	0	5162	3780	4075	5373
150308097	0	5153	3757	4057	5368
150308197	0	5158	3761	4075	5355
150308297	0	5181	3757	4075	5373
150308397	0	5181	3780	4071	5382
150308497	0	5158	3762	4099	5369
150308597	0	5139	3752	4071	5359
150308697	0	5158	3756	4066	5350
150308797	0	5148	3761	4080	5368
150308897	0	5129	3770	4061	5363
150308997	0	5158	3785	4075	5336
150309097	0	5139	3752	4075	5359
150309197	0	5153	3770	4071	5364
150309297	0	5143	3770	4071	5317
150309397	0	5143	3780	4075	5359
150309496	0	5162	3752	4075	5424
150309597	0	5153	3757	4080	5373
150309697	0	5153	3756	4085	5410
150309796	0	5158	3761	4108	5373
150309897	0	5153	3761	4080	5355
150309996	0	5139	3761	4061	5363
150310096	0	5129	3757	4075	5359
150310197	0	5162	3780	4061	5355
150310297	0	5162	3756	4075	5336
150310397	0	5120	3757	4089	5424
150310497	0	5139	3766	4085	5369
150310597	0	5143	3756	4080	5369
150310697	0	5148	3761	4080	5382
150310796	0	5111	3756	4094	5391
150310897	0	5139	3762	4099	5364
150310997	0	5143	3761	4089	5359
150311097	0	5158	3770	4071	5373
150311196	0	5139	3780	4052	5368
150311297	0	5143	3762	4061	5369
150311397	0	5129	3748	4075	5368
150311497	0	5115	3748	4071	5345
150311597	0	5143	3756	4103	5355
150311697	0	5162	3756	4085	5345
150311801	0	5153	3748	4085	5331
150311896	0	5125	3766	4085	5391
150311996	0	5172	3762	4071	5363
150312097	0	5129	3762	4057	5364
150312196	0	5162	3770	4080	5350
150312497	0	5148	3780	4071	5373
150312597	0	5148	3766	4089	5369
150312697	0	5143	3762	4085	5368
150312797	0	5172	3748	4075	5363
150312896	0	5129	3785	4061	5369
150312997	0	5143	3775	4057	5373
150313096	0	5134	3775	4080	5359
150313197	0	5129	3766	4071	5369
150313296	0	5162	3752	4075	5364
150313397	0	5134	3752	4075	5303
150313497	0	5167	3757	4085	5364
150313596	0	5125	3761	4080	5410
150313697	0	5125	3762	4080	5373
150313797	0	5162	3748	4075	5369
150313897	0	5148	3756	4080	5350
150313996	0	5153	3756	4080	5434
150314097	0	5153	3766	4071	5368
150314196	0	5129	3770	4071	5364
150314296	0	5158	3756	4066	5345
150314397	0	5176	3770	4075	5363
150314497	0	5162	3756	4085	5377
150314597	0	5125	3766	4057	5369
150314697	0	5139	3748	4075	5369
150314797	0	5148	3762	4075	5373
150314896	0	5148	3775	4061	5364
150314997	0	5162	3780	4052	5312
150315096	0	5139	3762	4071	5350
150315197	0	5158	3756	4075	5355
150315297	0	5139	3757	4061	5382
150315396	0	5139	3752	4085	5368
150315497	0	5129	3761	4103	5364
150315597	0	5162	3761	4080	5377
150315696	0	5162	3761	4094	5382
150315796	0	5153	3766	4099	5373
150315901	0	5148	3743	4099	5364
150315996	0	5120	3799	4066	5368
150316096	0	5134	3761	4085	5373
150316196	0	5134	3743	4047	5369
150316296	0	5158	3756	4085	5336
150316397	0	5153	3752	4075	5368
150316496	0	5158	3756	4080	5355
150316597	0	5158	3752	4089	5350
150316696	0	5158	3770	4061	5363
150316796	0	5153	3756	4075	5369
150316897	0	5143	3756	4071	5359
150316997	0	5134	3756	4052	5377
150317097	0	5120	3789	4061	5363
150317196	0	5153	3761	4075	5359
150317296	0	5143	3748	4071	5359
150317397	0	5158	3743	4089	5359
150317497	0	5148	3780	4057	5377
150317596	0	5125	3762	4066	5350
150317697	0	5148	3762	4075	5359
150317797	0	5134	3762	4080	5340
150317896	0	5134	3766	4085	5355
150317997	0	5148	3775	4075	5340
150318097	0	5143	3752	4071	5275
150318197	0	5162	3762	4080	5359
150318296	0	5158	3756	4085	5364
150318397	0	5158	3748	4057	5369
150318497	0	5143	3775	4071	5364
150318597	0	5148	3752	4089	5359
150318696	0	5162	3762	4066	5359
150318796	0	5120	3785	4075	5363
150318896	0	5129	3761	4089	5331
150318996	0	5143	3770	4066	5345
150319097	0	5153	3738	4089	5368
150319196	0	5172	3799	4075	5355
150319296	0	5120	3762	4075	5387
150319397	0	5120	3761	4057	5336
150319497	0	5115	3761	4071	5364
150319596	0	5153	3757	4085	5369
150319696	0	5143	3766	4071	5322
150319797	0	5139	3766	4071	5373
150319896	0	5143	3775	4085	5363
150319999	0	5111	3766	4085	5359
150320097	0	5148	3770	4061	5364
150320197	0	5167	3799	4085	5368
150320296	0	5162	3770	4075	5364
150320397	0	5115	3780	4057	5359
150320496	0	5148	3757	4061	5350
150320597	0	5158	3780	4066	5350
150320697	0	5167	3775	4052	5364
150320796	0	5129	3762	4061	5369
150320897	0	5134	3761	4052	5373
150320996	0	5167	3762	4075	5364
150321096	0	5167	3748	4085	5396
150321196	0	5153	3757	4080	5368
150321296	0	5153	3738	4075	5363
150321396	0	5153	3738	4052	5373
150321496	0	5143	3738	4085	5382
150321596	0	5134	3762	4057	5382
150321697	0	5153	3748	4066	5363
150321797	0	5162	3756	4071	5336
150321896	0	5153	3748	4057	5363
150321997	0	5139	3738	4047	5345
150322096	0	5158	3738	4080	5336
150322196	0	5148	3738	4094	5355
150322296	0	5125	3761	4075	5345
150322397	0	5129	3775	4089	5359
150322496	0	5153	3748	4089	5364
150322597	0	5134	3762	4089	5391
150322696	0	5162	3752	4094	5363
150322796	0	5134	3770	4071	5369
150322896	0	5134	3770	4085	5382
150322997	0	5148	3780	4099	5359
150323096	0	5143	3761	4103	5355
150323197	0	5153	3766	4094	5364
150323297	0	5143	3756	4089	5368
150323396	0	5153	3770	4113	5355
150323497	0	5153	3762	4061	5364
150323597	0	5143	3756	4089	5406
150323697	0	5176	3757	4089	5364
150323797	0	5129	3794	4089	5355
150323897	0	5153	3789	4099	5364
150323997	0	5143	3766	4075	5355
150324098	0	5139	3780	4094	5424
150324196	0	5162	3743	4066	5350
150324296	0	5162	3738	4080	5331
150324396	0	5139	3770	4075	5387
150324497	0	5158	3752	4052	5359
150324596	0	5158	3756	4080	5350
150324697	0	5153	3766	4085	5382
150324797	0	5162	3738	4080	5369
150324896	0	5153	3748	4094	5373
150324997	0	5143	3766	4075	5373
150325097	0	5153	3762	4085	5369
150325197	0	5115	3757	4047	5363
150325296	0	5148	3766	4071	5373
150325397	0	5139	3775	4094	5340
150325496	0	5115	3775	4094	5369
150325596	0	5129	3756	4075	5373
150325697	0	5143	3757	4094	5396
150325797	0	5167	3761	4089	5369
150325896	0	5139	3775	4089	5345
150325997	0	5148	3785	4089	5363
150326097	0	5120	3761	4080	5373
150326196	0	5158	3738	4094	5369
150326296	0	5153	3734	4080	5363
150326396	0	5134	3775	4057	5364
150326497	0	5148	3762	4075	5377
150326597	0	5134	3756	4061	5377
150326697	0	5134	3762	4075	5363
150326797	0	5181	3757	4099	5326
150326897	0	5148	3770	4071	5382
150326996	0	5120	3766	4071	5369
150327096	0	5125	3748	4066	5312
150327197	0	5176	3748	4057	5382
150327296	0	5158	3748	4038	5355
150327397	0	5125	3738	4066	5363
150327503	0	5153	3756	4066	5359
150327597	0	5162	3757	4071	5350
150327696	0	5143	3756	4052	5391
150327797	0	5111	3756	4042	5363
150327897	0	5167	3743	4052	5359
150327996	0	5167	3748	4066	5364
150328097	0	5148	3757	4075	5350
150328199	0	5148	3761	4066	5355
150328297	0	5148	3785	4066	5350
150328397	0	5148	3770	4089	5368
150328496	0	5153	3799	4066	5363
150328596	0	5143	3762	4075	5345
150328697	0	5139	3752	4071	5355
150328797	0	5125	3766	4075	5340
150328896	0	5158	3757	4047	5377
150328996	0	5134	3757	4057	5377
150329097	0	5162	3780	4071	5434
150329396	0	5148	3770	4094	5377
150329496	0	5139	3743	4085	5377
150329596	0	5162	3766	4080	5363
150329697	0	5134	3789	4075	5368
150329796	0	5162	3762	4061	5391
150329896	0	5158	3743	4080	5363
150329997	0	5162	3770	4071	5369
150330097	0	5134	3766	4038	5373
150330196	0	5134	3780	4052	5368
150330294	0	5125	3738	4066	5364
150330395	0	5143	3766	4075	5359
150330494	0	5153	3766	4075	5359
150330595	0	5148	3757	4085	5363
150330694	0	5148	3762	4094	5373
150330794	0	5158	3757	4085	5369
150330895	0	5158	3780	4085	5369
150330995	0	5153	3756	4089	5373
150331096	0	5158	3743	4085	5359
150331194	0	5148	3766	4071	5308
150331297	0	5125	3756	4080	5303
150331396	0	5158	3766	4085	5345
150331497	0	5125	3752	4085	5396
150331596	0	5143	3748	4052	5364
150331696	0	5106	3770	4066	5359
150331795	0	5167	3766	4052	5369
150331894	0	5120	3748	4075	5350
150331994	0	5139	3756	4080	5364
150332094	0	5148	3789	4066	5298
150332194	0	5167	3789	4094	5363
150332299	0	5167	3743	4061	5373
150332396	0	5162	3757	4047	5377
150332495	0	5143	3762	4047	5368
150332594	0	5167	3757	4066	5345
150332696	0	5087	3766	4061	5359
150332794	0	5158	3756	4075	5364
150332895	0	5120	3743	4061	5345
150332996	0	5125	3748	4066	5359
150333095	0	5125	3766	4057	5294
150333196	0	5148	3766	4066	5345
150333295	0	5153	3756	4075	5364
150333394	0	5143	3794	4085	5359
150333496	0	5153	3775	4075	5369
150333596	0	5120	3789	4089	5401
150333696	0	5129	3803	4075	5331
150333797	0	5139	3789	4075	5355
150333894	0	5125	3775	4061	5368
150333996	0	5134	3799	4066	5345
150334094	0	5148	3766	4071	5340
150334194	0	5101	3752	4071	5377
150334295	0	5101	3780	4071	5359
150334395	0	5172	3775	4075	5355
150334495	0	5153	3770	4061	5368
150334596	0	5148	3770	4103	5368
150334694	0	5167	3752	4071	5359
150334795	0	5111	3799	4085	5359
150334894	0	5106	3761	4103	5363
150334994	0	5101	3761	4080	5364
150335095	0	5115	3757	4071	5355
150335196	0	5148	3770	4075	5340
150335294	0	5143	3766	4071	5387
150335395	0	5120	3770	4080	5369
150335495	0	5125	3756	4085	5345
150335595	0	5153	3752	4075	5336
150335694	0	5073	3757	4052	5350
150335794	0	5153	3785	4061	5391
150335895	0	5139	3775	4094	5336
150335995	0	5139	3756	4066	5355
150336094	0	5158	3757	4066	5377
150336194	0	5143	3775	4080	5363
150336294	0	5092	3756	4080	5350
150336398	0	5172	3766	4061	5363
150336494	0	5162	3756	4094	5363
150336595	0	5158	3761	4075	5331
150336694	0	5106	3766	4085	5350
150336794	0	5139	3770	4071	5331
150336894	0	5143	3770	4075	5363
150336994	0	5106	3775	4085	5369
150337095	0	5097	3761	4066	5368
150337195	0	5125	3789	4052	5303
150337294	0	5158	3761	4080	5363
150337395	0	5134	3780	4075	5363
150337494	0	5106	3808	4094	5368
150337595	0	5162	3785	4094	5401
150337694	0	5115	3762	4085	5364
150337795	0	5153	3752	4075	5387
150337894	0	5158	3799	4071	5387
150337994	0	5158	3794	4075	5369
150338094	0	5158	3808	4080	5373
150338195	0	5125	3780	4099	5373
150338294	0	5143	3799	4080	5373
150338394	0	5139	3775	4085	5359
150338494	0	5143	3770	4080	5359
150338595	0	5153	3766	4089	5369
150338695	0	5158	3752	4085	5317
150338794	0	5101	3752	4061	5340
150338894	0	5143	3756	4080	5331
150338995	0	5167	3761	4089	5369
150339094	0	5143	3785	4094	5364
150339194	0	5153	3785	4094	5377
150339295	0	5139	3761	4080	5382
150339394	0	5120	3756	4085	5350
150339494	0	5139	3794	4052	5387
150339594	0	5143	3770	4061	5368
150339695	0	5106	3785	4075	5350
150339794	0	5134	3770	4066	5355
150339894	0	5143	3762	4061	5345
150339995	0	5129	3780	4066	5363
150340094	0	5139	3761	4071	5289
150340195	0	5153	3762	4071	5331
150340295	0	5172	3762	4075	5364
150340395	0	5143	3789	4085	5340
150340498	0	5139	3780	4075	5369
150340594	0	5129	3770	4089	5340
150340695	0	5106	3756	4071	5340
150340794	0	5148	3770	4066	5359
150340894	0	5162	3780	4052	5364
150340994	0	5158	3785	4094	5359
150341094	0	5143	3780	4071	5368
150341194	0	5129	3770	4075	5359
150341294	0	5143	3756	4094	5363
150341394	0	5148	3766	4085	5368
150341494	0	5129	3799	4085	5369
150341594	0	5139	3766	4094	5368
150341694	0	5139	3766	4089	5350
150341794	0	5120	3775	4085	5373
150341895	0	5153	3770	4080	5369
150341995	0	5134	3780	4085	5355
150342094	0	5162	3775	4061	5355
150342194	0	5129	3775	4066	5368
150342294	0	5158	3770	4061	5350
150342395	0	5153	3813	4071	5345
150342498	0	5115	3766	4057	5391
150342594	0	5153	3766	4061	5382
150342695	0	5143	3770	4071	5373
150342794	0	5125	3761	4075	5364
150342894	0	5143	3775	4085	5350
150342994	0	5148	3766	4089	5373
150343094	0	5153	3766	4094	5364
150343194	0	5129	3766	4085	5355
150343294	0	5134	3775	4080	5363
150343394	0	5148	3766	4094	5369
150343494	0	5153	3762	4089	5369
150343594	0	5158	3785	4089	5326
150343694	0	5139	3738	4075	5345
150343795	0	5153	3785	4085	5387
150343895	0	5148	3766	4071	5377
150343995	0	5139	3762	4080	5363
150344094	0	5139	3770	4094	5350
150344194	0	5125	3752	4085	5350
150344295	0	5139	3762	4075	5345
150344394	0	5139	3766	4094	5355
150344495	0	5143	3738	4061	5322
150344598	0	5125	3762	4103	5364
150344694	0	5101	3756	4080	5359
150344794	0	5125	3738	4052	5369
150344894	0	5120	3756	4085	5387
150344994	0	5148	3756	4103	5387
150345094	0	5139	3761	4089	5355
150345194	0	5139	3762	4080	5377
150345294	0	5129	3757	4099	5420
150345394	0	5148	3756	4085	5396
150345494	0	5134	3761	4103	5359
150345594	0	5167	3803	4099	5336
150345694	0	5143	3775	4094	5382
150345794	0	5143	3770	4085	5359
150345894	0	5153	3762	4066	5396
150345995	0	5139	3766	4071	5373
150346094	0	5129	3752	4071	5369
150346195	0	5153	3756	4103	5345
150346294	0	5162	3748	4085	5340
150346394	0	5162	3761	4066	5363
150346495	0	5153	3766	4085	5382
150346594	0	5153	3794	4075	5391
150346694	0	5143	3756	4075	5406
150346794	0	5172	3789	4066	5368
150346895	0	5148	3794	4080	5377
150346994	0	5148	3761	4066	5377
150347094	0	5129	3762	4052	5326
150347195	0	5143	3761	4085	5368
150347294	0	5139	3766	4085	5364
150347394	0	5148	3756	4052	5364
150347494	0	5148	3762	4075	5350
150347595	0	5134	3789	4080	5369
150347694	0	5139	3762	4052	5369
150347794	0	5134	3757	4089	5336
150347894	0	5120	3757	4089	5345
150347995	0	5139	3766	4089	5369
150348094	0	5139	3770	4080	5369
150348194	0	5097	3756	4089	5391
150348294	0	5139	3761	4108	5363
150348395	0	5120	3775	4085	5364
150348495	0	5129	3780	4099	5369
150348594	0	5125	3762	4103	5377
150348698	0	5125	3756	4113	5340
150348794	0	5143	3762	4089	5350
150348894	0	5162	3761	4094	5363
150348994	0	5158	3757	4071	5364
150349094	0	5134	3766	4085	5345
150349194	0	5162	3766	4089	5396
150349294	0	5158	3761	4061	5322
150349395	0	5134	3785	4085	5364
150349494	0	5129	3785	4094	5336
150349594	0	5167	3775	4089	5355
150349695	0	5125	3770	4094	5415
150349794	0	5162	3770	4094	5368
150349895	0	5129	3757	4089	5355
150349994	0	5153	3748	4075	5364
150350095	0	5125	3785	4099	5350
150350194	0	5143	3770	4089	5373
150350294	0	5125	3756	4089	5340
150350394	0	5153	3803	4066	5369
150350495	0	5158	3775	4071	5368
150350595	0	5139	3752	4075	5340
150350694	0	5139	3752	4061	5312
150350795	0	5134	3775	4089	5377
150350895	0	5143	3785	4075	5363
150350994	0	5158	3770	4080	5340
150351094	0	5158	3761	4099	5387
150351194	0	5162	3761	4080	5368
150351295	0	5134	3752	4080	5410
150351394	0	5153	3748	4038	5363
150351494	0	5153	3770	4080	5363
150351594	0	5148	3756	4061	5377
150351894	0	5158	3775	4085	5284
150351994	0	5167	3775	4080	5345
150352094	0	5153	3766	4089	5340
150352194	0	5162	3762	4089	5363
150352294	0	5153	3785	4061	5364
150352394	0	5143	3752	4075	5294
150352494	0	5153	3757	4071	5369
150352594	0	5148	3756	4047	5364
150352694	0	5134	3780	4066	5340
150352798	0	5153	3789	4057	5350
150352895	0	5143	3766	4066	5364
150352994	0	5153	3748	4085	5382
150353095	0	5153	3766	4075	5364
150353194	0	5158	3775	4071	5345
150353294	0	5153	3766	4066	5377
150353394	0	5158	3766	4057	5355
150353494	0	5148	3762	4057	5317
150353594	0	5148	3762	4075	5345
150353694	0	5134	3757	4085	5355
150353795	0	5129	3766	4113	5312
150353894	0	5143	3757	4103	5340
150353994	0	5158	3770	4094	5373
150354094	0	5162	3785	4099	5345
150354195	0	5134	3775	4094	5387
150354294	0	5125	3752	4094	5368
150354395	0	5158	3738	4085	5359
150354495	0	5139	3757	4075	5345
150354594	0	5158	3766	4080	5359
150354694	0	5139	3770	4052	5396
150354794	0	5125	3770	4075	5391
150354895	0	5162	3775	4057	5308
150354994	0	5158	3756	4066	5369
150355094	0	5139	3766	4089	5369
150355194	0	5153	3766	4094	5382
150355295	0	5143	3785	4080	5289
150355394	0	5101	3748	4075	5373
150355494	0	5158	3762	4080	5326
150355594	0	5106	3813	4094	5345
150355694	0	5143	3766	4085	5369
150355794	0	5106	3756	4099	5373
150355894	0	5134	3761	4071	5368
150355994	0	5158	3761	4075	5364
150356094	0	5134	3775	4080	5368
150356194	0	5139	3766	4075	5345
150356294	0	5125	3780	4061	5364
150356394	0	5101	3808	4075	5289
150356494	0	5143	3785	4075	5350
150356594	0	5092	3799	4080	5345
150356695	0	5125	3775	4080	5382
150356794	0	5125	3780	4071	5350
150356898	0	5115	3775	4089	5355
150356994	0	5153	3775	4080	5345
150357094	0	5139	3761	4075	5359
150357194	0	5125	3785	4080	5345
150357294	0	5125	3756	4061	5368
150357394	0	5158	3738	4080	5368
150357494	0	5153	3757	4071	5350
150357595	0	5143	3761	4085	5340
150357694	0	5134	3803	4057	5345
150357795	0	5158	3756	4085	5382
150357894	0	5148	3762	4071	5368
150357994	0	5158	3762	4089	5350
150358094	0	5148	3761	4089	5368
150358195	0	5148	3785	4052	5369
150358294	0	5111	3775	4071	5368
150358394	0	5129	3817	4108	5350
150358494	0	5129	3817	4085	5359
150358594	0	5181	3761	4052	5363
150358694	0	5148	3757	4094	5377
150358794	0	5129	3757	4103	5355
150358894	0	5143	3766	4080	5363
150358994	0	5129	3757	4080	5368
150359094	0	5158	3752	4080	5420
150359194	0	5143	3766	4118	5350
150359294	0	5143	3762	4099	5340
150359394	0	5134	3748	4094	5377
150359494	0	5148	3766	4071	5410
150359594	0	5129	3766	4085	5331
150359694	0	5148	3770	4089	5336
150359794	0	5139	3752	4108	5308
150359894	0	5153	3743	4085	5350
150359995	0	5115	3766	4080	5359
150400095	0	5120	3780	4061	5387
150400194	0	5139	3757	4057	5368
150400294	0	5115	3757	4085	5369
150400394	0	5111	3770	4080	5322
150400694	0	5139	3775	4057	5312
150400794	0	5139	3775	4089	5387
150400894	0	5143	3770	4080	5363
150400998	0	5129	3770	4071	5345
150401094	0	5153	3762	4099	5363
150401194	0	5129	3780	4071	5368
150401294	0	5111	3780	4057	5359
150401394	0	5129	3770	4080	5350
150401494	0	5153	3761	4075	5340
150401594	0	5125	3803	4075	5364
150401694	0	5143	3761	4075	5317
150401794	0	5158	3775	4071	5340
150401894	0	5125	3803	4075	5345
150401994	0	5153	3766	4085	5350
150402095	0	5139	3799	4075	5359
150402194	0	5125	3770	4080	5303
150402294	0	5125	3770	4089	5345
150402394	0	5148	3756	4099	5350
150402494	0	5139	3766	4089	5369
150402594	0	5101	3789	4089	5382
150402694	0	5148	3766	4094	5364
150402794	0	5115	3789	4080	5359
150402894	0	5158	3780	4089	5326
150402994	0	5153	3762	4080	5373
150403094	0	5139	3780	4080	5363
150403195	0	5125	3780	4071	5387
150403294	0	5111	3794	4052	5322
150403394	0	5153	3756	4108	5340
150403494	0	5143	3780	4052	5359
150403594	0	5134	3766	4071	5345
150403694	0	5143	3780	4085	5368
150403794	0	5125	3794	4085	5368
150403894	0	5111	3813	4089	5294
150403994	0	5143	3756	4057	5355
150404094	0	5162	3761	4089	5369
150404194	0	5158	3775	4075	5387
150404294	0	5153	3780	4089	5294
150404394	0	5148	3770	4103	5345
150404494	0	5172	3761	4080	5368
150404594	0	5125	3770	4075	5345
150404694	0	5125	3761	4075	5298
150404794	0	5158	3770	4094	5331
150404894	0	5162	3770	4080	5373
150404994	0	5162	3785	4099	5363
150405098	0	5120	3770	4089	5284
150405194	0	5129	3775	4075	5345
150405294	0	5153	3770	4075	5336
150405394	0	5148	3757	4085	5308
150405494	0	5139	3803	4089	5364
150405594	0	5153	3780	4099	5350
150405694	0	5139	3775	4089	5363
150405794	0	5129	3785	4080	5364
150405894	0	5143	3756	4094	5363
150405994	0	5148	3775	4094	5317
150406094	0	5134	3770	4089	5355
150406195	0	5129	3799	4085	5289
150406294	0	5125	3756	4075	5340
150406394	0	5115	3770	4075	5350
150406494	0	5125	3785	4075	5373
150406594	0	5120	3756	4094	5369
150406694	0	5153	3785	4103	5396
150406794	0	5134	3780	4075	5312
150406894	0	5153	3743	4075	5364
150406994	0	5129	3780	4080	5363
150407094	0	5158	3761	4089	5401
150407194	0	5120	3761	4075	5345
150407294	0	5129	3775	4094	5289
150407394	0	5134	3775	4108	5359
150407494	0	5134	3775	4089	5364
150407594	0	5120	3785	4094	5355
150407694	0	5120	3780	4080	5345
150407794	0	5120	3785	4075	5391
150407894	0	5125	3775	4099	5368
150407994	0	5139	3785	4066	5340
150408094	0	5129	3748	4094	5364
150408194	0	5162	3775	4066	5368
150408294	0	5101	3775	4075	5364
150408398	0	5129	3770	4071	5359
150408494	0	5158	3785	4080	5364
150408594	0	5148	3789	4085	5377
150408694	0	5162	3756	4080	5308
150408794	0	5115	3766	4071	5363
150408894	0	5148	3748	4075	5369
150408994	0	5158	3766	4066	5373
150409094	0	5162	3780	4094	5340
150409198	0	5139	3756	4071	5355
150409294	0	5167	3761	4089	5322
150409394	0	5139	3770	4103	5350
150409494	0	5148	3803	4113	5345
150409594	0	5148	3761	4085	5363
150409694	0	5139	3775	4103	5364
150409794	0	5125	3827	4113	5345
150409894	0	5158	3794	4085	5359
150409994	0	5115	3799	4085	5355
150410094	0	5092	3780	4094	5369
150410194	0	5148	3799	4085	5359
150410294	0	5162	3761	4103	5363
150410394	0	5125	3756	4094	5345
150410494	0	5139	3808	4094	5373
150410594	0	5101	3785	4094	5355
150410694	0	5120	3789	4089	5340
150410794	0	5097	3789	4085	5355
150410894	0	5139	3756	4099	5363
150410994	0	5153	3789	4061	5373
150411194	0	5148	3770	4089	5355
150411294	0	5167	3789	4075	5345
150411394	0	5148	3780	4089	5373
150411494	0	5143	3789	4094	5355
150411594	0	5129	3761	4089	5377
150411694	0	5101	3794	4089	5336
150411794	0	5143	3780	4085	5368
150411893	0	5120	3761	4089	5363
150411994	0	5125	3756	4089	5359
150412094	0	5143	3775	4089	5345
150412195	0	5129	3761	4094	5326
150412294	0	5148	3766	4080	5326
150412394	0	5148	3761	4085	5368
150412494	0	5167	3789	4099	5336
150412594	0	5139	3785	4099	5368
150412694	0	5153	3775	4085	5326
150412794	0	5158	3785	4099	5363
150412993	0	5143	3770	4089	5382
150413094	0	5153	3756	4113	5396
150413194	0	5143	3761	4103	5373
150413295	0	5143	3794	4103	5359
150413394	0	5186	3766	4113	5312
150413494	0	5167	3780	4122	5345
150413593	0	5129	3766	4118	5364
150413694	0	5148	3770	4099	5345
150413794	0	5153	3766	4122	5382
150413894	0	5148	3775	4108	5364
150413994	0	5125	3756	4132	5369
150414094	0	5129	3766	4132	5373
150414194	0	5139	3743	4103	5373
150414294	0	5139	3756	4108	5350
150414393	0	5148	3752	4132	5303
150414494	0	5143	3756	4202	5355
150414593	0	5162	3743	4193	5359
150414694	0	5125	3766	4291	5364
150414794	0	5148	3799	4254	5387
150414894	0	5139	3738	4473	5359
150414994	0	5111	3761	4371	5369
150415094	0	5143	3775	4169	5359
150415194	0	5139	3785	4155	5369
150415293	0	5143	3761	4103	5331
150415393	0	5162	3775	4094	5373
150415493	0	5153	3775	4071	5364
150415594	0	5148	3775	4099	5369
150415694	0	5120	3743	4103	5382
150415794	0	5158	3761	4089	5364
150415893	0	5143	3761	4089	5368
150415994	0	5158	3761	4103	5363
150416094	0	5120	3743	4268	5331
150416194	0	5148	3766	4380	5364
150416294	0	5129	3762	4441	5322
150416394	0	5115	3794	4511	5355
150416494	0	5139	3748	4404	5350
150416594	0	5125	3761	4394	5331
150416694	0	5120	3789	4450	5340
150416795	0	5106	3766	4404	5369
150416894	0	5162	3761	4376	5359
150416994	0	5148	3766	4417	5363
150417094	0	5143	3808	4277	5326
150417194	0	5134	3799	4249	5340
150417294	0	5115	3756	4211	5336
150417398	0	5129	3748	4160	5359
150417494	0	5092	3752	4230	5350
150417594	0	5120	3756	4197	5308
150417694	0	5120	3780	4282	5350
150417794	0	5115	3761	4235	5355
150417894	0	5120	3748	4216	5237
150417994	0	5148	3738	4268	5340
150418094	0	5101	3757	4347	5359
150418194	0	5101	3770	4380	5345
150418294	0	5125	3761	4371	5363
150418393	0	5148	3734	4315	5368
150418494	0	5153	3757	4315	5355
150418594	0	5158	3762	4338	5387
150418694	0	5143	3775	4315	5312
150418794	0	5162	3752	4263	5368
150418894	0	5162	3766	4305	5355
150418994	0	5143	3762	4272	5355
150419094	0	5139	3756	4286	5298
150419193	0	5162	3770	4366	5355
150419294	0	5167	3743	4315	5359
150419394	0	5143	3780	4380	5336
150419494	0	5125	3748	4286	5331
150419594	0	5115	3761	4300	5377
150419694	0	5158	3780	4319	5350
150419794	0	5134	3766	4329	5331
150419894	0	5148	3743	4319	5294
150419994	0	5148	3743	4366	5364
150420094	0	5129	3762	4324	5364
150420194	0	5083	3748	4357	5340
150420294	0	5111	3752	4376	5364
150420394	0	5153	3762	4305	5336
150420494	0	5148	3738	4319	5345
150420594	0	5143	3761	4398	5364
150420694	0	5120	3780	4333	5345
150420794	0	5106	3743	4347	5355
150420894	0	5153	3762	4366	5340
150420994	0	5101	3752	4343	5355
150421094	0	5148	3775	4305	5364
150421193	0	5148	3762	4343	5350
150421294	0	5153	3761	4371	5387
150421394	0	5139	3775	4408	5331
150421496	0	5153	3762	4282	5340
150421594	0	5125	3766	4361	5368
150421694	0	5129	3748	4324	5289
150421794	0	5162	3770	4300	5363
150421894	0	5139	3752	4385	5270
150421993	0	5158	3752	4343	5359
150422093	0	5143	3738	4329	5364
150422194	0	5148	3766	4277	5363
150422294	0	5139	3780	4338	5326
150422393	0	5115	3752	4343	5368
150422494	0	5134	3743	4286	5406
150422594	0	5162	3743	4263	5233
150422694	0	5129	3738	4315	5336
150422794	0	5134	3766	4329	5368
150422894	0	5139	3775	4286	5359
150422994	0	5148	3789	4319	5359
150423094	0	5115	3743	4235	5312
150423394	0	5111	3757	4239	5363
150423494	0	5153	3775	4263	5368
150423594	0	5139	3752	4352	5377
150423694	0	5106	3761	4319	5387
150423794	0	5125	3757	4310	5294
150423894	0	5125	3743	4315	5326
150423994	0	5139	3762	4315	5308
150424094	0	5129	3799	4239	5336
150424194	0	5125	3729	4305	5382
150424294	0	5111	3756	4361	5373
150424394	0	5153	3775	4324	5373
150424494	0	5153	3762	4329	5373
150424594	0	5158	3780	4380	5359
150424694	0	5143	3780	4385	5331
150424793	0	5162	3748	4319	5377
150424894	0	5162	3752	4361	5350
150424994	0	5139	3743	4371	5350
150425094	0	5143	3752	4338	5355
150425194	0	5148	3743	4244	5317
150425294	0	5125	3738	4268	5391
150425394	0	5111	3770	4376	5373
150425494	0	5139	3785	4329	5369
150425596	0	5158	3752	4333	5359
150425694	0	5158	3757	4371	5373
150425794	0	5158	3752	4254	5355
150425894	0	5153	3789	4319	5368
150425993	0	5125	3775	4366	5359
150426094	0	5158	3743	4300	5369
150426193	0	5129	3734	4343	5312
150426294	0	5139	3762	4244	5350
150426394	0	5129	3775	4268	5256
150426494	0	5158	3785	4263	5322
150426594	0	5139	3762	4207	5355
150426894	0	5129	3752	4249	5368
150426994	0	5139	3743	4230	5336
150427094	0	5101	3752	4263	5331
150427194	0	5129	3756	4258	5368
150427294	0	5125	3766	4305	5355
150427394	0	5115	3785	4291	5322
150427494	0	5143	3775	4291	5350
150427594	0	5125	3762	4263	5345
150427694	0	5111	3743	4296	5377
150427794	0	5125	3766	4286	5373
150427894	0	5134	3799	4254	5368
150427993	0	5148	3756	4197	5368
150428094	0	5134	3770	4268	5350
150428194	0	5167	3762	4282	5312
150428294	0	5115	3762	4230	5345
150428394	0	5139	3752	4216	5317
150428494	0	5115	3770	4258	5294
150428594	0	5158	3780	4183	5340
150428694	0	5125	3785	4207	5368
150428794	0	5172	3780	4254	5373
150428894	0	5148	3766	4333	5294
150428994	0	5162	3756	4272	5369
150429094	0	5125	3761	4225	5363
150429194	0	5148	3762	4249	5237
150429293	0	5148	3775	4254	5359
150429394	0	5148	3799	4249	5303
150429493	0	5134	3748	4249	5270
150429594	0	5139	3756	4202	5340
150429695	0	5139	3757	4211	5331
150429794	0	5101	3785	4249	5373
150429894	0	5115	3794	4244	5350
150429994	0	5148	3734	4239	5340
150430094	0	5129	3794	4225	5382
150430193	0	5139	3752	4239	5373
150430294	0	5153	3780	4319	5256
150430394	0	5158	3780	4225	5373
150430494	0	5153	3789	4249	5364
150430594	0	5120	3752	4258	5355
150430693	0	5134	3789	4263	5326
150430794	0	5125	3761	4282	5294
150430894	0	5148	3748	4235	5336
150430994	0	5153	3752	4193	5363
150431093	0	5125	3752	4268	5368
150431194	0	5139	3762	4258	5336
150431294	0	5125	3757	4239	5363
150431394	0	5139	3789	4235	5355
150431494	0	5158	3766	4239	5308
150431593	0	5125	3756	4244	5369
150431694	0	5111	3789	4225	5359
150431794	0	5097	3761	4183	5340
150431894	0	5139	3756	4197	5298
150431994	0	5111	3785	4211	5377
150432093	0	5134	3752	4254	5326
150432194	0	5139	3757	4244	5364
150432293	0	5097	3757	4230	5270
150432394	0	5143	3748	4202	5359
150432494	0	5153	3738	4211	5368
150432593	0	5106	3794	4244	5369
150432695	0	5125	3789	4268	5317
150432794	0	5139	3757	4216	5368
150432894	0	5139	3752	4221	5364
150432994	0	5148	3757	4300	5331
150433094	0	5125	3757	4282	5364
150433194	0	5125	3799	4249	5363
150433294	0	5148	3743	4244	5331
150433394	0	5158	3757	4225	5322
150433494	0	5139	3743	4249	5355
150433594	0	5148	3757	4244	5401
150433694	0	5139	3743	4230	5359
150433796	0	5129	3762	4239	5312
150433894	0	5143	3799	4272	5275
150433994	0	5125	3766	4272	5364
150434093	0	5134	3738	4272	5364
150434194	0	5148	3752	4235	5275
150434298	0	5129	3762	4272	5364
150434394	0	5162	3757	4296	5326
150434494	0	5120	3748	4221	5377
150434594	0	5120	3785	4249	5345
150434694	0	5143	3780	4296	5336
150434794	0	5162	3789	4286	5387
150434894	0	5125	3748	4239	5322
150434994	0	5134	3752	4296	5364
150435094	0	5158	3799	4235	5364
150435194	0	5139	3757	4230	5369
150435294	0	5158	3752	4244	5369
150435394	0	5158	3775	4239	5391
150435494	0	5115	3780	4258	5369
150435594	0	5162	3766	4244	5364
150435693	0	5125	3761	4216	5359
150435794	0	5120	3748	4258	5396
150435894	0	5115	3743	4258	5364
150435994	0	5134	3775	4239	5364
150436094	0	5129	3775	4239	5364
150436194	0	5139	3785	4249	5363
150436294	0	5139	3738	4272	5369
150436393	0	5167	3794	4258	5401
150436494	0	5153	3808	4254	5256
150436594	0	5134	3757	4249	5350
150436693	0	5129	3766	4272	5373
150436794	0	5139	3770	4244	5368
150436894	0	5111	3766	4254	5251
150436994	0	5162	3775	4268	5369
150437093	0	5153	3762	4286	5261
150437193	0	5143	3770	4282	5345
150437294	0	5139	3757	4357	5377
150437394	0	5143	3766	4272	5308
150437494	0	5153	3813	4338	5247
150437594	0	5125	3780	4319	5401
150437694	0	5120	3789	4319	5350
150437794	0	5158	3770	4310	5350
150437896	0	5111	3766	4329	5368
150437994	0	5148	3780	4296	5373
150438094	0	5162	3785	4254	5322
150438193	0	5120	3743	4272	5261
150438294	0	5111	3761	4300	5275
150438393	0	5143	3785	4277	5364
150438494	0	5162	3789	4333	5382
150438594	0	5172	3766	4296	5317
150438694	0	5167	3789	4361	5331
150438793	0	5120	3756	4357	5368
150438893	0	5148	3748	4282	5363
150438994	0	5143	3808	4300	5368
150439094	0	5167	3757	4371	5280
150439193	0	5129	3761	4282	5322
150439294	0	5139	3761	4319	5359
150439394	0	5153	3743	4296	5373
150439494	0	5134	3757	4324	5326
150439594	0	5148	3766	4282	5350
150439694	0	5129	3757	4254	5355
150439794	0	5134	3738	4319	5363
150439894	0	5111	3789	4277	5368
150439994	0	5120	3785	4254	5317
150440094	0	5134	3789	4286	5345
150440194	0	5139	3756	4310	5373
150440294	0	5158	3756	4263	5369
150440394	0	5153	3748	4277	5355
150440494	0	5162	3780	4263	5326
150440594	0	5148	3770	4343	5369
150440694	0	5125	3752	4268	5396
150440793	0	5148	3766	4315	5355
150440894	0	5101	3803	4305	5355
150440994	0	5158	3752	4263	5363
150441093	0	5115	3770	4244	5364
150441194	0	5120	3757	4249	5364
150441294	0	5134	3762	4244	5331
150441394	0	5158	3757	4263	5359
150441494	0	5162	3766	4249	5364
150441594	0	5143	3743	4244	5369
150441694	0	5129	3762	4221	5355
150441794	0	5139	3756	4197	5377
150441893	0	5134	3757	4202	5359
150441996	0	5167	3757	4197	5382
150442093	0	5106	3756	4211	5382
150442194	0	5143	3770	4150	5359
150442293	0	5148	3762	4164	5345
150442393	0	5148	3762	4146	5331
150442494	0	5134	3761	4179	5363
150442594	0	5129	3757	4141	5368
150442693	0	5115	3780	4150	5391
150442793	0	5139	3748	4132	5377
150442893	0	5134	3748	4141	5373
150442993	0	5143	3761	4141	5345
150443094	0	5129	3766	4155	5373
150443193	0	5172	3766	4103	5369
150443294	0	5153	3775	4122	5377
150443393	0	5158	3794	4160	5355
150443494	0	5158	3799	4118	5368
150443594	0	5143	3789	4141	5369
150443694	0	5129	3762	4141	5326
150443793	0	5148	3770	4132	5363
150443893	0	5153	3780	4188	5363
150443994	0	5153	3766	4132	5382
150444093	0	5167	3761	4136	5369
150444193	0	5115	3756	4160	5410
150444294	0	5167	3752	4164	5326
150444394	0	5139	3762	4146	5364
150444493	0	5162	3770	4193	5350
150444594	0	5167	3752	4146	5317
150444694	0	5143	3775	4183	5331
150444794	0	5148	3757	4179	5350
150444893	0	5111	3748	4141	5363
150444994	0	5148	3757	4183	5369
150445094	0	5139	3775	4155	5382
150445194	0	5153	3775	4146	5355
150445293	0	5129	3757	4179	5355
150445393	0	5143	3761	4183	5359
150445493	0	5153	3803	4188	5340
150445593	0	5120	3756	4183	5369
150445694	0	5148	3766	4179	5355
150445794	0	5120	3756	4211	5373
150445894	0	5148	3752	4174	5391
150445994	0	5158	3770	4174	5317
150446095	0	5148	3757	4179	5363
150446193	0	5134	3780	4211	5331
150446294	0	5148	3762	4160	5350
150446394	0	5125	3756	4179	5382
150446494	0	5125	3762	4160	5308
150446593	0	5111	3762	4174	5368
150446694	0	5097	3762	4174	5326
150446794	0	5158	3770	4202	5369
150446893	0	5139	3780	4160	5382
150446994	0	5134	3780	4132	5275
150447093	0	5139	3756	4188	5359
150447194	0	5111	3780	4179	5275
150447294	0	5129	3756	4160	5382
150447394	0	5148	3789	4211	5275
150447493	0	5134	3756	4221	5340
150447594	0	5134	3743	4150	5340
150447694	0	5106	3762	4164	5331
150447794	0	5153	3770	4179	5345
150447894	0	5129	3766	4174	5364
150447993	0	5148	3756	4160	5350
150448093	0	5125	3748	4202	5364
150448194	0	5158	3770	4188	5377
150448293	0	5167	3766	4207	5270
150448394	0	5153	3761	4146	5369
150448494	0	5172	3766	4169	5340
150448594	0	5115	3752	4164	5377
150448693	0	5115	3761	4207	5331
150448794	0	5134	3748	4164	5345
150448894	0	5111	3757	4193	5312
150448994	0	5120	3761	4164	5364
150449093	0	5143	3756	4207	5355
150449194	0	5129	3775	4183	5355
150449293	0	5139	3756	4183	5368
150449393	0	5143	3762	4188	5345
150449493	0	5129	3761	4197	5391
150449594	0	5153	3761	4179	5322
150449693	0	5129	3775	4155	5369
150449793	0	5158	3785	4160	5368
150449893	0	5167	3775	4169	5396
150449993	0	5153	3757	4183	5355
150450094	0	5148	3748	4169	5340
150450197	0	5134	3766	4169	5368
150450293	0	5134	3766	4174	5359
150450393	0	5153	3766	4146	5355
150450494	0	5129	3761	4188	5350
150450594	0	5125	3775	4169	5331
150450693	0	5153	3756	4174	5369
150450893	0	5143	3775	4183	5326
150450994	0	5143	3757	4164	5363
150451094	0	5153	3770	4221	5406
150451193	0	5129	3775	4174	5364
150451293	0	5111	3748	4136	5382
150451394	0	5129	3762	4136	5331
150451493	0	5143	3761	4141	5317
150451594	0	5148	3756	4174	5363
150451694	0	5176	3766	4155	5336
150451794	0	5139	3757	4179	5359
150451893	0	5153	3761	4160	5363
150451994	0	5139	3780	4141	5373
150452094	0	5139	3766	4132	5369
150452194	0	5139	3770	4141	5368
150452294	0	5092	3756	4150	5345
150452394	0	5162	3756	4155	5391
150452494	0	5101	3775	4183	5363
150452594	0	5148	3752	4169	5355
150452694	0	5143	3762	4155	5345
150452794	0	5162	3762	4150	5382
150452893	0	5153	3748	4136	5317
150452994	0	5129	3761	4164	5350
150453093	0	5139	3756	4132	5355
150453193	0	5139	3794	4141	5298
150453293	0	5143	3762	4169	5391
150453394	0	5115	3748	4122	5336
150453493	0	5134	3757	4160	5369
150453593	0	5158	3785	4136	5364
150453693	0	5143	3757	4141	5369
150453794	0	5134	3770	4179	5368
150453894	0	5143	3748	4174	5280
150453994	0	5153	3789	4122	5355
150454093	0	5172	3762	4150	5368
150454193	0	5134	3757	4127	5317
150454298	0	5162	3756	4188	5345
150454393	0	5153	3757	4169	5355
150454494	0	5125	3770	4160	5345
150454593	0	5148	3761	4155	5382
150454693	0	5143	3770	4174	5373
150454794	0	5148	3761	4164	5359
150454894	0	5148	3794	4160	5373
150454994	0	5148	3762	4164	5368
150455094	0	5158	3780	4155	5350
150455194	0	5125	3762	4174	5368
150455294	0	5139	3766	4155	5373
150455393	0	5167	3748	4169	5336
150455493	0	5181	3762	4179	5331
150455594	0	5186	3780	4197	5359
150455694	0	5120	3752	4160	5317
150455794	0	5148	3748	4183	5369
150455894	0	5153	3766	4183	5355
150455993	0	5153	3766	4174	5355
150456094	0	5153	3766	4150	5363
150456193	0	5143	3785	4174	5369
150456294	0	5153	3775	4160	5345
150456393	0	5153	3785	4146	5345
150456493	0	5148	3762	4193	5377
150456594	0	5106	3770	4183	5303
150456694	0	5158	3770	4179	5391
150456794	0	5139	3762	4146	5401
150456894	0	5162	3770	4164	5401
150456994	0	5158	3799	4141	5280
150457093	0	5115	3757	4174	5298
150457194	0	5139	3766	4174	5359
150457292	0	5125	3766	4179	5359
150457393	0	5153	3770	4169	5331
150457493	0	5162	3752	4207	5363
150457594	0	5148	3785	4146	5382
150457693	0	5134	3766	4160	5359
150457791	0	5172	3770	4193	5350
150457893	0	5134	3756	4202	5364
150457994	0	5115	3757	4207	5340
150458093	0	5129	3762	4188	5350
150458193	0	5153	3794	4179	5345
150458291	0	5167	3799	4188	5369
150458397	0	5153	3785	4174	5368
150458493	0	5134	3762	4179	5377
150458594	0	5134	3761	4155	5391
150458691	0	5115	3770	4155	5364
150458793	0	5167	3757	4164	5369
150458893	0	5153	3789	4207	5345
150458993	0	5153	3761	4183	5382
150459093	0	5139	3752	4160	5364
150459194	0	5162	3762	4169	5350
150459294	0	5129	3770	4188	5326
150459391	0	5139	3762	4183	5298
150459494	0	5134	3752	4225	5336
150459593	0	5148	3766	4221	5322
150459694	0	5111	3748	4202	5317
150459791	0	5115	3748	4193	5340
150459893	0	5162	3766	4188	5336
150459993	0	5148	3757	4160	5340
150500094	0	5148	3775	4230	5322
150500191	0	5134	3761	4150	5359
150500293	0	5125	3770	4197	5396
150500394	0	5148	3770	4179	5326
150500494	0	5153	3761	4169	5368
150500594	0	5101	3770	4179	5345
150500693	0	5129	3761	4235	5345
150500791	0	5129	3780	4174	5340
150500894	0	5134	3743	4188	5364
150500992	0	5120	3794	4221	5387
150501094	0	5134	3761	4193	5363
150501193	0	5139	3766	4150	5369
150501293	0	5148	3756	4216	5359
150501394	0	5153	3761	4169	5303
150501493	0	5139	3761	4155	5298
150501592	0	5139	3785	4169	5377
150501693	0	5120	3766	4179	5355
150501794	0	5158	3761	4160	5350
150501893	0	5139	3775	4193	5345
150501991	0	5115	3770	4160	5331
150502093	0	5158	3775	4207	5326
150502191	0	5143	3766	4155	5363
150502293	0	5158	3756	4188	5368
150502394	0	5143	3785	4174	5350
150502496	0	5101	3770	4174	5364
150502593	0	5148	3770	4174	5336
150502693	0	5120	3761	4216	5368
150502791	0	5143	3770	4164	5363
150502894	0	5139	3756	4188	5368
150502994	0	5162	3748	4193	5350
150503094	0	5143	3757	4249	5364
150503192	0	5139	3756	4202	5369
150503292	0	5092	3822	4221	5336
150503391	0	5125	3803	4221	5373
150503493	0	5125	3761	4225	5377
150503592	0	5143	3761	4188	5303
150503694	0	5153	3762	4235	5331
150503791	0	5172	3757	4225	5317
150503894	0	5153	3789	4197	5364
150503994	0	5162	3748	4225	5331
150504094	0	5101	3761	4235	5350
150504193	0	5101	3766	4239	5359
150504294	0	5148	3752	4258	5364
150504391	0	5153	3734	4258	5261
150504494	0	5106	3756	4225	5368
150504594	0	5158	3761	4239	5355
150504692	0	5148	3761	4216	5298
150504792	0	5106	3748	4193	5317
150504894	0	5139	3756	4197	5350
150504993	0	5143	3770	4197	5350
150505093	0	5139	3762	4197	5280
150505194	0	5134	3799	4197	5369
150505294	0	5167	3785	4216	5317
150505393	0	5134	3761	4183	5294
150505492	0	5092	3762	4193	5364
150505593	0	5158	3752	4211	5331
150505693	0	5162	3775	4207	5373
150505793	0	5139	3752	4197	5368
150505894	0	5120	3780	4207	5364
150505994	0	5143	3775	4225	5326
150506093	0	5134	3770	4197	5369
150506193	0	5167	3743	4244	5331
150506293	0	5120	3766	4230	5369
150506391	0	5158	3789	4258	5336
150506493	0	5139	3762	4174	5294
150506595	0	5143	3775	4183	5280
150506691	0	5143	3775	4164	5284
150506793	0	5143	3761	4216	5377
150506893	0	5120	3770	4211	5364
150506993	0	5134	3799	4179	5363
150507094	0	5158	3775	4202	5387
150507194	0	5158	3757	4211	5359
150507293	0	5134	3757	4183	5340
150507393	0	5167	3762	4207	5345
150507494	0	5139	3766	4169	5345
150507593	0	5162	3752	4207	5382
150507693	0	5153	3762	4197	5308
150507793	0	5153	3756	4183	5355
150507892	0	5148	3752	4150	5373
150507993	0	5134	3785	4174	5368
150508092	0	5167	3756	4235	5284
150508194	0	5158	3770	4211	5359
150508292	0	5162	3775	4183	5359
150508394	0	5162	3770	4183	5345
150508494	0	5167	3757	4155	5289
150508593	0	5148	3757	4202	5387
150508691	0	5153	3757	4169	5382
150508794	0	5134	3785	4160	5275
150508893	0	5143	3757	4197	5326
150508993	0	5120	3756	4207	5387
150509093	0	5143	3762	4160	5345
150509193	0	5158	3766	4193	5336
150509292	0	5087	3766	4183	5340
150509393	0	5134	3770	4188	5312
150509494	0	5101	3813	4193	5377
150509594	0	5139	3789	4174	5317
150509691	0	5148	3770	4183	5401
150509794	0	5129	3757	4221	5317
150509893	0	5125	3789	4188	5369
150509994	0	5125	3756	4188	5369
150510091	0	5148	3775	4216	5303
150510193	0	5129	3757	4193	5363
150510293	0	5153	3761	4197	5322
150510391	0	5134	3794	4188	5355
150510494	0	5111	3766	4202	5350
150510594	0	5129	3756	4202	5364
150510696	0	5139	3757	4179	5377
150510792	0	5148	3762	4183	5373
150510891	0	5139	3766	4150	5359
150510994	0	5139	3762	4179	5406
150511094	0	5106	3724	4169	5363
150511193	0	5162	3780	4174	5355
150511291	0	5111	3766	4225	5345
150511392	0	5115	3762	4225	5368
150511493	0	5148	3757	4221	5289
150511593	0	5158	3770	4244	5368
150511691	0	5134	3770	4239	5312
150511792	0	5134	3756	4207	5391
150511894	0	5111	3761	4239	5387
150511993	0	5115	3794	4113	5350
150512093	0	5129	3762	4146	5387
150512194	0	5125	3743	4174	5355
150512294	0	5153	3761	4136	5364
150512391	0	5129	3762	4127	5364
150512494	0	5120	3752	4164	5363
150512592	0	5153	3756	4150	5303
150512691	0	5106	3766	4136	5391
150512793	0	5106	3762	4169	5294
150512893	0	5106	3785	4132	5377
150512991	0	5162	3770	4164	5377
150513093	0	5120	3761	4211	5340
150513194	0	5143	3757	4202	5373
150513293	0	5158	3757	4249	5317
150513393	0	5143	3770	4254	5406
150513491	0	5153	3757	4258	5363
150513593	0	5125	3748	4207	5345
150513693	0	5115	3738	4188	5340
150513791	0	5139	3766	4357	5345
150513894	0	5139	3762	4272	5340
150513993	0	5153	3789	4249	5359
150514094	0	5125	3757	4225	5336
150514193	0	5129	3762	4666	5308
150514293	0	5158	3748	4174	5312
150514393	0	5143	3761	5012	5350
150514493	0	5129	3775	4268	5382
150514593	0	5120	3761	4300	5373
150514693	0	5139	3757	4286	5350
150514795	0	5129	3808	4310	5340
150514892	0	5120	3766	4305	5368
150514993	0	5148	3752	4239	5359
150515091	0	5143	3748	4183	5355
150515191	0	5125	3743	4207	5363
150515294	0	5172	3748	4174	5363
150515393	0	5153	3775	4183	5377
150515491	0	5125	3752	4225	5359
150515591	0	5162	3762	4211	5275
150515692	0	5134	3748	4216	5350
150515794	0	5134	3770	4230	5387
150515893	0	5111	3757	4197	5336
150515991	0	5143	3762	4179	5373
150516091	0	5162	3766	4221	5359
150516191	0	5162	3762	4277	5280
150516291	0	5158	3762	4254	5265
150516391	0	5111	3766	4249	5350
150516493	0	5139	3743	4268	5363
150516591	0	5139	3775	4221	5377
150516693	0	5092	3757	4174	5373
150516793	0	5172	3752	4225	5364
150516893	0	5139	3757	4230	5368
150516994	0	5162	3756	4183	5377
150517091	0	5087	3762	4160	5340
150517193	0	5158	3766	4230	5369
150517294	0	5153	3757	4193	5345
150517393	0	5162	3789	4239	5331
150517493	0	5148	3743	4207	5355
150517593	0	5143	3762	4207	5345
150517693	0	5134	3794	4202	5363
150517794	0	5162	3757	4216	5364
150517894	0	5083	3770	4230	5401
150517993	0	5162	3743	4291	5350
150518093	0	5134	3766	4225	5355
150518193	0	5153	3748	4211	5345
150518292	0	5143	3738	4207	5340
150518391	0	5153	3748	4211	5326
150518493	0	5120	3752	4235	5355
150518591	0	5087	3757	4239	5331
150518694	0	5106	3762	4202	5340
150518793	0	5106	3762	4160	5355
150518896	0	5143	3743	4235	5369
150518994	0	5115	3748	4188	5368
150519093	0	5092	3748	4244	5364
150519193	0	5134	3766	4169	5345
150519293	0	5101	3752	4239	5359
150519391	0	5125	3757	4216	5359
150519492	0	5153	3748	4249	5275
150519591	0	5134	3762	4193	5359
150519694	0	5106	3775	4221	5369
150519791	0	5134	3738	4216	5350
150519893	0	5158	3738	4254	5350
150519993	0	5148	3738	4202	5345
150520093	0	5134	3770	4249	5345
150520193	0	5148	3748	4211	5317
150520293	0	5101	3770	4193	5350
150520393	0	5139	3734	4202	5345
150520493	0	5176	3762	4183	5364
150520593	0	5153	3785	4225	5359
150520693	0	5148	3748	4174	5369
150520791	0	5129	3748	4239	5359
150520891	0	5134	3756	4263	5265
150520994	0	5134	3748	4197	5317
150521093	0	5148	3752	4202	5373
150521193	0	5139	3766	4216	5369
150521291	0	5139	3756	4239	5355
150521393	0	5134	3752	4211	5303
150521493	0	5158	3761	4225	5364
150521593	0	5172	3766	4254	5364
150521691	0	5139	3766	4249	5364
150521793	0	5134	3775	4221	5355
150521891	0	5158	3799	4277	5369
150521993	0	5143	3775	4216	5363
150522092	0	5162	3738	4244	5284
150522192	0	5134	3724	4188	5289
150522293	0	5125	3724	4249	5382
150522394	0	5143	3757	4202	5359
150522493	0	5139	3780	4249	5368
150522591	0	5134	3734	4179	5317
150522691	0	5148	3789	4225	5294
150522791	0	5153	3762	4179	5355
150522894	0	5106	3757	4225	5377
150522995	0	5125	3752	4300	5382
150523093	0	5139	3738	4207	5308
150523192	0	5139	3766	4239	5308
150523291	0	5167	3761	4258	5359
150523393	0	5134	3761	4197	5322
150523493	0	5167	3752	4258	5382
150523592	0	5143	3762	4310	5355
150523692	0	5153	3761	4211	5331
150523793	0	5148	3770	4197	5355
150523893	0	5158	3785	4244	5350
150523993	0	5129	3748	4221	5331
150524091	0	5158	3756	4179	5350
150524191	0	5134	3789	4235	5373
150524291	0	5153	3757	4193	5373
150524393	0	5143	3756	4282	5369
150524493	0	5097	3752	4225	5345
150524591	0	5148	3761	4108	5364
150524691	0	5120	3780	4122	5317
150524793	0	5125	3761	4160	5298
150524891	0	5125	3748	4136	5350
150524993	0	5158	3762	4160	5340
150525091	0	5158	3756	4127	5369
150525194	0	5083	3762	4141	5368
150525293	0	5101	3761	4108	5359
150525394	0	5101	3775	4103	5331
150525494	0	5087	3761	4118	5345
150525592	0	5120	3775	4113	5331
150525693	0	5143	3743	4211	5373
150525791	0	5097	3752	4225	5368
150525893	0	5125	3752	4230	5364
150525994	0	5134	3757	4258	5340
150526097	0	5111	3775	4225	5355
150526193	0	5139	3766	4141	5326
150526293	0	5143	3789	4225	5359
150526391	0	5143	3762	4197	5359
150526493	0	5153	3757	4221	5331
150526593	0	5115	3743	4225	5363
150526691	0	5125	3770	4225	5382
150526791	0	5148	3756	4207	5369
150526893	0	5143	3756	4164	5355
150526991	0	5139	3752	4211	5396
150527096	0	5153	3762	4221	5355
150527193	0	5162	3748	4207	5369
150527293	0	5143	3775	4244	5369
150527393	0	5078	3748	4221	5373
150527493	0	5148	3748	4239	5326
150527593	0	5101	3770	4230	5369
150527693	0	5158	3780	4225	5368
150527793	0	5153	3770	4225	5373
150527893	0	5097	3748	4263	5340
150527991	0	5115	3761	4193	5364
150528092	0	5097	3757	4225	5391
150528193	0	5101	3757	4183	5336
150528291	0	5158	3734	4169	5364
150528393	0	5153	3761	4286	5369
150528491	0	5139	3748	4268	5369
150528593	0	5120	3757	4291	5317
150528691	0	5158	3770	4244	5355
150528793	0	5158	3748	4235	5355
150528891	0	5148	3748	4230	5261
150528993	0	5162	3756	4310	5377
150529093	0	5172	3775	4347	5364
150529193	0	5120	3756	4366	5336
150529292	0	5111	3775	4291	5364
150529393	0	5115	3738	4324	5355
150529493	0	5134	3756	4268	5369
150529591	0	5087	3770	4225	5331
150529694	0	5143	3752	4277	5345
150529793	0	5097	3757	4174	5331
150529893	0	5125	3766	4225	5345
150529993	0	5134	3743	4216	5364
150530091	0	5139	3757	4188	5326
150530194	0	5167	3757	4221	5350
150530293	0	5148	3770	4225	5345
150530393	0	5101	3743	4230	5322
150530493	0	5143	3762	4141	5369
150530593	0	5129	3757	4211	5350
150530693	0	5125	3748	4230	5363
150530793	0	5106	3780	4216	5359
150530891	0	5134	3803	4179	5377
150530993	0	5092	3756	4258	5331
150531093	0	5101	3761	4216	5350
150531195	0	5111	3743	4296	5350
150531293	0	5125	3794	4225	5284
150531394	0	5106	3799	4272	5308
150531491	0	5129	3748	4221	5363
150531593	0	5139	3762	4638	5294
150531691	0	5120	3752	4296	5326
150531793	0	5101	3757	4699	5359
150531893	0	5162	3752	4591	5363
150531993	0	5106	3743	4305	5294
150532093	0	5153	3762	4319	5317
150532194	0	5134	3761	5115	5345
150532293	0	5139	3743	5040	5340
150532393	0	5111	3738	4329	5303
150532493	0	5120	3762	4319	5322
150532593	0	5106	3743	4581	5364
150532693	0	5162	3738	4333	5331
150532793	0	5129	3756	4366	5350
150532893	0	5139	3752	4347	5363
150532993	0	5120	3743	4249	5350
150533093	0	5115	3794	4319	5355
150533193	0	5101	3762	4286	5363
150533293	0	5162	3752	4520	5340
150533393	0	5153	3752	4263	5363
150533493	0	5129	3743	5387	5364
150533593	0	5158	3748	4254	5303
150533694	0	5115	3752	4666	5359
150533793	0	5139	3748	4197	5340
150533893	0	5134	3743	4572	5350
150533993	0	5158	3752	4638	5359
150534093	0	5167	3756	4244	5377
150534193	0	5106	3757	4534	5364
150534293	0	5153	3752	4277	5359
150534393	0	5153	3761	4277	5364
150534493	0	5120	3766	4642	5340
150534593	0	5153	3748	5068	5373
150534693	0	5167	3756	4300	5336
150534793	0	5162	3775	4305	5340
150534893	0	5120	3775	4647	5336
150534993	0	5167	3743	5045	5336
150535093	0	5139	3738	4361	5355
150535193	0	5101	3748	4516	5350
150535295	0	5167	3756	4333	5350
150535393	0	5153	3757	4277	5336
150535493	0	5125	3761	4310	5275
150535593	0	5125	3761	5350	5350
150535693	0	5129	3756	4333	5280
150535793	0	5143	3766	4324	5340
150535893	0	5097	3766	4310	5368
150535993	0	5129	3734	4268	5322
150536093	0	5148	3785	4642	5312
150536193	0	5120	3761	4347	5363
150536293	0	5129	3757	4258	5350
150536393	0	5139	3756	4272	5280
150536493	0	5087	3752	4249	5359
150536593	0	5139	3743	4291	5368
150536693	0	5106	3748	4230	5363
150536794	0	5111	3766	4539	5368
150536893	0	5143	3757	4277	5350
150536993	0	5162	3756	4249	5359
150537093	0	5158	3757	4338	5340
150537194	0	5148	3761	4300	5369
150537293	0	5162	3734	4539	5364
150537393	0	5111	3775	4277	5364
150537493	0	5120	3729	4286	5350
150537593	0	5162	3770	4333	5359
150537693	0	5162	3748	4347	5331
150537793	0	5115	3762	4263	5331
150537893	0	5153	3775	4319	5387
150537993	0	5143	3761	4244	5368
150538093	0	5158	3756	4254	5275
150538193	0	5106	3761	4254	5340
150538293	0	5148	3762	4221	5364
150538393	0	5143	3752	4291	5322
150538493	0	5101	3743	4235	5359
150538593	0	5158	3770	4239	5377
150538693	0	5148	3789	4221	5336
150538793	0	5120	3756	4183	5359
150538893	0	5167	3762	4188	5350
150538993	0	5115	3748	4174	5359
150539093	0	5101	3752	4160	5359
150539193	0	5097	3756	4169	5363
150539293	0	5134	3785	4150	5368
150539395	0	5162	3761	4155	5326
150539493	0	5129	3766	4160	5308
150539593	0	5153	3743	4132	5368
150539693	0	5158	3752	4183	5363
150539793	0	5139	3785	4179	5368
150539893	0	5167	3780	4188	5363
150539993	0	5162	3748	4193	5364
150540093	0	5153	3743	4202	5363
150540193	0	5143	3743	4188	5345
150540293	0	5087	3756	4249	5406
150540393	0	5158	3757	4193	5355
150540493	0	5158	3743	4150	5308
150540593	0	5134	3770	4164	5391
150540691	0	5106	3724	4150	5377
150540791	0	5129	3738	4193	5336
150540891	0	5125	3752	4188	5368
150540991	0	5143	3766	4183	5340
150541091	0	5129	3752	4155	5382
150541191	0	5148	3738	4164	5355
150541291	0	5158	3785	4249	5377
150541391	0	5139	3761	4188	5326
150541491	0	5125	3756	4221	5355
150541591	0	5139	3738	4103	5369
150541693	0	5134	3748	4108	5322
150541791	0	5143	3799	4103	5336
150541891	0	5097	3757	4122	5350
150541991	0	5087	3762	4122	5359
150542091	0	5111	3799	4155	5345
150542191	0	5097	3743	4113	5359
150542291	0	5115	3756	4136	5368
150542391	0	5087	3762	4094	5359
150542493	0	5083	3757	4113	5355
150542591	0	5101	3752	4080	5369
150542693	0	5139	3729	4108	5350
150542793	0	5162	3752	4099	5345
150542891	0	5158	3761	4103	5382
150542991	0	5129	3729	4099	5382
150543091	0	5134	3780	4146	5359
150543191	0	5106	3743	4160	5326
150543291	0	5143	3748	4141	5363
150543391	0	5139	3743	4567	5364
150543495	0	5097	3743	4113	5359
150543593	0	5129	3752	4127	5340
150543691	0	5134	3738	4127	5322
150543791	0	5148	3761	4122	5336
150543891	0	5153	3803	4132	5373
150543993	0	5125	3761	4160	5359
150544091	0	5134	3766	4193	5355
150544191	0	5134	3752	4174	5359
150544291	0	5111	3766	4193	5364
150544391	0	5134	3743	4216	5359
150544493	0	5134	3752	4258	5364
150544593	0	5125	3766	4221	5340
150544691	0	5120	3780	4216	5336
150544791	0	5125	3748	4221	5364
150544891	0	5097	3757	4197	5373
150544991	0	5148	3752	4221	5382
150545091	0	5143	3775	4169	5359
150545191	0	5143	3748	4221	5322
150545291	0	5148	3761	4164	5363
150545391	0	5158	3785	4197	5345
150545491	0	5120	3756	4211	5415
150545591	0	5167	3780	4202	5396
150545693	0	5120	3766	4202	5369
150545793	0	5172	3757	4160	5363
150545891	0	5158	3775	4211	5363
150545991	0	5143	3761	4188	5369
150546091	0	5115	3762	4211	5345
150546191	0	5139	3803	4193	5401
150546291	0	5162	3770	4183	5364
150546391	0	5125	3794	4197	5364
150546491	0	5139	3743	4225	5355
150546591	0	5120	3770	4193	5363
150546691	0	5139	3799	4235	5382
150546791	0	5139	3761	4207	5363
150546890	0	5139	3757	4183	5345
150546991	0	5125	3756	4183	5368
150547091	0	5143	3756	4235	5368
150547191	0	5101	3775	4183	5415
150547291	0	5129	3748	4183	5368
150547391	0	5143	3748	4179	5368
150547491	0	5143	3780	4183	5382
150547595	0	5143	3785	4169	5363
150547691	0	5097	3756	4183	5369
150547791	0	5111	3780	4169	5350
150547891	0	5129	3762	4207	5368
150547991	0	5148	3748	4164	5363
150548091	0	5153	3762	4188	5382
150548191	0	5106	3757	4164	5377
150548291	0	5115	3761	4193	5368
150548391	0	5129	3748	4164	5391
150548491	0	5120	3752	4183	5331
150548591	0	5134	3775	4183	5377
150548691	0	5139	3756	4179	5369
150548791	0	5143	3762	4169	5359
150548891	0	5148	3757	4207	5331
150548991	0	5158	3757	4197	5355
150549091	0	5167	3766	4216	5345
150549191	0	5106	3748	4202	5373
150549291	0	5134	3780	4164	5382
150549391	0	5120	3756	4202	5373
150549491	0	5143	3785	4188	5373
150549591	0	5129	3766	4197	5391
150549691	0	5134	3757	4202	5368
150549791	0	5162	3748	4179	5355
150549891	0	5115	3757	4188	5373
150549990	0	5148	3762	4188	5387
150550091	0	5162	3785	4132	5396
150550191	0	5125	3757	4160	5364
150550291	0	5143	3762	4160	5382
150550391	0	5139	3762	4132	5396
150550491	0	5134	3757	4183	5369
150550591	0	5143	3775	4193	5326
150550691	0	5097	3748	4164	5359
150550790	0	5129	3756	4188	5359
150550891	0	5143	3770	4160	5387
150550991	0	5148	3757	4155	5331
150551091	0	5139	3766	4150	5391
150551191	0	5143	3766	4188	5345
150551291	0	5115	3762	4188	5382
150551391	0	5143	3775	4183	5364
150551491	0	5139	3761	4197	5340
150551591	0	5125	3752	4164	5368
150551695	0	5111	3770	4169	5364
150551791	0	5111	3770	4193	5401
150551891	0	5143	3762	4183	5364
150551997	0	5143	3757	4193	5355
150552091	0	5143	3762	4193	5363
150552190	0	5143	3761	4179	5406
150552290	0	5129	3775	4179	5368
150552391	0	5148	3752	4193	5373
150552491	0	5125	3734	4197	5363
150552591	0	5153	3766	4174	5355
150552690	0	5162	3752	4202	5382
150552791	0	5143	3762	4164	5368
150552891	0	5148	3757	4183	5368
150552991	0	5148	3756	4207	5406
150553091	0	5148	3748	4202	5382
150553191	0	5158	3762	4183	5377
150553291	0	5162	3738	4179	5345
150553391	0	5153	3766	4174	5369
150553490	0	5172	3756	4146	5363
150553591	0	5139	3780	4183	5355
150553691	0	5158	3762	4216	5373
150553791	0	5134	3762	4174	5368
150553891	0	5162	3748	4183	5364
150553991	0	5172	3770	4183	5326
150554091	0	5153	3761	4179	5340
150554291	0	5120	3775	4179	5359
150554391	0	5143	3761	4188	5326
150554491	0	5129	3803	4160	5368
150554591	0	5148	3766	4183	5396
150554690	0	5167	3775	4169	5369
150554791	0	5158	3766	4174	5359
150554890	0	5148	3775	4202	5350
150554991	0	5129	3789	4211	5336
150555091	0	5129	3761	4202	5355
150555191	0	5153	3748	4193	5401
150555291	0	5167	3762	4202	5373
150555391	0	5143	3780	4188	5340
150555491	0	5158	3762	4197	5355
150555590	0	5148	3770	4207	5369
150555691	0	5153	3766	4183	5340
150555795	0	5134	3752	4179	5364
150555890	0	5148	3775	4211	5350
150555991	0	5148	3785	4216	5368
150556091	0	5143	3756	4179	5340
150556191	0	5167	3743	4193	5345
150556291	0	5143	3775	4160	5340
150556391	0	5139	3762	4197	5340
150556491	0	5139	3770	4230	5326
150556591	0	5139	3766	4188	5363
150556692	0	5139	3756	4179	5312
150556791	0	5115	3780	4183	5363
150556891	0	5139	3756	4197	5322
150556991	0	5120	3770	4221	5345
150557091	0	5158	3775	4197	5355
150557191	0	5167	3775	4216	5364
150557291	0	5158	3775	4188	5401
150557391	0	5143	3770	4202	5368
150557491	0	5186	3748	4183	5368
150557591	0	5134	3785	4197	5373
150557691	0	5139	3761	4197	5350
150557791	0	5129	3748	4202	5368
150557891	0	5106	3780	4193	5350
150557991	0	5148	3761	4169	5331
150558091	0	5139	3761	4188	5298
150558191	0	5153	3780	4207	5308
150558291	0	5143	3756	4183	5331
150558391	0	5153	3794	4197	5387
150558491	0	5125	3770	4179	5369
150558591	0	5134	3780	4183	5364
150558691	0	5120	3762	4221	5359
150558791	0	5153	3762	4179	5368
150558891	0	5162	3770	4174	5359
150558991	0	5125	3752	4193	5363
150559091	0	5139	3794	4188	5382
150559191	0	5129	3766	4211	5345
150559291	0	5158	3770	4207	5340
150559391	0	5158	3757	4207	5369
150559491	0	5162	3799	4193	5340
150559591	0	5162	3789	4221	5373
150559690	0	5158	3785	4211	5382
150559791	0	5115	3762	4188	5350
150559895	0	5134	3762	4193	5355
150559990	0	5158	3808	4216	5322
150600092	0	5172	3770	4188	5345
150600191	0	5134	3789	4202	5364
150600291	0	5143	3757	4193	5391
150600390	0	5148	3789	4221	5369
150600491	0	5101	3780	4221	5359
150600591	0	5167	3757	4160	5391
150600691	0	5139	3757	4155	5350
150600791	0	5106	3756	4155	5359
150600891	0	5111	3775	4174	5368
150600991	0	5139	3785	4197	5363
150601091	0	5120	3757	4183	5336
150601191	0	5129	3738	4207	5331
150601291	0	5153	3738	4183	5373
150601391	0	5139	3752	4160	5322
150601491	0	5106	3785	4160	5350
150601591	0	5101	3757	4150	5369
150601691	0	5139	3752	4188	5359
150601791	0	5158	3757	4160	5391
150601891	0	5143	3775	4127	5382
150601991	0	5120	3789	4136	5355
150602091	0	5143	3780	4164	5350
150602191	0	5120	3762	4188	5363
150602290	0	5143	3756	4155	5336
150602391	0	5097	3762	4188	5377
150602491	0	5139	3762	4146	5364
150602591	0	5120	3757	4160	5382
150602690	0	5148	3743	4122	5382
150602791	0	5143	3766	4150	5345
150602891	0	5120	3762	4132	5391
150602990	0	5139	3770	4118	5355
150603091	0	5134	3775	4127	5363
150603191	0	5143	3766	4122	5326
150603291	0	5158	3770	4155	5391
150603391	0	5162	3785	4150	5364
150603491	0	5134	3756	4146	5350
150603591	0	5162	3785	4164	5401
150603691	0	5148	3780	4169	5373
150603791	0	5158	3780	4136	5364
150603891	0	5134	3748	4113	5369
150603994	0	5125	3743	4193	5369
150604091	0	5111	3748	4136	5350
150604191	0	5139	3780	4118	5396
150604291	0	5139	3780	4150	5373
150604390	0	5129	3743	4146	5350
150604491	0	5139	3757	4169	5364
150604590	0	5139	3775	4174	5391
150604691	0	5153	3780	4127	5382
150604791	0	5087	3743	4141	5373
150604891	0	5167	3752	4146	5382
150604990	0	5158	3757	4164	5396
150605091	0	5129	3762	4193	5369
150605191	0	5120	3762	4155	5363
150605290	0	5143	3761	4188	5364
150605391	0	5115	3775	4164	5391
150605490	0	5148	3757	4118	5364
150605590	0	5120	3748	4141	5396
150605691	0	5143	3770	4174	5364
150605791	0	5111	3756	4141	5368
150605890	0	5134	3752	4160	5382
150605991	0	5111	3775	4164	5359
150606091	0	5139	3766	4160	5368
150606191	0	5120	3756	4193	5368
150606291	0	5148	3748	4197	5364
150606391	0	5120	3748	4150	5396
150606491	0	5129	3785	4150	5350
150606591	0	5148	3748	4202	5340
150606691	0	5139	3734	4169	5345
150606791	0	5134	3762	4164	5368
150606891	0	5106	3761	4207	5326
150606991	0	5101	3766	4179	5391
150607091	0	5148	3762	4202	5355
150607191	0	5148	3752	4207	5391
150607291	0	5139	3770	4179	5364
150607391	0	5139	3766	4221	5345
150607491	0	5143	3794	4155	5382
150607591	0	5111	3780	4146	5387
150607691	0	5148	3780	4202	5387
150607791	0	5148	3766	4141	5387
150607891	0	5143	3780	4211	5363
150607990	0	5106	3756	4155	5377
150608095	0	5111	3789	4188	5387
150608191	0	5120	3761	4146	5355
150608291	0	5120	3738	4132	5377
150608391	0	5143	3762	4216	5373
150608491	0	5153	3761	4174	5350
150608591	0	5115	3757	4169	5326
150608691	0	5148	3785	4113	5401
150608791	0	5111	3761	4150	5373
150608891	0	5143	3780	4141	5391
150608991	0	5148	3757	4127	5363
150609091	0	5148	3785	4141	5396
150609191	0	5167	3794	4136	5396
150609291	0	5129	3762	4150	5359
150609390	0	5129	3762	4197	5363
150609490	0	5097	3756	4193	5387
150609591	0	5139	3762	4164	5355
150609690	0	5167	3775	4169	5363
150609791	0	5143	3743	4127	5369
150609891	0	5129	3775	4146	5363
150609991	0	5125	3775	4141	5396
150610090	0	5148	3775	4132	5391
150610191	0	5158	3799	4127	5355
150610291	0	5101	3789	4164	5336
150610391	0	5120	3762	4211	5340
150610491	0	5120	3752	4150	5355
150610591	0	5125	3757	4127	5359
150610691	0	5129	3743	4146	5345
150610791	0	5115	3762	4150	5377
150610891	0	5162	3757	4132	5350
150610990	0	5120	3762	4169	5369
150611091	0	5125	3775	4164	5396
150611190	0	5125	3757	4150	5387
150611290	0	5139	3756	4150	5387
150611391	0	5148	3785	4169	5391
150611491	0	5120	3761	4169	5406
