152022364	0	3036	4839	6095	4923
152022470	0	3017	4735	6109	4923
152022563	0	3106	4806	6090	4904
152022664	0	3088	4848	6104	4937
152022763	0	3073	4764	6095	4886
152022863	0	3092	4890	6081	4928
152022964	0	3031	4853	6109	4918
152023064	0	3064	4815	6076	4909
152023163	0	3083	4773	6114	4928
152023264	0	3041	4792	6086	4942
152023364	0	3064	4815	6076	4951
152023464	0	3017	4782	6109	4900
152023564	0	3106	4839	6095	4937
152023664	0	3097	4792	6104	4890
152023763	0	3069	4773	6090	4909
152023864	0	3073	4825	6095	4937
152023964	0	3045	4759	6123	4970
152024064	0	3012	4745	6114	4886
152024163	0	3055	4825	6095	4923
152024264	0	3036	4857	6086	4928
152024364	0	3073	4834	6086	4918
152024463	0	3031	4834	6086	4951
152024563	0	3059	4867	6109	4909
152024663	0	3003	4843	6090	4937
152024764	0	3012	4801	6114	4886
152024863	0	3003	4782	6128	4918
152024963	0	3031	4839	6104	4951
152025067	0	3041	4796	6109	4923
152025164	0	3031	4829	6100	4942
152025263	0	2998	4782	6090	4951
152025364	0	3027	4810	6118	4961
152025464	0	3069	4782	6123	4932
152025563	0	3022	4876	6067	4890
152025664	0	3012	4801	6076	4946
152025764	0	2998	4825	6104	4867
152025864	0	3050	4759	6123	4951
152025963	0	3088	4843	6095	4895
152026063	0	3045	4871	6067	4909
152026163	0	3012	4839	6104	4904
152026264	0	3064	4778	6114	4904
152026364	0	3017	4796	6090	4904
152026464	0	3017	4839	6104	4956
152026564	0	3012	4820	6109	4918
152026664	0	3012	4839	6104	4900
152026763	0	3059	4768	6123	4932
152026863	0	3106	4843	6086	4946
152026964	0	3036	4810	6100	4956
152027064	0	3017	4792	6100	4909
152027163	0	3064	4778	6118	4923
152027264	0	3031	4848	6086	4932
152027363	0	3041	4825	6100	4937
152027463	0	3036	4825	6090	4956
152027563	0	3069	4792	6086	4914
152027664	0	3041	4848	6109	4928
152027764	0	3012	4820	6133	4914
152027864	0	3022	4796	6109	4914
152027963	0	3050	4782	6095	4909
152028064	0	3012	4839	6123	4928
152028163	0	3050	4867	6114	4965
152028264	0	3041	4778	6086	4923
152028364	0	3008	4768	6114	4914
152028463	0	3102	4778	6104	4946
152028563	0	3045	4796	6100	4932
152028664	0	3027	4886	6081	4909
152028763	0	3059	4782	6128	4918
152028864	0	3027	4750	6100	4928
152028964	0	3088	4829	6090	4932
152029064	0	3045	4801	6095	4932
152029168	0	3036	4792	6072	4914
152029264	0	3064	4815	6109	4923
152029363	0	3059	4782	6104	4904
152029463	0	3059	4839	6100	4932
152029564	0	3083	4857	6100	4932
152029664	0	3041	4839	6100	4928
152029764	0	3055	4848	6118	4909
152029863	0	3017	4782	6118	4895
152029963	0	3097	4782	6100	4937
152030064	0	3027	4778	6114	4951
152030163	0	3088	4848	6100	4942
152030263	0	3055	4750	6109	4932
152030364	0	3036	4806	6100	4918
152030463	0	3059	4862	6095	4904
152030563	0	3092	4792	6090	4937
152030663	0	3064	4834	6118	4946
152030764	0	3088	4848	6081	4946
152030863	0	3055	4778	6109	4937
152030963	0	3008	4792	6081	4946
152031064	0	3036	4773	6095	4895
152031164	0	3088	4759	6104	4895
152031263	0	3088	4839	6104	4890
152031363	0	3050	4792	6114	4961
152031463	0	3045	4815	6109	4932
152031564	0	3055	4787	6086	4946
152031663	0	3017	4843	6067	4946
152031764	0	3036	4787	6100	4918
152031863	0	3027	4825	6118	4956
152031963	0	3027	4764	6095	4904
152032064	0	3055	4853	6114	4909
152032364	0	3008	4857	6090	4914
152032464	0	3106	4853	6104	4937
152032563	0	3008	4806	6072	4946
152032663	0	3022	4825	6114	4942
152032764	0	3092	4815	6109	4942
152032864	0	3073	4815	6100	4895
152032963	0	3041	4787	6081	4909
152033064	0	3045	4839	6090	4928
152033164	0	3073	4843	6104	4932
152033267	0	3027	4764	6100	4928
152033363	0	3055	4839	6090	4914
152033470	0	3088	4754	6100	4890
152033563	0	3003	4867	6090	4914
152033664	0	3116	4801	6090	4946
152033764	0	3069	4820	6104	4900
152033863	0	3059	4764	6081	4942
152033963	0	3050	4764	6109	4895
152034063	0	3041	4815	6118	4951
152034163	0	3083	4782	6123	4928
152034263	0	3073	4862	6114	4909
152034363	0	3036	4862	6114	4932
152034464	0	3073	4848	6104	4914
152034563	0	3055	4871	6081	4956
152034664	0	3102	4857	6114	4937
152034763	0	3069	4834	6104	4942
152034864	0	3078	4862	6100	4937
152034963	0	3008	4792	6100	4946
152035063	0	3041	4839	6090	4932
152035164	0	3064	4782	6123	4909
152035264	0	3036	4810	6086	4900
152035363	0	3092	4796	6100	4900
152035463	0	2994	4778	6114	4928
152035564	0	3022	4848	6128	4914
152035663	0	3012	4778	6081	4937
152035763	0	3045	4825	6118	4904
152035863	0	3069	4806	6100	4923
152035964	0	3059	4773	6067	4942
152036064	0	3045	4773	6109	4946
152036163	0	3064	4778	6081	4970
152036263	0	3045	4778	6128	4932
152036364	0	3073	4848	6081	4932
152036463	0	3073	4839	6114	4956
152036563	0	3102	4857	6114	4914
152036663	0	3055	4834	6095	4932
152036763	0	3050	4782	6104	4942
152036864	0	3069	4839	6114	4932
152036963	0	3027	4825	6118	4928
152037063	0	3097	4778	6100	4900
152037164	0	3092	4787	6090	4904
152037264	0	3041	4834	6123	4890
152037367	0	3050	4834	6109	4942
152037463	0	3050	4778	6090	4937
152037563	0	3050	4871	6128	4937
152037663	0	3069	4867	6100	4956
152037764	0	3069	4839	6095	4918
152037863	0	3045	4862	6114	4904
152037964	0	3031	4810	6109	4890
152038064	0	3106	4815	6114	4928
152038163	0	3045	4839	6095	4886
152038263	0	3017	4792	6076	4937
152038363	0	3022	4778	6118	4900
152038464	0	3031	4848	6095	4932
152038563	0	3097	4810	6062	4942
152038663	0	3017	4862	6086	4904
152038763	0	3092	4857	6076	4914
152038864	0	3111	4782	6076	4914
152038964	0	3083	4768	6081	4890
152039063	0	3041	4848	6072	4946
152039163	0	3031	4773	6114	4946
152039263	0	3064	4764	6109	4871
152039364	0	3041	4801	6114	4900
152039463	0	3088	4839	6104	4890
152039564	0	3059	4782	6086	4937
152039663	0	3111	4810	6100	4942
152039763	0	3069	4862	6086	4932
152039863	0	3088	4796	6114	4946
152039963	0	3069	4778	6100	4904
152040064	0	3116	4834	6109	4937
152040163	0	3083	4796	6095	4932
152040263	0	3059	4843	6118	4900
152040363	0	3106	4759	6118	4946
152040463	0	3138	4759	6104	4895
152040563	0	3022	4787	6095	4928
152040663	0	3102	4871	6123	4928
152040764	0	3041	4806	6081	4942
152040864	0	3064	4787	6072	4946
152040964	0	3083	4839	6076	4928
152041063	0	3097	4834	6109	4932
152041164	0	3017	4796	6076	4932
152041263	0	3083	4815	6128	4937
152041363	0	3027	4792	6095	4900
152041467	0	3092	4806	6090	4928
152041563	0	3022	4768	6095	4928
152041663	0	3078	4829	6090	4890
152041764	0	3050	4839	6104	4900
152041863	0	3041	4815	6090	4914
152041963	0	3050	4839	6090	4904
152042063	0	3064	4782	6086	4881
152042164	0	2998	4768	6090	4942
152042263	0	3031	4806	6095	4937
152042364	0	3092	4778	6123	4928
152042464	0	3092	4867	6109	4956
152042564	0	3088	4796	6090	4886
152042663	0	3073	4862	6086	4914
152042763	0	3073	4848	6109	4951
152042863	0	3088	4829	6090	4918
152042963	0	3055	4834	6118	4914
152043063	0	2994	4806	6076	4918
152043163	0	3050	4829	6109	4928
152043263	0	3045	4839	6086	4895
152043365	0	3092	4796	6128	4918
152043463	0	3045	4829	6104	4923
152043563	0	3041	4839	6081	4951
152043663	0	3031	4792	6109	4923
152043763	0	3045	4810	6100	4909
152043863	0	3092	4848	6081	4961
152043963	0	3027	4806	6076	4909
152044064	0	3073	4778	6109	4928
152044164	0	3059	4750	6109	4932
152044263	0	3008	4820	6137	4900
152044363	0	3003	4787	6095	4904
152044464	0	3106	4801	6118	4946
152044563	0	3050	4820	6100	4900
152044664	0	3008	4787	6095	4932
152044764	0	3059	4773	6090	4923
152044863	0	3027	4825	6109	4946
152044963	0	3073	4754	6109	4904
152045063	0	3022	4839	6086	4904
152045163	0	3069	4848	6095	4909
152045263	0	3031	4839	6114	4928
152045363	0	3069	4834	6109	4904
152045463	0	3050	4782	6123	4956
152045567	0	3050	4829	6118	4928
152045663	0	3069	4801	6114	4909
152045763	0	3088	4862	6072	4937
152045863	0	3017	4778	6104	4942
152045963	0	3088	4857	6095	4942
152046063	0	3031	4768	6109	4914
152046163	0	3041	4862	6090	4886
152046263	0	3003	4810	6095	4909
152046363	0	3097	4862	6095	4914
152046463	0	3041	4820	6109	4923
152046563	0	3050	4796	6090	4956
152046664	0	3083	4853	6104	4946
152046764	0	3106	4768	6095	4961
152046863	0	3073	4825	6114	4918
152046963	0	3102	4843	6114	4914
152047063	0	3083	4834	6118	4932
152047163	0	3031	4853	6123	4928
152047263	0	3012	4810	6095	4932
152047363	0	3064	4853	6081	4914
152047463	0	3092	4848	6104	4928
152047564	0	3092	4778	6100	4909
152047663	0	3022	4792	6095	4946
152047764	0	3078	4853	6090	4909
152047863	0	3022	4810	6100	4904
152047963	0	3055	4764	6076	4914
152048064	0	3041	4862	6086	4923
152048163	0	3036	4843	6104	4900
152048263	0	3017	4773	6109	4956
152048364	0	3041	4787	6104	4904
152048463	0	3106	4815	6109	4909
152048564	0	3055	4768	6104	4951
152048663	0	2994	4810	6081	4942
152048763	0	3031	4782	6100	4951
152048864	0	3059	4834	6109	4918
152048963	0	3097	4853	6095	4928
152049063	0	3050	4782	6128	4909
152049164	0	3069	4750	6114	4942
152049263	0	3078	4825	6118	4928
152049363	0	3055	4853	6104	4914
152049463	0	3078	4829	6123	4904
152049564	0	3045	4806	6118	4914
152049667	0	3045	4843	6072	4923
152049764	0	3050	4759	6114	4900
152049863	0	3050	4839	6100	4895
152049963	0	3055	4764	6100	4895
152050064	0	3017	4768	6114	4914
152050163	0	3064	4782	6100	4918
152050363	0	3031	4764	6086	4942
152050463	0	3106	4829	6095	4932
152050563	0	3111	4773	6086	4900
152050664	0	3069	4853	6109	4914
152050763	0	3045	4815	6118	4909
152050863	0	3055	4848	6104	4876
152050963	0	3064	4862	6100	4890
152051063	0	3041	4754	6100	4951
152051163	0	3073	4820	6104	4923
152051264	0	3073	4782	6100	4956
152051363	0	3008	4773	6104	4928
152051463	0	3116	4853	6076	4886
152051563	0	3092	4839	6104	4937
152051663	0	3050	4778	6118	4914
152051763	0	3041	4796	6100	4946
152051864	0	3073	4745	6095	4942
152051963	0	3097	4825	6100	4923
152052063	0	3064	4759	6104	4951
152052163	0	3059	4839	6104	4909
152052263	0	3059	4843	6095	4914
152052363	0	3036	4796	6095	4942
152052463	0	3027	4792	6100	4928
152052563	0	3017	4848	6118	4918
152052663	0	3097	4768	6081	4928
152052763	0	3069	4787	6114	4965
152052863	0	3012	4857	6100	4951
152052963	0	3059	4778	6104	4900
152053063	0	3102	4759	6133	4942
152053163	0	3041	4759	6100	4914
152053263	0	3064	4853	6100	4895
152053363	0	3050	4825	6114	4928
152053464	0	3078	4768	6123	4956
152053564	0	3078	4768	6114	4909
152053664	0	3073	4750	6100	4886
152053767	0	3088	4834	6137	4914
152053863	0	3092	4839	6076	4909
152053963	0	3069	4839	6095	4900
152054063	0	3008	4867	6090	4946
152054163	0	3073	4848	6090	4914
152054263	0	3092	4815	6062	4928
152054363	0	3041	4759	6100	4937
152054463	0	3031	4778	6123	4914
152054563	0	3027	4825	6114	4928
152054663	0	3022	4778	6114	4956
152054764	0	3012	4782	6090	4937
152054863	0	3031	4806	6104	4937
152054964	0	3045	4754	6104	4914
152055063	0	3055	4778	6067	4928
152055163	0	3017	4857	6090	4914
152055263	0	3008	4848	6118	4937
152055363	0	3050	4796	6095	4904
152055463	0	3022	4782	6104	4937
152055563	0	3064	4857	6095	4942
152055663	0	3055	4815	6076	4914
152055763	0	3045	4839	6104	4928
152055863	0	2998	4806	6095	4937
152055963	0	3078	4820	6090	4895
152056063	0	3083	4853	6109	4909
152056163	0	3022	4796	6100	4928
152056263	0	3073	4853	6104	4961
152056363	0	3069	4829	6067	4914
152056463	0	3031	4843	6104	4937
152056564	0	3050	4778	6095	4923
152056663	0	3097	4829	6095	4946
152056763	0	3059	4768	6081	4923
152056863	0	3083	4857	6095	4900
152056963	0	3059	4825	6090	4951
152057063	0	3041	4782	6118	4946
152057163	0	3073	4857	6114	4942
152057263	0	3059	4754	6090	4928
152057363	0	3111	4871	6114	4932
152057463	0	3050	4787	6100	4918
152057564	0	3064	4834	6109	4932
152057663	0	3045	4792	6095	4909
152057763	0	3050	4815	6100	4937
152057868	0	3041	4806	6123	4871
152057963	0	3012	4778	6090	4900
152058063	0	3050	4750	6095	4914
152058163	0	3041	4759	6090	4895
152058263	0	3027	4848	6100	4932
152058363	0	3022	4773	6086	4937
152058463	0	3097	4853	6081	4900
152058563	0	3022	4773	6095	4937
152058663	0	3059	4820	6081	4881
152058763	0	3064	4759	6081	4909
152058863	0	3059	4843	6081	4895
152058964	0	3050	4768	6072	4946
152059063	0	3045	4792	6104	4942
152059163	0	3111	4825	6095	4904
152059263	0	3073	4862	6086	4895
152059363	0	3073	4857	6123	4923
152059463	0	3008	4768	6100	4937
152059564	0	3064	4764	6104	4881
152059663	0	3041	4792	6114	4937
152059763	0	3045	4829	6090	4937
152059863	0	3064	4825	6104	4904
152059963	0	3106	4782	6100	4932
152100063	0	3088	4853	6086	4900
152100164	0	3064	4787	6104	4961
152100263	0	3045	4801	6128	4937
152100364	0	3083	4768	6100	4890
152100463	0	3008	4759	6114	4942
152100563	0	3022	4843	6062	4881
152100663	0	3055	4829	6104	4918
152100763	0	3083	4759	6109	4937
152100863	0	3017	4853	6118	4881
152100964	0	3088	4759	6095	4890
152101063	0	3012	4768	6109	4881
152101164	0	3102	4787	6109	4904
152101263	0	3064	4787	6086	4937
152101363	0	3050	4778	6109	4923
152101463	0	3069	4857	6100	4900
152101563	0	3073	4829	6062	4932
152101663	0	3022	4853	6104	4886
152101763	0	3008	4787	6100	4909
152101863	0	3041	4853	6109	4942
152101967	0	3041	4834	6104	4961
152102064	0	3073	4754	6081	4923
152102164	0	3045	4871	6095	4937
152102263	0	3064	4768	6114	4923
152102363	0	3078	4834	6095	4918
152102463	0	3097	4825	6114	4928
152102564	0	3092	4843	6104	4928
152102663	0	3106	4857	6104	4918
152102763	0	3003	4815	6100	4914
152102863	0	3050	4773	6100	4932
152102963	0	3073	4820	6095	4904
152103063	0	3092	4848	6118	4914
152103163	0	3059	4778	6114	4932
152103263	0	3064	4754	6104	4942
152103363	0	3050	4848	6100	4923
152103463	0	3003	4825	6100	4932
152103563	0	3064	4768	6118	4961
152103663	0	3059	4778	6114	4900
152103763	0	3012	4764	6100	4914
152103863	0	3083	4810	6081	4923
152103963	0	3059	4750	6090	4956
152104063	0	3069	4829	6114	4946
152104163	0	3045	4867	6104	4932
152104263	0	3064	4778	6090	4914
152104363	0	2998	4778	6100	4923
152104463	0	3069	4787	6109	4914
152104563	0	3059	4787	6090	4937
152104663	0	3069	4815	6100	4914
152104763	0	3106	4750	6086	4918
152104863	0	3083	4768	6114	4904
152104963	0	3120	4806	6090	4923
152105063	0	3083	4853	6118	4923
152105163	0	3078	4735	6104	4942
152105263	0	3088	4853	6086	4904
152105363	0	3041	4801	6100	4923
152105464	0	3031	4815	6095	4918
152105564	0	3027	4806	6104	4914
152105663	0	3031	4806	6109	4937
152105763	0	3003	4782	6123	4937
152105863	0	3092	4745	6123	4951
152105963	0	3012	4810	6095	4932
152106067	0	3008	4871	6090	4909
152106163	0	3078	4787	6100	4975
152106263	0	3059	4843	6104	4956
152106363	0	3031	4862	6109	4951
152106463	0	3069	4782	6090	4909
152106564	0	3050	4825	6118	4904
152106663	0	3036	4778	6076	4937
152106764	0	3069	4768	6123	4890
152106864	0	3102	4782	6100	4932
152106963	0	3017	4792	6081	4942
152107063	0	2998	4810	6118	4923
152107163	0	3059	4867	6114	4961
152107263	0	3059	4862	6109	4932
152107363	0	3050	4782	6118	4937
152107463	0	3045	4764	6095	4914
152107563	0	3012	4735	6118	4914
152107663	0	3073	4825	6076	4904
152107763	0	3027	4820	6118	4909
152107863	0	3064	4857	6095	4946
152107963	0	3031	4778	6100	4956
152108063	0	3111	4839	6118	4932
152108163	0	3036	4796	6090	4895
152108263	0	3102	4834	6123	4909
152108363	0	3027	4778	6118	4951
152108463	0	3083	4773	6114	4928
152108563	0	3078	4778	6095	4937
152108663	0	3041	4787	6100	4946
152108763	0	3083	4834	6114	4909
152108863	0	3045	4806	6109	4932
152108963	0	3092	4801	6104	4886
152109063	0	3022	4778	6076	4937
152109164	0	3041	4829	6104	4937
152109265	0	3120	4782	6100	4956
152109363	0	3116	4806	6109	4970
152109463	0	2998	4834	6104	4951
152109563	0	3027	4782	6118	4909
152109663	0	3036	4782	6081	4923
152109763	0	3041	4848	6081	4928
152109863	0	3073	4773	6133	4914
152109963	0	3116	4787	6100	4923
152110063	0	3041	4792	6100	4909
152110167	0	3059	4820	6095	4942
152110263	0	3092	4839	6100	4871
152110363	0	3092	4825	6090	4914
152110463	0	3008	4787	6100	4904
152110563	0	3027	4829	6109	4914
152110663	0	3078	4806	6100	4918
152110764	0	3116	4782	6076	4900
152110863	0	3078	4810	6100	4932
152110963	0	3078	4834	6114	4928
152111063	0	3036	4820	6118	4956
152111163	0	3083	4801	6095	4914
152111263	0	3050	4825	6118	4876
152111363	0	2989	4871	6100	4914
152111463	0	3111	4839	6081	4932
152111563	0	3083	4825	6067	4909
152111663	0	3078	4778	6086	4923
152111763	0	3073	4825	6095	4895
152111863	0	3045	4862	6081	4871
152111963	0	3078	4801	6109	4914
152112063	0	3116	4764	6104	4914
152112163	0	3097	4754	6114	4876
152112263	0	3050	4759	6086	4937
152112363	0	3069	4843	6090	4914
152112463	0	3055	4815	6128	4900
152112563	0	3036	4810	6095	4909
152112663	0	3027	4773	6114	4937
152112763	0	3059	4848	6100	4937
152112863	0	3022	4848	6104	4932
152112963	0	3017	4848	6104	4895
152113063	0	3059	4787	6104	4914
152113163	0	3055	4839	6067	4946
152113263	0	3106	4806	6109	4923
152113363	0	3064	4768	6095	4937
152113463	0	3083	4810	6090	4904
152113563	0	3069	4829	6104	4918
152113663	0	3064	4848	6095	4918
152113763	0	3055	4839	6114	4928
152113863	0	3102	4853	6100	4904
152113963	0	3097	4787	6114	4923
152114063	0	3097	4782	6095	4895
152114163	0	3041	4778	6076	4890
152114267	0	3041	4773	6086	4876
152114363	0	3106	4839	6095	4871
152114463	0	3031	4843	6090	4900
152114563	0	3097	4773	6095	4932
152114663	0	3073	4829	6104	4914
152114763	0	3041	4843	6043	4909
152114863	0	3073	4853	6081	4909
152114963	0	3078	4848	6100	4937
152115063	0	3088	4773	6114	4900
152115163	0	3027	4768	6109	4918
152115263	0	3102	4876	6100	4923
152115363	0	3045	4759	6081	4909
152115463	0	3036	4839	6104	4923
152115563	0	3036	4862	6128	4961
152115662	0	3073	4862	6104	4895
152115763	0	3120	4801	6104	4928
152115863	0	3078	4778	6104	4895
152115963	0	3069	4787	6104	4923
152116263	0	3059	4862	6090	4923
152116363	0	3088	4867	6095	4895
152116463	0	3012	4871	6109	4857
152116563	0	3116	4834	6104	4923
152116663	0	3073	4778	6081	4928
152116763	0	3120	4834	6104	4932
152116862	0	3092	4820	6086	4951
152116963	0	3055	4773	6086	4918
152117063	0	3088	4782	6100	4900
152117163	0	3064	4764	6114	4914
152117263	0	3022	4768	6095	4946
152117363	0	3073	4754	6100	4942
152117463	0	3073	4782	6104	4975
152117563	0	3055	4862	6114	4942
152117663	0	3073	4862	6095	4942
152117763	0	3059	4735	6109	4951
152117863	0	3064	4754	6118	4923
152117964	0	3027	4862	6104	4923
152118063	0	3017	4773	6133	4909
152118163	0	3102	4796	6114	4928
152118263	0	3055	4806	6100	4909
152118365	0	3059	4768	6100	4900
152118463	0	3041	4857	6109	4914
152118563	0	3073	4848	6118	4923
152118663	0	3059	4839	6114	4881
152118763	0	3059	4853	6128	4937
152118863	0	3008	4862	6100	4914
152118963	0	3069	4848	6128	4909
152119063	0	3059	4834	6095	4937
152119163	0	3008	4843	6100	4914
152119263	0	3092	4810	6100	4942
152119363	0	3036	4759	6109	4951
152119463	0	3050	4759	6114	4956
152119563	0	3069	4759	6095	4914
152119663	0	3027	4857	6109	4923
152119763	0	3017	4782	6090	4942
152119863	0	3027	4787	6104	4909
152119963	0	3055	4787	6114	4918
152120063	0	3083	4792	6114	4895
152120163	0	3017	4839	6086	4900
152120263	0	3012	4839	6133	4932
152120363	0	3041	4750	6109	4970
152120463	0	3045	4778	6100	4871
152120563	0	3092	4839	6123	4914
152120663	0	3083	4759	6095	4946
152120763	0	3027	4829	6128	4951
152120863	0	3083	4773	6095	4932
152120963	0	3092	4782	6081	4904
152121063	0	3073	4848	6109	4900
152121163	0	3083	4792	6104	4914
152121263	0	3069	4759	6118	4956
152121363	0	3059	4843	6109	4946
152121463	0	3017	4839	6072	4928
152121563	0	3008	4848	6100	4961
152121663	0	3045	4825	6104	4900
152121763	0	3036	4810	6081	4937
152121863	0	3027	4759	6100	4932
152121963	0	3073	4764	6095	4970
152122063	0	3059	4825	6100	4895
152122163	0	3027	4764	6086	4918
152122262	0	3050	4778	6104	4956
152122363	0	3073	4782	6104	4914
152122465	0	3059	4843	6100	4942
152122563	0	3045	4764	6095	4923
152122663	0	3097	4773	6114	4914
152122763	0	3041	4787	6104	4904
152122863	0	3036	4853	6100	4946
152122963	0	3055	4810	6123	4923
152123063	0	3092	4792	6100	4937
152123162	0	3036	4778	6123	4965
152123263	0	3041	4834	6133	4918
152123363	0	3055	4820	6114	4932
152123463	0	3102	4867	6109	4956
152123563	0	3059	4843	6090	4900
152123663	0	3092	4764	6076	4918
152123763	0	3088	4862	6081	4890
152123863	0	3012	4773	6095	4928
152123962	0	3045	4810	6100	4956
152124063	0	3050	4764	6095	4914
152124163	0	3088	4796	6109	4937
152124263	0	3059	4848	6118	4951
152124363	0	3045	4754	6072	4956
152124463	0	3116	4768	6104	4951
152124563	0	3116	4754	6095	4914
152124663	0	3055	4792	6095	4946
152124763	0	3092	4750	6104	4928
152124863	0	3031	4857	6104	4918
152124962	0	3017	4792	6118	4932
152125063	0	3017	4754	6104	4942
152125163	0	3045	4829	6081	4904
152125263	0	3003	4768	6095	4890
152125363	0	3120	4815	6104	4918
152125463	0	3064	4876	6109	4890
152125562	0	3073	4768	6118	4923
152125661	0	3008	4773	6100	4946
152125761	0	3045	4853	6100	4946
152125861	0	3055	4773	6076	4937
152125963	0	3045	4764	6081	4914
152126062	0	2998	4778	6095	4900
152126161	0	3088	4796	6095	4951
152126263	0	3078	4829	6104	4956
152126363	0	3022	4796	6114	4937
152126461	0	3088	4740	6104	4956
152126565	0	3012	4857	6076	4904
152126663	0	3045	4834	6086	4937
152126761	0	3078	4815	6123	4923
152126863	0	3050	4750	6118	4951
152126961	0	3073	4754	6090	4923
152127061	0	3050	4853	6118	4886
152127161	0	3022	4857	6109	4951
152127261	0	3097	4857	6100	4942
152127361	0	3041	4782	6114	4923
152127460	0	3036	4867	6100	4923
152127563	0	3055	4834	6067	4961
152127663	0	3069	4806	6104	4965
152127761	0	3083	4768	6072	4951
152127861	0	3097	4759	6104	4909
152127963	0	3022	4857	6076	4900
152128061	0	3073	4810	6114	4881
152128163	0	3050	4834	6118	4951
152128262	0	3078	4871	6123	4923
152128363	0	3003	4768	6100	4895
152128463	0	3045	4778	6100	4928
152128563	0	3106	4843	6072	4895
152128660	0	3064	4740	6128	4956
152128760	0	3078	4778	6118	4923
152128861	0	3012	4857	6109	4900
152128961	0	3064	4773	6123	4890
152129061	0	3092	4778	6076	4965
152129161	0	3069	4886	6100	4942
152129261	0	3050	4806	6114	4914
152129361	0	3050	4820	6090	4932
152129463	0	3078	4857	6090	4914
152129563	0	3088	4834	6095	4937
152129661	0	3083	4843	6086	4918
152129763	0	3102	4857	6095	4928
152129861	0	3097	4876	6100	4909
152129963	0	3041	4862	6090	4951
152130061	0	3064	4857	6133	4937
152130161	0	3031	4806	6109	4895
152130261	0	3050	4768	6104	4890
152130361	0	3036	4792	6109	4923
152130461	0	3083	4853	6095	4937
152130561	0	3045	4773	6100	4942
152130665	0	3012	4853	6086	4923
152130761	0	3027	4820	6090	4900
152130960	0	3050	4825	6100	4951
152131061	0	3073	4768	6104	4928
152131161	0	3064	4853	6114	4895
152131261	0	3022	4782	6090	4890
152131361	0	3036	4839	6104	4900
152131461	0	3045	4796	6104	4961
152131561	0	3003	4782	6100	4923
152131661	0	3097	4792	6123	4923
152131761	0	3092	4792	6090	4914
152131860	0	3069	4806	6104	4918
152131961	0	3092	4876	6109	4918
152132061	0	3050	4857	6109	4928
152132161	0	3106	4843	6095	4928
152132261	0	3083	4792	6109	4890
152132361	0	3059	4853	6067	4886
152132461	0	3022	4759	6118	4904
152132561	0	3078	4867	6109	4937
152132661	0	3045	4853	6109	4900
152132761	0	3069	4820	6095	4942
152132860	0	3003	4754	6100	4918
152132961	0	3027	4843	6118	4951
152133061	0	3069	4848	6118	4942
152133161	0	3008	4862	6095	4909
152133260	0	3050	4810	6100	4928
152133361	0	3045	4839	6118	4965
152133461	0	3083	4839	6104	4942
152133561	0	3106	4768	6114	4914
152133661	0	3069	4792	6095	4914
152133761	0	3031	4857	6104	4923
152133861	0	3073	4825	6100	4909
152133961	0	3041	4750	6090	4914
152134061	0	3073	4782	6104	4890
152134161	0	3050	4843	6081	4932
152134261	0	3022	4792	6104	4895
152134361	0	3069	4843	6095	4918
152134461	0	3036	4787	6067	4923
152134561	0	3017	4806	6086	4881
152134661	0	3041	4834	6109	4942
152134765	0	3027	4815	6100	4904
152134861	0	3050	4768	6095	4946
152134961	0	3027	4768	6104	4918
152135061	0	3045	4857	6100	4900
152135165	0	3069	4815	6118	4909
152135260	0	3050	4792	6104	4918
152135361	0	3045	4829	6086	4932
152135461	0	3073	4848	6123	4909
152135560	0	3083	4815	6114	4909
152135660	0	3097	4796	6095	4909
152135761	0	3055	4787	6118	4895
152135861	0	3083	4782	6100	4937
152135961	0	3059	4778	6062	4932
152136061	0	3017	4764	6118	4914
152136160	0	3041	4796	6100	4932
152136260	0	3106	4792	6100	4909
152136361	0	3036	4825	6118	4942
152136461	0	3064	4801	6104	4900
152136561	0	3045	4773	6100	4942
152136661	0	3003	4801	6114	4956
152136761	0	3069	4853	6090	4928
152136861	0	3031	4792	6076	4961
152136961	0	3050	4810	6100	4900
152137061	0	3083	4801	6095	4928
152137161	0	3111	4787	6104	4942
152137261	0	3036	4843	6067	4961
152137361	0	3073	4768	6104	4928
152137460	0	3031	4867	6090	4937
152137561	0	3106	4750	6081	4928
152137661	0	3017	4773	6095	4946
152137761	0	3027	4801	6086	4904
152137861	0	3036	4773	6081	4951
152137961	0	3045	4848	6095	4904
152138061	0	3078	4834	6118	4942
152138161	0	3088	4792	6081	4965
152138261	0	3041	4801	6118	4890
152138361	0	3045	4782	6114	4932
152138460	0	3055	4848	6095	4946
152138560	0	3097	4782	6081	4928
152138660	0	3097	4796	6095	4909
152138761	0	3045	4839	6095	4942
152138864	0	3050	4801	6076	4890
152138961	0	3036	4796	6100	4914
152139061	0	3064	4773	6067	4914
152139161	0	3027	4857	6104	4923
152139260	0	3012	4754	6072	4942
152139361	0	3064	4787	6118	4918
152139461	0	3059	4801	6100	4928
152139561	0	3017	4843	6128	4928
152139661	0	3036	4754	6123	4895
152139761	0	3064	4787	6086	4904
152139861	0	3088	4778	6104	4942
152139961	0	3031	4867	6095	4928
152140061	0	3055	4853	6081	4900
152140161	0	3069	4768	6100	4928
152140261	0	3012	4768	6095	4961
152140461	0	3017	4857	6095	4975
152140561	0	3088	4862	6081	4918
152140660	0	3059	4773	6109	4928
152140760	0	3022	4801	6090	4914
152140861	0	3078	4782	6100	4932
152140960	0	3078	4834	6081	4946
152141060	0	3088	4782	6076	4956
152141162	0	2998	4815	6095	4965
152141261	0	3022	4801	6086	4928
152141361	0	3083	4829	6109	4942
152141461	0	3045	4750	6095	4886
152141561	0	3102	4782	6076	4923
152141661	0	3031	4829	6072	4932
152141761	0	3027	4857	6118	4900
152141860	0	3041	4759	6114	4914
152141961	0	3022	4796	6109	4946
152142061	0	3069	4825	6100	4918
152142160	0	3003	4792	6086	4918
152142261	0	3036	4754	6095	4881
152142360	0	3012	4857	6118	4900
152142460	0	3083	4839	6100	4946
152142561	0	3022	4810	6114	4914
152142660	0	3045	4829	6086	4890
152142761	0	3036	4829	6114	4909
152142861	0	3050	4792	6133	4932
152142964	0	3055	4825	6109	4932
152143061	0	3036	4796	6100	4900
152143161	0	3017	4792	6067	4942
152143261	0	3022	4782	6086	4928
152143360	0	3059	4768	6114	4918
152143460	0	3088	4839	6100	4909
152143561	0	3022	4834	6104	4932
152143661	0	3111	4829	6081	4918
152143760	0	3078	4857	6104	4928
152143860	0	3097	4857	6100	4914
152143961	0	3059	4806	6076	4876
152144060	0	3045	4853	6086	4900
152144160	0	3088	4740	6123	4900
152144261	0	3092	4768	6100	4904
152144361	0	3069	4773	6086	4937
152144461	0	3003	4782	6095	4900
152144561	0	3059	4810	6095	4946
152144661	0	3055	4857	6095	4909
152144761	0	3041	4848	6095	4946
152144861	0	3059	4853	6100	4900
152144961	0	3031	4735	6104	4914
152145061	0	3045	4825	6118	4867
152145161	0	3064	4745	6109	4890
152145261	0	3073	4839	6123	4923
152145360	0	3012	4825	6118	4928
152145460	0	3045	4857	6100	4918
152145561	0	3088	4853	6076	4904
152145660	0	3022	4843	6095	4951
152145760	0	3064	4853	6128	4904
152145861	0	3073	4750	6076	4937
152145960	0	3092	4848	6109	4928
152146060	0	3036	4792	6104	4932
152146161	0	3041	4853	6109	4946
152146260	0	3059	4853	6090	4900
152146361	0	3055	4829	6095	4914
152146461	0	3078	4839	6109	4942
152146560	0	3050	4782	6104	4942
152146661	0	3008	4848	6086	4942
152146760	0	3012	4782	6076	4923
152146861	0	3078	4853	6104	4932
152146961	0	3088	4867	6104	4900
152147065	0	3045	4806	6095	4937
152147161	0	3088	4778	6090	4965
152147261	0	2994	4815	6100	4862
152147361	0	3045	4815	6104	4942
152147460	0	3088	4820	6109	4914
152147560	0	3059	4778	6128	4909
152147660	0	3012	4778	6104	4951
152147760	0	3064	4862	6104	4942
152147860	0	3041	4834	6086	4956
152147960	0	3008	4773	6104	4918
152148061	0	3012	4839	6123	4932
152148161	0	3050	4768	6100	4946
152148261	0	3031	4857	6100	4886
152148361	0	3027	4759	6104	4970
152148460	0	2994	4843	6086	4946
152148561	0	3031	4764	6123	4918
152148660	0	3041	4848	6100	4895
152148760	0	3209	4796	6090	4928
152148861	0	3064	4773	6114	4965
152148961	0	3050	4796	6095	4937
152149060	0	3069	4778	6109	4928
152149161	0	3064	4820	6128	4890
152149261	0	3031	4862	6095	4956
152149361	0	3036	4782	6081	4923
152149461	0	3050	4810	6114	4900
152149560	0	3045	4848	6086	4914
152149660	0	3083	4867	6095	4918
152149760	0	3055	4820	6081	4946
152149860	0	3045	4801	6109	4928
152149960	0	3003	4815	6109	4895
152150060	0	3083	4815	6086	4909
152150160	0	3041	4834	6100	4904
152150260	0	3027	4839	6109	4895
152150361	0	3073	4787	6095	4932
152150461	0	3027	4764	6104	4951
152150560	0	3045	4773	6076	4904
152150660	0	3055	4773	6109	4932
152150761	0	3012	4792	6081	4890
152150860	0	3092	4857	6090	4904
152150960	0	3083	4726	6104	4937
152151061	0	3050	4787	6104	4909
152151165	0	3003	4839	6090	4928
152151261	0	3078	4853	6104	4937
152151361	0	3017	4848	6109	4937
152151461	0	3069	4857	6109	4928
152151561	0	3092	4862	6100	4918
152151661	0	3073	4792	6081	4914
152151761	0	3078	4839	6114	4923
152151861	0	3050	4787	6090	4923
152151961	0	3017	4806	6072	4928
152152060	0	3050	4810	6128	4946
152152160	0	3073	4829	6104	4942
152152260	0	3022	4867	6104	4900
152152361	0	3088	4787	6100	4946
152152461	0	3050	4843	6128	4951
152152561	0	3036	4857	6076	4993
152152661	0	3064	4825	6090	4914
152152761	0	3003	4806	6095	4937
152152960	0	3050	4801	6090	4946
152153061	0	3050	4857	6114	4965
152153161	0	3111	4871	6104	4932
152153260	0	3050	4853	6100	4942
152153360	0	3088	4773	6118	4946
152153461	0	3041	4839	6104	4970
152153560	0	3073	4740	6100	4932
152153661	0	3008	4871	6081	4923
152153760	0	3092	4759	6114	4937
152153860	0	3088	4754	6095	4918
152153961	0	3059	4778	6076	4904
152154061	0	3078	4764	6104	4928
152154160	0	3059	4834	6109	4895
152154261	0	3055	4871	6104	4886
152154361	0	3045	4764	6104	4918
152154460	0	3097	4839	6100	4909
152154561	0	3078	4857	6123	4951
152154661	0	3050	4796	6104	4909
152154761	0	3059	4871	6100	4937
152154861	0	3022	4782	6104	4904
152154961	0	3027	4825	6076	4951
152155060	0	3078	4759	6104	4914
152155161	0	3027	4787	6086	4932
152155265	0	3041	4829	6095	4989
152155360	0	3055	4839	6133	4942
152155461	0	3083	4754	6109	4914
152155561	0	3012	4782	6100	4937
152155661	0	3092	4843	6104	4965
152155760	0	3031	4754	6090	4923
152155860	0	3055	4843	6076	4909
152155960	0	3073	4801	6072	4895
152156060	0	3073	4801	6123	4942
152156160	0	3036	4843	6109	4923
152156260	0	3059	4773	6100	4928
152156360	0	3041	4782	6090	4942
152156460	0	3027	4848	6081	4965
152156560	0	3050	4815	6076	4961
152156661	0	3017	4782	6095	4914
152156761	0	3106	4815	6086	4942
152156861	0	3143	4867	6109	4890
152156960	0	3073	4759	6072	4900
152157060	0	3012	4801	6104	4900
152157161	0	3064	4806	6118	4923
152157260	0	3078	4848	6100	4932
152157361	0	3045	4853	6090	4970
152157461	0	3031	4848	6104	4961
152157561	0	3031	4820	6100	4923
152157661	0	3097	4759	6067	4946
152157761	0	3022	4778	6104	4904
152157861	0	3036	4810	6081	4951
152157960	0	3073	4853	6104	4918
152158060	0	3097	4862	6100	4932
152158161	0	3031	4773	6109	4918
152158260	0	3050	4834	6104	4937
152158361	0	3036	4829	6095	4937
152158461	0	3045	4792	6114	4942
152158561	0	3106	4834	6095	4961
152158660	0	3012	4853	6114	4951
152158761	0	3045	4754	6104	4923
152158860	0	3022	4782	6109	4895
152158960	0	3041	4787	6081	4900
152159060	0	3050	4787	6109	4928
152159160	0	3036	4782	6104	4923
152159261	0	3073	4848	6086	4928
152159364	0	3036	4782	6118	4895
152159460	0	3012	4778	6100	4942
152159561	0	3083	4782	6095	4914
152159661	0	3097	4820	6095	4909
152159761	0	3073	4806	6109	4937
152159860	0	3073	4787	6095	4900
152159960	0	3012	4796	6095	4900
152200060	0	3017	4796	6118	4965
152200160	0	3036	4745	6109	4890
152200261	0	3027	4773	6090	4895
152200360	0	3088	4787	6090	4923
152200460	0	3031	4862	6095	4914
152200560	0	3045	4782	6104	4914
152200661	0	3041	4834	6100	4909
152200761	0	3045	4871	6100	4928
152200860	0	3036	4834	6123	4946
152200961	0	3017	4853	6100	4900
152201064	0	3045	4825	6104	4876
152201161	0	3092	4871	6104	4932
152201260	0	3045	4839	6114	4928
152201360	0	3083	4801	6109	4862
152201461	0	3012	4848	6086	4918
152201560	0	3036	4815	6090	4942
152201660	0	3069	4853	6090	4890
152201760	0	3027	4764	6114	4946
152201861	0	3055	4848	6104	4918
152201960	0	3050	4778	6100	4909
152202061	0	3012	4829	6114	4900
152202161	0	3017	4867	6100	4904
152202461	0	3069	4853	6100	4895
152202560	0	3027	4881	6095	4946
152202661	0	3008	4796	6095	4918
152202760	0	3083	4834	6123	4904
152202860	0	3050	4806	6114	4886
152202960	0	3069	4848	6114	4904
152203060	0	3069	4764	6114	4900
152203161	0	3003	4829	6133	4951
152203260	0	3050	4768	6123	4946
152203361	0	3097	4853	6109	4965
152203464	0	3036	4787	6104	4961
152203561	0	3064	4764	6100	4951
152203660	0	3041	4773	6095	4946
152203760	0	3059	4815	6118	4928
152203861	0	3017	4759	6086	4900
152203960	0	3022	4764	6104	4942
152204060	0	3041	4754	6104	4932
152204161	0	3008	4792	6086	4942
152204261	0	3073	4839	6104	4909
152204360	0	3012	4848	6104	4909
152204460	0	3055	4857	6104	4886
152204561	0	3031	4782	6081	4909
152204660	0	3017	4853	6081	4965
152204760	0	3027	4857	6067	4942
152204860	0	3041	4857	6123	4946
152204961	0	3088	4853	6090	4970
152205060	0	3097	4848	6081	4956
152205161	0	3092	4806	6086	4956
152205261	0	3022	4834	6100	4932
152205361	0	3097	4773	6104	4890
152205460	0	3083	4857	6090	4886
152205560	0	3017	4750	6095	4993
152205660	0	3083	4862	6081	4937
152205760	0	3092	4773	6100	4956
152205861	0	3036	4848	6109	4918
152205960	0	3022	4848	6053	4946
152206061	0	3045	4853	6114	4946
152206160	0	3031	4792	6086	4932
152206261	0	3055	4773	6086	4970
152206361	0	3036	4768	6114	4918
152206461	0	3102	4820	6104	4923
152206560	0	3022	4853	6095	4937
152206660	0	3041	4745	6128	4923
152206761	0	3073	4754	6104	4961
152206860	0	3106	4853	6109	4961
152206960	0	3027	4773	6090	4881
152207060	0	3036	4857	6081	4946
152207160	0	3078	4768	6100	4904
152207261	0	3078	4825	6067	4895
152207360	0	3022	4754	6128	4909
152207460	0	2998	4843	6114	4904
152207564	0	3050	4876	6090	4904
152207661	0	3073	4801	6086	4909
152207760	0	3045	4773	6109	4928
152207860	0	3111	4834	6090	4914
152207960	0	3050	4759	6086	4937
152208061	0	3036	4806	6090	4946
152208161	0	3106	4834	6081	4937
152208260	0	3102	4825	6095	4909
152208363	0	3017	4867	6086	4923
152208460	0	3059	4871	6104	4914
152208560	0	3116	4829	6123	4876
152208660	0	3012	4829	6081	4923
152208760	0	3050	4810	6072	4937
152208860	0	3088	4834	6109	4942
152208960	0	3022	4782	6090	4918
152209061	0	3064	4792	6090	4923
152209160	0	3069	4825	6086	4946
152209261	0	3022	4857	6090	4961
152209360	0	3059	4820	6109	4923
152209460	0	3102	4792	6081	4932
152209560	0	3008	4829	6100	4932
152209660	0	3027	4806	6076	4904
152209761	0	3041	4796	6109	4928
152209860	0	3036	4848	6109	4951
152209960	0	3036	4787	6104	4909
152210060	0	3102	4778	6090	4881
152210160	0	3055	4806	6104	4918
152210260	0	3008	4778	6109	4951
152210360	0	3073	4782	6100	4937
152210462	0	3050	4857	6109	4937
152210561	0	3045	4782	6086	4937
152210663	0	3059	4848	6095	4970
152210761	0	3088	4862	6081	4900
152210860	0	3036	4825	6095	4871
152210961	0	3045	4750	6104	4946
152211062	0	3055	4750	6090	4904
152211160	0	3069	4834	6104	4876
152211260	0	3102	4857	6090	4918
152211361	0	3027	4848	6100	4923
152211462	0	3031	4848	6090	4946
152211561	0	3125	4764	6114	4951
152211664	0	3045	4862	6104	4914
152211762	0	3120	4862	6104	4975
152211861	0	3022	4853	6118	4900
152211961	0	3069	4862	6114	4928
152212060	0	3036	4857	6100	4923
152212163	0	3055	4843	6086	4890
152212260	0	3027	4876	6095	4881
152212360	0	3050	4796	6109	4932
152212463	0	3073	4834	6100	4895
152212561	0	3027	4782	6090	4932
152212661	0	3027	4787	6086	4951
152212762	0	3064	4792	6081	4890
152212860	0	3073	4815	6118	4932
152212962	0	3092	4778	6086	4895
152213060	0	3008	4806	6081	4951
152213161	0	3031	4754	6109	4928
152213261	0	3073	4768	6086	4937
152213360	0	3050	4787	6100	4914
152213460	0	3022	4759	6100	4951
152213560	0	3069	4792	6095	4876
152213660	0	3073	4843	6090	4937
152213761	0	3111	4820	6109	4923
152213861	0	3027	4792	6095	4900
152213960	0	3045	4759	6100	4961
152214060	0	3106	4829	6100	4923
152214160	0	3022	4825	6104	4951
152214261	0	3031	4778	6067	4918
152214360	0	3055	4759	6095	4923
152214460	0	3022	4843	6081	4951
152214560	0	3111	4768	6095	4951
152214660	0	3022	4825	6123	4961
152214760	0	3069	4773	6067	4937
152214861	0	3041	4834	6086	4914
152214961	0	3050	4853	6095	4928
152215060	0	3073	4759	6090	4942
152215160	0	3088	4778	6118	4946
152215260	0	3050	4787	6100	4904
152215361	0	3064	4810	6114	4890
152215460	0	3064	4754	6100	4923
152215560	0	3059	4848	6100	4946
152215660	0	3083	4857	6109	4956
152215762	0	3017	4857	6104	4975
152215861	0	3017	4857	6067	4946
152215960	0	3041	4853	6100	4965
152216061	0	3036	4853	6100	4923
152216160	0	3017	4801	6100	4918
152216260	0	3045	4792	6128	4923
152216361	0	3106	4829	6090	4904
152216460	0	3097	4764	6095	4900
152216560	0	3045	4768	6133	4946
152216660	0	3027	4792	6095	4965
152216760	0	3092	4773	6090	4923
152216860	0	3050	4848	6128	4928
152216960	0	3092	4815	6100	4946
152217160	0	3050	4843	6095	4951
152217260	0	3088	4768	6095	4918
152217360	0	3078	4867	6090	4914
152217460	0	3078	4768	6109	4928
152217560	0	3055	4848	6118	4895
152217660	0	2998	4778	6090	4904
152217760	0	3088	4778	6095	4923
152217860	0	3027	4853	6086	4918
152217961	0	3097	4867	6067	4900
152218060	0	3003	4764	6100	4923
152218161	0	3012	4825	6104	4900
152218260	0	3022	4848	6090	4932
152218360	0	3073	4848	6118	4928
152218460	0	3064	4839	6114	4951
152218560	0	3022	4886	6095	4895
152218661	0	3012	4843	6123	4956
152218761	0	3069	4745	6104	4918
152218861	0	3031	4773	6118	4984
152218961	0	3050	4768	6090	4956
152219061	0	3102	4829	6100	4909
152219160	0	3017	4778	6100	4942
152219260	0	3003	4768	6104	4909
152219360	0	3017	4787	6095	4909
152219461	0	3036	4867	6109	4942
152219561	0	3022	4839	6086	4928
152219660	0	3050	4829	6123	4937
152219760	0	3022	4867	6090	4923
152219864	0	3064	4876	6118	4900
152219960	0	3041	4768	6076	4942
152220060	0	3031	4773	6081	4914
152220160	0	3069	4792	6100	4932
152220260	0	3073	4768	6109	4904
152220361	0	3102	4848	6076	4904
152220460	0	3055	4764	6133	4932
152220560	0	3102	4778	6109	4914
152220660	0	3036	4857	6114	4951
152220760	0	3045	4843	6104	4923
152220860	0	3027	4778	6090	4895
152220961	0	3055	4825	6104	4914
152221060	0	3073	4843	6114	4918
152221160	0	3083	4773	6067	4942
152221261	0	3055	4871	6114	4979
152221360	0	3064	4782	6100	4932
152221460	0	3050	4750	6081	4951
152221561	0	3027	4867	6118	4937
152221661	0	3003	4768	6104	4946
152221760	0	3055	4853	6100	4928
152221861	0	3022	4843	6128	4923
152221960	0	3088	4764	6104	4928
152222060	0	3102	4801	6109	4904
152222160	0	3050	4792	6104	4900
152222260	0	3036	4768	6081	4904
152222361	0	3064	4839	6104	4918
152222461	0	3055	4759	6072	4961
152222560	0	3083	4773	6100	4951
152222660	0	3050	4862	6118	4928
152222761	0	3064	4754	6104	4918
152222861	0	3050	4754	6081	4942
152222960	0	3059	4773	6095	4970
152223061	0	3041	4862	6118	4914
152223160	0	3055	4773	6104	4890
152223260	0	3008	4829	6081	4909
152223360	0	3022	4834	6086	4909
152223460	0	3069	4853	6076	4937
152223560	0	3036	4848	6081	4932
152223661	0	3008	4834	6100	4914
152223760	0	3088	4815	6095	4956
152223861	0	3012	4810	6100	4914
152223964	0	3012	4782	6118	4928
152224060	0	3045	4853	6095	4937
152224160	0	3102	4820	6114	4932
152224260	0	3045	4862	6095	4909
152224360	0	3055	4857	6081	4918
152224461	0	3017	4810	6100	4961
152224560	0	3041	4778	6100	4923
152224660	0	3041	4834	6128	4909
152224760	0	3092	4768	6128	4900
152224861	0	3092	4792	6123	4951
152224960	0	3055	4862	6109	4900
152225060	0	3059	4787	6109	4970
152225160	0	3022	4750	6100	4965
152225260	0	3041	4759	6104	4890
152225360	0	3073	4829	6104	4923
152225460	0	3069	4867	6095	4923
152225561	0	3017	4782	6086	4951
152225660	0	3102	4773	6086	4900
152225761	0	3083	4867	6109	4918
152225861	0	3097	4764	6076	4946
152225960	0	3055	4764	6081	4942
152226061	0	3022	4806	6109	4914
152226160	0	3036	4853	6123	4942
152226260	0	3036	4853	6090	4942
152226361	0	3031	4834	6104	4946
152226461	0	2989	4857	6109	4886
152226560	0	3059	4787	6100	4900
152226661	0	3041	4764	6100	4890
152226760	0	3055	4806	6081	4942
152226860	0	3017	4773	6123	4881
152226964	0	3050	4796	6090	4951
152227061	0	3045	4792	6104	4932
152227161	0	3022	4820	6090	4895
152227261	0	3027	4782	6104	4909
152227360	0	3008	4839	6090	4923
152227461	0	3012	4778	6118	4900
152227561	0	3036	4867	6076	4904
152227660	0	3055	4848	6090	4961
152227961	0	3097	4754	6095	4937
152228064	0	3092	4871	6090	4928
152228160	0	3050	4829	6109	4904
152228260	0	3088	4773	6090	4904
152228360	0	3116	4843	6104	4956
152228461	0	3041	4782	6114	4909
152228560	0	3031	4773	6095	4918
152228660	0	3078	4796	6114	4946
152228761	0	3069	4862	6123	4914
152228860	0	3012	4853	6076	4914
152228960	0	2998	4853	6081	4918
152229060	0	3045	4782	6114	4914
152229160	0	3036	4768	6114	4937
152229260	0	3045	4853	6104	4942
152229360	0	3050	4792	6118	4928
152229460	0	3092	4853	6076	4918
152229560	0	3073	4834	6081	4937
152229660	0	3088	4792	6090	4946
152229760	0	3209	4782	6086	4909
152229860	0	3027	4796	6109	4918
152229960	0	3088	4820	6118	4923
152230060	0	3078	4820	6090	4956
152230160	0	3031	4778	6072	4914
152230260	0	3027	4853	6095	4914
152230360	0	3069	4773	6086	4909
152230460	0	3102	4820	6123	4928
152230560	0	3012	4834	6123	4932
152230660	0	3092	4782	6118	4876
152230761	0	3050	4759	6118	4956
152230860	0	3064	4792	6104	4914
152230961	0	3031	4857	6081	4937
152231060	0	3088	4796	6100	4932
152231160	0	3106	4862	6100	4961
152231260	0	3036	4848	6109	4956
152231360	0	3050	4839	6109	4970
152231460	0	3045	4815	6081	4909
152231561	0	3073	4759	6104	4946
152231660	0	3050	4853	6118	4914
152231760	0	3008	4843	6118	4946
152231860	0	3036	4768	6133	4970
152231960	0	3027	4848	6081	4895
152232060	0	3064	4848	6104	4928
152232164	0	3064	4773	6095	4965
152232260	0	3050	4773	6086	4956
152232360	0	3073	4792	6095	4918
152232461	0	3106	4843	6114	4932
152232560	0	3106	4792	6104	4932
152232661	0	3017	4839	6109	4904
152232760	0	3059	4825	6114	4932
152232860	0	3059	4773	6095	4909
152232960	0	3078	4764	6086	4881
152233060	0	3031	4815	6123	4918
152233160	0	3050	4801	6100	4942
152233260	0	3017	4839	6118	4914
152233360	0	3083	4773	6090	4970
152233460	0	3055	4867	6067	4918
152233560	0	3050	4801	6118	4909
152233660	0	3027	4768	6114	4932
152233760	0	3050	4782	6081	4918
152233861	0	3045	4787	6128	4904
152233960	0	3036	4839	6104	4914
152234060	0	3031	4754	6100	4886
152234160	0	3078	4782	6100	4975
152234260	0	3031	4773	6095	4886
152234360	0	3055	4806	6109	4918
152234460	0	3088	4862	6114	4946
152234560	0	3017	4848	6104	4928
152234660	0	3050	4801	6090	4914
152234760	0	2980	4764	6090	4961
152234860	0	3102	4773	6100	4946
152234960	0	3008	4862	6090	4909
152235060	0	3027	4834	6104	4923
152235160	0	3003	4820	6114	4975
152235260	0	3097	4857	6081	4918
152235360	0	3064	4796	6081	4886
152235460	0	3088	4834	6086	4951
152235560	0	3050	4857	6118	4914
152235660	0	3059	4787	6100	4946
152235760	0	3111	4815	6104	4918
152235860	0	3003	4764	6100	4932
152235960	0	3102	4862	6100	4909
152236060	0	3041	4782	6095	4895
152236160	0	3045	4876	6072	4937
152236263	0	3055	4759	6081	4951
152236361	0	3069	4806	6109	4867
152236460	0	2998	4820	6123	4909
152236560	0	3031	4768	6104	4932
152236660	0	3050	4815	6086	4961
152236760	0	3059	4764	6114	4942
152236860	0	3073	4806	6081	4914
152236960	0	3064	4796	6086	4956
152237060	0	3031	4857	6118	4946
152237160	0	3041	4815	6114	4923
152237260	0	3022	4848	6114	4909
152237360	0	3059	4834	6090	4942
152237460	0	3083	4773	6114	4946
152237560	0	3041	4857	6114	4970
152237660	0	3092	4815	6090	4961
152237760	0	3097	4857	6090	4914
152237860	0	3045	4792	6095	4918
152237961	0	3022	4848	6067	4923
152238060	0	3097	4796	6081	4909
152238160	0	3031	4820	6118	4946
152238260	0	3045	4825	6095	4937
152238360	0	3017	4768	6118	4890
152238460	0	3064	4796	6100	4928
152238560	0	3050	4801	6123	4956
152238660	0	3027	4806	6090	4946
152238760	0	3041	4848	6067	4895
152238860	0	3036	4764	6095	4932
152238960	0	3022	4796	6090	4895
152239060	0	3064	4806	6095	4937
152239160	0	3069	4806	6095	4937
152239260	0	3050	4848	6137	4942
152239360	0	3083	4778	6090	4918
152239460	0	3022	4815	6123	4918
152239560	0	3045	4815	6104	4965
152239660	0	3008	4792	6095	4900
152239760	0	3092	4862	6086	4923
152239860	0	3008	4810	6095	4886
152239960	0	3050	4834	6095	4923
152240060	0	3045	4778	6118	4942
152240160	0	3036	4773	6114	4923
152240260	0	3041	4787	6072	4914
152240364	0	3088	4773	6109	4961
152240460	0	3050	4829	6095	4890
152240560	0	3022	4848	6128	4928
152240661	0	3041	4759	6118	4923
152240760	0	3012	4862	6095	4909
152240860	0	3012	4876	6095	4937
152240960	0	3073	4792	6104	4923
152241060	0	3041	4782	6090	4937
152241160	0	3064	4820	6104	4951
152241260	0	3088	4759	6100	4942
152241360	0	3092	4834	6095	4928
152241460	0	3069	4843	6109	4904
152241560	0	3022	4792	6114	4942
152241660	0	3055	4773	6076	4932
152241760	0	3092	4848	6076	4946
152241860	0	3012	4759	6100	4909
152241960	0	3069	4862	6081	4923
152242060	0	3012	4792	6100	4942
152242161	0	3059	4773	6086	4895
152242260	0	3106	4834	6104	4895
152242360	0	3069	4759	6133	4928
152242460	0	3012	4834	6109	4904
152242560	0	3111	4759	6104	4956
152242660	0	3078	4834	6086	4909
152242760	0	3012	4839	6104	4923
152242860	0	3031	4839	6109	4928
152242960	0	3083	4825	6114	4928
152243060	0	3092	4820	6114	4900
152243160	0	3045	4782	6114	4984
152243260	0	3003	4792	6109	4937
152243360	0	3027	4787	6123	4895
152243460	0	3064	4834	6067	4970
152243560	0	3050	4853	6109	4937
152243660	0	3092	4834	6095	4923
152243760	0	3017	4792	6076	4932
152243860	0	3022	4782	6104	4942
152243960	0	3059	4773	6109	4909
152244060	0	3088	4773	6100	4904
152244160	0	3088	4853	6137	4937
152244260	0	3050	4834	6086	4928
152244360	0	3041	4768	6081	4890
152244464	0	3031	4787	6095	4937
152244560	0	3012	4764	6109	4895
152244660	0	3050	4796	6114	4942
152244760	0	3041	4815	6109	4909
152244860	0	3097	4792	6076	4881
152244960	0	3050	4801	6114	4923
152245060	0	3055	4754	6081	4886
152245160	0	3036	4792	6109	4937
152245260	0	3092	4773	6081	4909
152245360	0	3022	4768	6114	4909
152245460	0	3036	4796	6118	4886
152245560	0	3055	4871	6086	4928
152245660	0	3022	4820	6114	4895
152245760	0	3022	4768	6086	4975
152245860	0	3022	4834	6109	4900
152245960	0	3045	4867	6086	4914
152246060	0	3073	4778	6133	4876
152246160	0	3064	4768	6100	4965
152246359	0	3031	4778	6104	4946
152246460	0	3059	4801	6109	4961
152246560	0	3092	4825	6086	4970
152246660	0	3064	4796	6100	4951
152246760	0	3069	4773	6067	4937
152246860	0	3106	4820	6114	4961
152246960	0	3083	4768	6100	4918
152247060	0	3111	4810	6104	4923
152247160	0	3041	4796	6081	4965
152247260	0	3083	4764	6095	4951
152247360	0	3022	4867	6100	4895
152247460	0	3069	4773	6095	4918
152247560	0	3050	4862	6109	4895
152247660	0	3069	4834	6114	4923
152247760	0	3045	4848	6109	4951
152247860	0	3055	4848	6109	4956
152247960	0	3092	4750	6123	4956
152248060	0	3111	4782	6100	4951
152248160	0	3017	4796	6104	4923
152248260	0	3031	4843	6128	4946
152248360	0	3050	4768	6072	4881
152248460	0	3036	4768	6114	4961
152248564	0	3045	4862	6076	4942
152248660	0	3069	4815	6123	4942
152248760	0	3003	4834	6095	4918
152248860	0	3059	4768	6109	4914
152248960	0	3036	4867	6109	4946
152249060	0	3012	4768	6137	4932
152249160	0	3045	4862	6081	4914
152249260	0	3045	4778	6123	4914
152249360	0	3036	4773	6123	4942
152249460	0	3059	4857	6076	4918
152249560	0	3045	4782	6086	4918
152249660	0	3012	4806	6067	4946
152249760	0	3102	4778	6118	4904
152249860	0	3078	4787	6114	4914
152249960	0	3041	4839	6123	4914
152250060	0	3041	4806	6128	4946
152250160	0	3078	4834	6095	4900
152250260	0	3012	4768	6104	4914
152250360	0	3059	4773	6090	4914
152250460	0	3083	4806	6100	4904
152250560	0	3031	4853	6104	4904
152250660	0	3069	4778	6090	4867
152250760	0	3064	4843	6118	4904
152250860	0	3027	4857	6123	4951
152250960	0	3078	4778	6095	4946
152251060	0	3045	4867	6072	4937
152251160	0	3036	4778	6100	4951
152251260	0	3050	4848	6090	4956
152251360	0	3008	4871	6095	4965
152251460	0	3022	4796	6109	4932
152251559	0	3022	4782	6123	4970
152251660	0	3008	4862	6086	4900
152251760	0	3069	4834	6123	4918
152251859	0	3088	4843	6100	4918
152251960	0	3022	4782	6109	4914
152252060	0	3045	4787	6118	4951
152252160	0	3027	4759	6090	4946
152252260	0	3088	4773	6095	4965
152252460	0	3102	4843	6118	4900
152252560	0	3036	4853	6100	4904
152252864	0	3102	4764	6123	4937
152252960	0	3017	4764	6114	4918
152253060	0	3008	4764	6095	4946
152253160	0	3045	4773	6086	4890
152253260	0	3027	4848	6118	4928
152253360	0	3069	4782	6128	4946
152253459	0	3017	4759	6100	4932
152253560	0	3027	4857	6118	4965
152253660	0	3045	4857	6104	4923
152253760	0	3078	4773	6095	4951
152253860	0	3069	4764	6109	4961
152253960	0	3041	4843	6072	4951
152254060	0	3083	4853	6076	4909
152254160	0	3073	4839	6081	4909
152254260	0	3083	4853	6104	4923
152254360	0	3073	4839	6095	4923
152254460	0	3106	4782	6109	4937
152254560	0	3092	4843	6104	4918
152254660	0	3055	4764	6109	4951
152254764	0	2994	4857	6114	4904
152254860	0	3083	4778	6114	4895
152254960	0	3059	4782	6095	4937
152255059	0	3027	4839	6086	4932
152255160	0	3031	4787	6090	4928
152255260	0	3022	4843	6109	4937
152255360	0	3097	4796	6086	4937
152255460	0	3022	4834	6090	4942
152255560	0	3050	4871	6095	4918
152255660	0	3008	4853	6086	4886
152255760	0	3012	4825	6095	4946
152255860	0	3045	4871	6100	4946
152255959	0	3055	4796	6123	4923
152256060	0	3012	4796	6095	4932
152256160	0	3102	4759	6104	4904
152256260	0	3041	4778	6123	4900
152256360	0	3083	4843	6090	4961
152256460	0	3022	4778	6109	4951
152256560	0	3073	4834	6090	4881
152256660	0	3036	4773	6086	4923
152256760	0	3078	4876	6081	4923
152256860	0	3045	4792	6100	4937
152256960	0	3031	4848	6123	4932
152257060	0	3092	4815	6076	4904
152257160	0	3017	4839	6104	4956
152257260	0	3120	4792	6081	4946
152257360	0	3036	4871	6104	4965
152257460	0	3050	4778	6090	4918
152257559	0	3059	4778	6114	4914
152257660	0	3092	4862	6114	4914
152257760	0	3036	4810	6104	4928
152257860	0	3045	4768	6090	4928
152257960	0	3064	4773	6100	4904
152258060	0	3064	4764	6100	4900
152258160	0	3008	4848	6109	4970
152258259	0	3041	4825	6118	4956
152258360	0	3092	4806	6109	4932
152258460	0	3036	4796	6095	4909
152258560	0	3059	4754	6086	4914
152258660	0	3045	4764	6118	4904
152258760	0	3059	4848	6109	4946
152258862	0	3059	4829	6100	4942
152258960	0	3059	4839	6090	4932
152259060	0	3031	4848	6104	4886
152259160	0	3003	4787	6114	4918
152259260	0	3045	4782	6095	4937
152259360	0	3083	4796	6109	4895
152259460	0	3092	4768	6123	4890
152259560	0	3036	4857	6104	4932
152259660	0	3041	4792	6090	4914
152259760	0	3008	4773	6114	4965
152259860	0	3027	4853	6086	4961
152259960	0	3078	4782	6104	4942
152300060	0	3027	4754	6062	4918
152300160	0	3055	4768	6128	4914
152300260	0	3031	4754	6104	4937
152300360	0	3088	4843	6090	4932
152300460	0	3017	4754	6057	4904
152300560	0	3069	4787	6100	4951
152300660	0	3041	4796	6067	4890
152300760	0	3045	4764	6081	4961
152300860	0	3102	4848	6104	4946
152300960	0	3045	4806	6104	4932
152301060	0	3012	4768	6095	4923
152301160	0	3041	4853	6114	4932
152301260	0	3036	4839	6095	4923
152301360	0	2989	4829	6090	4895
152301460	0	3073	4843	6081	4918
152301560	0	3050	4857	6081	4918
152301660	0	3027	4825	6109	4914
152301760	0	3045	4792	6104	4923
152301860	0	3088	4759	6067	4914
152301960	0	3003	4862	6090	4928
152302060	0	3036	4834	6109	4942
152302160	0	3069	4867	6118	4937
152302260	0	3041	4834	6104	4946
152302360	0	3022	4825	6118	4956
152302460	0	3064	4796	6100	4923
152302559	0	3069	4787	6114	4946
152302660	0	3036	4768	6081	4914
152302760	0	3055	4754	6109	4890
152302860	0	3027	4792	6118	4881
152302962	0	3083	4857	6090	4928
152303060	0	3031	4764	6081	4928
152303160	0	3036	4782	6118	4928
152303259	0	3036	4867	6100	4909
152303360	0	3031	4796	6114	4923
152303460	0	3078	4759	6104	4965
152303560	0	3078	4754	6118	4909
152303660	0	3050	4778	6100	4942
152303760	0	3092	4764	6118	4961
152303860	0	3092	4806	6109	4946
152303960	0	3073	4787	6109	4918
152304060	0	3073	4792	6118	4909
152304159	0	3078	4839	6114	4914
152304260	0	3027	4834	6100	4923
152304360	0	3069	4801	6104	4923
152304459	0	3031	4857	6118	4932
152304560	0	3036	4768	6109	4946
152304660	0	3055	4839	6104	4942
152304760	0	3055	4782	6095	4890
152304859	0	3088	4750	6104	4942
152304960	0	3059	4820	6095	4923
152305059	0	3012	4810	6067	4937
152305160	0	3069	4792	6086	4937
152305260	0	3064	4750	6086	4951
152305360	0	3045	4796	6133	4932
152305460	0	3022	4792	6118	4937
152305560	0	3045	4867	6118	4928
152305660	0	3008	4815	6104	4942
152305759	0	3073	4778	6090	4951
152305860	0	3036	4815	6095	4923
152305960	0	3055	4843	6133	4928
152306060	0	3050	4829	6128	4890
152306160	0	3045	4750	6118	4923
152306260	0	3088	4843	6109	4909
152306359	0	3003	4778	6086	4932
152306459	0	3017	4778	6114	4932
152306560	0	3008	4792	6123	4956
152306659	0	3012	4792	6104	4928
152306760	0	3012	4839	6090	4956
152306860	0	3064	4796	6090	4909
152306959	0	3017	4764	6104	4979
152307062	0	3012	4764	6086	4946
152307160	0	3027	4796	6128	4914
152307260	0	3050	4778	6076	4942
152307359	0	3045	4773	6100	4914
152307460	0	3064	4862	6118	4932
152307560	0	2994	4778	6100	4946
152307660	0	3022	4825	6100	4928
152307760	0	3003	4829	6095	4928
152307859	0	3008	4782	6118	4909
152307960	0	3012	4848	6090	4895
152308059	0	3027	4796	6100	4909
152308160	0	3041	4853	6081	4890
152308259	0	3078	4834	6100	4942
152308359	0	3050	4853	6090	4914
152308460	0	3031	4792	6109	4946
152308560	0	3073	4829	6090	4895
152308660	0	3041	4857	6081	4937
152308760	0	3027	4848	6109	4965
152308859	0	3027	4848	6086	4951
152308959	0	3045	4834	6076	4904
152309060	0	3088	4820	6100	4951
152309160	0	3078	4862	6095	4909
152309260	0	3022	4754	6086	4961
152309360	0	3027	4862	6118	4956
152309459	0	2998	4768	6100	4918
152309560	0	3069	4825	6100	4909
152309659	0	3069	4801	6109	4942
152309759	0	3106	4806	6109	4904
152309859	0	3050	4848	6114	4937
152309959	0	3078	4839	6109	4918
152310060	0	3031	4801	6086	4961
152310160	0	3059	4759	6109	4937
152310260	0	3022	4834	6081	4918
152310360	0	3088	4829	6104	4961
152310460	0	3027	4857	6104	4937
152310559	0	3073	4839	6109	4918
152310659	0	3050	4853	6114	4932
152310760	0	3050	4853	6095	4900
152310860	0	3083	4754	6114	4928
152310960	0	3073	4820	6137	4961
152311060	0	3106	4782	6109	4942
152311162	0	3008	4867	6100	4946
152311260	0	3078	4853	6114	4942
152311360	0	3036	4759	6100	4909
152311460	0	3055	4853	6123	4914
152311560	0	3059	4787	6100	4914
152311660	0	3036	4778	6095	4890
152311760	0	3097	4834	6095	4900
152311860	0	3092	4768	6086	4956
152311960	0	3073	4853	6104	4946
152312060	0	3017	4839	6090	4965
152312160	0	3083	4871	6104	4900
152312260	0	3045	4829	6104	4918
152312360	0	3017	4839	6095	4895
152312459	0	3111	4792	6109	4937
152312560	0	3055	4764	6100	4900
152312660	0	3027	4834	6104	4904
152312760	0	3050	4857	6133	4914
152312860	0	3008	4778	6104	4951
152312960	0	3064	4857	6095	4923
152313060	0	3050	4796	6090	4937
152313160	0	3036	4871	6100	4951
152313259	0	3031	4829	6104	4890
152313359	0	3012	4848	6123	4928
152313460	0	3036	4848	6123	4946
152313560	0	3055	4834	6100	4923
152313660	0	3031	4778	6090	4951
152313760	0	3012	4764	6090	4923
152313860	0	3059	4792	6086	4918
152313959	0	3050	4867	6109	4932
152314060	0	3073	4754	6104	4937
152314160	0	3027	4787	6086	4937
152314260	0	3069	4890	6095	4951
152314360	0	3088	4782	6090	4909
152314460	0	3012	4843	6100	4914
152314560	0	3059	4796	6086	4923
152314660	0	3045	4820	6072	4937
152314759	0	3055	4820	6086	4904
152314860	0	3008	4768	6104	4942
152314960	0	3088	4853	6114	4923
152315060	0	3031	4764	6114	4961
152315159	0	3031	4843	6076	4937
152315262	0	3031	4820	6072	4946
152315360	0	3102	4801	6095	4909
152315460	0	3050	4787	6109	4923
152315560	0	3059	4740	6109	4895
152315660	0	3041	4834	6109	4918
152315760	0	3008	4778	6090	4937
152315859	0	3017	4820	6128	4946
152315960	0	2998	4834	6114	4900
152316059	0	3069	4778	6090	4946
152316160	0	3036	4853	6081	4937
152316260	0	3055	4796	6072	4961
152316360	0	3027	4764	6081	4942
152316460	0	3027	4867	6090	4895
152316560	0	3031	4820	6090	4909
152316660	0	3059	4839	6104	4928
152316759	0	3055	4792	6100	4942
152316860	0	3022	4792	6072	4918
152316959	0	3078	4773	6081	4914
152317060	0	3045	4796	6114	4951
152317160	0	3031	4871	6118	4923
152317259	0	3008	4848	6095	4946
152317359	0	3041	4810	6104	4914
152317459	0	3041	4848	6109	4928
152317559	0	3036	4848	6114	4904
152317660	0	3050	4843	6100	4937
152317759	0	3050	4839	6090	4961
152317859	0	3045	4848	6118	4942
152317960	0	3083	4750	6095	4923
152318060	0	3064	4862	6086	4965
152318159	0	3036	4764	6114	4928
152318260	0	3008	4801	6076	4923
152318360	0	3041	4820	6100	4923
152318460	0	3008	4843	6109	4937
152318560	0	3050	4796	6081	4914
152318659	0	3012	4759	6128	4918
152318764	0	3064	4806	6081	4932
152318860	0	3083	4768	6100	4951
152318960	0	3003	4862	6100	4946
152319060	0	3036	4778	6086	4914
152319160	0	3027	4764	6118	4909
152319259	0	3041	4825	6100	4956
152319362	0	3012	4782	6076	4886
152319459	0	3036	4764	6104	4965
152319560	0	3045	4801	6095	4909
152319659	0	3008	4768	6114	4961
152319760	0	3088	4764	6104	4942
152319860	0	3059	4778	6095	4867
152319959	0	3031	4834	6095	4937
152320059	0	3116	4801	6118	4965
152320159	0	3027	4820	6095	4946
152320260	0	3050	4778	6142	4928
152320360	0	3069	4862	6076	4914
152320459	0	3041	4759	6118	4928
152320560	0	3008	4843	6081	4946
152320659	0	3055	4843	6100	4904
152320759	0	3041	4857	6114	4881
152320860	0	3050	4782	6095	4918
152320960	0	3059	4778	6086	4932
152321060	0	3050	4862	6100	4881
152321160	0	3031	4815	6100	4937
152321259	0	3008	4782	6095	4937
152321359	0	3059	4778	6095	4904
152321460	0	3022	4857	6109	4970
152321559	0	3073	4801	6100	4965
152321659	0	3012	4815	6095	4942
152321759	0	3031	4848	6133	4937
152321860	0	3083	4806	6104	4932
152321959	0	3017	4843	6086	4946
152322060	0	3073	4825	6104	4895
152322160	0	3027	4829	6104	4918
152322260	0	3041	4759	6100	4914
152322360	0	3022	4876	6086	4909
152322460	0	3041	4773	6104	4895
152322559	0	3027	4825	6090	4904
152322660	0	3031	4773	6109	4942
152322759	0	3012	4839	6086	4942
152322860	0	2989	4834	6100	4942
152322960	0	3045	4787	6095	4961
152323060	0	3069	4787	6104	4937
152323159	0	3045	4820	6104	4923
152323259	0	3092	4773	6104	4918
152323360	0	3022	4782	6114	4909
152323461	0	3055	4782	6100	4928
152323560	0	3059	4820	6109	4928
152323660	0	3069	4773	6104	4932
152323759	0	3083	4843	6114	4904
152323860	0	3059	4862	6090	4928
152323960	0	3041	4801	6076	4932
152324060	0	3008	4792	6090	4956
152324159	0	3017	4848	6095	4932
152324259	0	3083	4815	6104	4928
152324359	0	3059	4834	6090	4914
152324460	0	3027	4792	6123	4946
152324560	0	3036	4759	6123	4923
152324659	0	3012	4796	6086	4942
152324759	0	3041	4839	6095	4942
152324860	0	3064	4810	6114	4946
152324959	0	3055	4848	6081	4942
152325060	0	3041	4839	6123	4918
152325159	0	3050	4853	6090	4923
152325259	0	3027	4843	6118	4923
152325360	0	3078	4810	6123	4937
152325460	0	3031	4806	6086	4951
152325559	0	3069	4806	6123	4900
152325660	0	3069	4778	6109	4956
152325760	0	3027	4825	6114	4918
152325859	0	3106	4768	6072	4900
152325959	0	3064	4810	6109	4923
152326060	0	3050	4773	6100	4937
152326159	0	3083	4782	6090	4904
152326259	0	3027	4768	6123	4918
152326360	0	3045	4782	6104	4890
152326459	0	3045	4792	6081	4956
152326559	0	3069	4862	6095	4909
152326660	0	2994	4773	6109	4900
152326760	0	3045	4782	6086	4951
152326859	0	3036	4773	6095	4932
152326960	0	3031	4773	6114	4909
152327060	0	3036	4862	6128	4909
152327159	0	3111	4853	6081	4914
152327259	0	3059	4768	6086	4946
152327360	0	3050	4829	6123	4918
152327460	0	3097	4853	6076	4900
152327561	0	3078	4853	6114	4932
152327660	0	3008	4768	6090	4909
152327759	0	3050	4862	6123	4961
152327860	0	3031	4792	6086	4923
152327960	0	3022	4778	6114	4923
152328059	0	3036	4782	6104	4909
152328160	0	3012	4825	6114	4937
152328259	0	3073	4829	6100	4890
152328360	0	3012	4857	6100	4895
152328460	0	3031	4773	6109	4918
152328560	0	2998	4853	6133	4965
152328659	0	3055	4754	6123	4928
152328759	0	3031	4735	6109	4914
152328859	0	3027	4857	6142	4942
152328959	0	3069	4778	6137	4867
152329059	0	3036	4773	6109	4900
152329160	0	3003	4843	6114	4951
152329260	0	3064	4862	6109	4937
152329359	0	3045	4867	6067	4904
152329460	0	3088	4782	6090	4909
152329560	0	3050	4773	6100	4937
152329660	0	3069	4764	6123	4942
152329759	0	3092	4750	6118	4904
152329860	0	3055	4782	6086	4895
152329959	0	3064	4782	6109	4928
152330059	0	3045	4782	6109	4951
152330159	0	3012	4867	6114	4895
152330259	0	3078	4787	6109	4923
152330360	0	3088	4764	6086	4904
152330460	0	3073	4834	6090	4909
152330559	0	3041	4871	6095	4928
152330660	0	3059	4787	6137	4965
152330759	0	3027	4839	6086	4928
152330859	0	3092	4825	6072	4923
152330960	0	3069	4754	6095	4928
152331059	0	3059	4740	6086	4918
152331159	0	3069	4867	6104	4923
152331259	0	3106	4839	6095	4937
152331360	0	3078	4764	6104	4909
152331460	0	3012	4782	6133	4932
152331559	0	3036	4806	6090	4900
152331662	0	3088	4843	6109	4942
152331760	0	3088	4848	6104	4895
152331859	0	3022	4773	6118	4965
152331960	0	3045	4787	6095	4928
152332060	0	3027	4792	6076	4904
152332160	0	3116	4787	6104	4928
152332259	0	3055	4801	6114	4928
152332360	0	3036	4801	6118	4909
152332459	0	3088	4815	6100	4965
152332560	0	3092	4801	6104	4904
152332660	0	3083	4768	6095	4914
152332760	0	3055	4848	6100	4928
152332859	0	3027	4759	6114	4923
152332960	0	3041	4768	6104	4904
152333060	0	3078	4801	6081	4923
152333159	0	3069	4839	6086	4942
152333259	0	3017	4778	6128	4937
152333359	0	3041	4829	6123	4965
152333460	0	3022	4862	6109	4946
152333559	0	3027	4843	6100	4909
152333660	0	3083	4843	6090	4937
152333760	0	3097	4773	6114	4923
152333860	0	3078	4778	6123	4946
152333960	0	3012	4782	6100	4937
152334060	0	3022	4839	6095	4909
152334157	0	3008	4857	6076	4942
152334259	0	3106	4825	6109	4928
152334358	0	3012	4853	6090	4942
152334459	0	3092	4825	6090	4937
152334559	0	3036	4787	6086	4928
152334657	0	3050	4782	6128	4909
152334758	0	3041	4848	6109	4914
152334857	0	3022	4862	6076	4951
152334960	0	3092	4778	6095	4932
152335058	0	3083	4745	6072	4914
152335157	0	3092	4754	6072	4965
152335258	0	3017	4796	6086	4951
152335360	0	3069	4829	6090	4942
152335460	0	3041	4839	6086	4942
152335558	0	3036	4829	6086	4937
152335658	0	3041	4792	6104	4937
152335762	0	3083	4768	6086	4946
152335859	0	3012	4857	6114	4951
152335957	0	3027	4815	6114	4942
152336058	0	3097	4754	6086	4918
152336157	0	3012	4796	6086	4942
152336257	0	3102	4782	6109	4900
152336358	0	3078	4848	6109	4975
152336459	0	3064	4778	6095	4890
152336560	0	3008	4810	6118	4881
152336660	0	3073	4792	6100	4932
152336860	0	3102	4815	6114	4932
152336957	0	3078	4829	6076	4928
152337058	0	3088	4782	6118	4956
152337157	0	3097	4867	6081	4890
152337260	0	3116	4839	6109	4918
152337357	0	3050	4871	6114	4923
152337458	0	3012	4787	6118	4904
152337557	0	3022	4801	6086	4942
152337657	0	3022	4853	6090	4937
152337759	0	3064	4862	6100	4979
152337857	0	3106	4867	6095	4937
152337957	0	3017	4825	6090	4932
152338057	0	3069	4773	6095	4951
152338159	0	3012	4839	6118	4900
152338259	0	3045	4820	6118	4895
152338357	0	3059	4843	6109	4904
152338457	0	3073	4792	6076	4923
152338557	0	3064	4750	6076	4937
152338657	0	3059	4825	6100	4904
152338760	0	3064	4768	6086	4890
152338858	0	3092	4782	6095	4951
152338957	0	3083	4843	6109	4965
152339058	0	3059	4768	6100	4914
152339158	0	3064	4768	6095	4904
152339257	0	3083	4871	6086	4914
152339357	0	3036	4815	6104	4937
152339457	0	3041	4825	6104	4956
152339557	0	3083	4778	6118	4951
152339657	0	3073	4796	6114	4900
152339758	0	3097	4848	6095	4942
152339861	0	3055	4768	6095	4867
152339958	0	3064	4843	6090	4937
152340057	0	3073	4806	6100	4923
152340157	0	3012	4750	6109	4961
152340257	0	3050	4806	6090	4946
152340357	0	3017	4759	6095	4979
152340457	0	3031	4871	6076	4909
152340557	0	3069	4810	6100	4932
152340658	0	3045	4862	6114	4914
152340757	0	3073	4825	6081	4914
152340858	0	3045	4843	6123	4900
152340957	0	3073	4759	6109	4951
152341058	0	3045	4815	6090	4914
152341157	0	3055	4848	6086	4946
152341258	0	3097	4848	6090	4965
152341358	0	3036	4796	6076	4975
152341457	0	3027	4787	6086	4937
152341557	0	3073	4810	6100	4956
152341658	0	3120	4843	6081	4946
152341758	0	3027	4778	6114	4928
152341857	0	3092	4754	6081	4904
152341957	0	3041	4843	6095	4918
152342058	0	3027	4759	6128	4914
152342157	0	3036	4735	6114	4932
152342257	0	3078	4759	6123	4918
152342357	0	3027	4848	6118	4932
152342457	0	3088	4848	6118	4946
152342557	0	3088	4782	6109	4928
152342657	0	3097	4857	6128	4918
152342757	0	3069	4768	6128	4928
152342857	0	3088	4825	6104	4946
152342957	0	3036	4834	6123	4942
152343057	0	3102	4764	6086	4979
152343157	0	3041	4782	6081	4937
152343257	0	3111	4787	6109	4979
152343357	0	3050	4843	6118	4914
152343457	0	3027	4768	6142	4961
152343557	0	3045	4754	6109	4914
152343657	0	3017	4768	6095	4923
152343758	0	3041	4862	6090	4918
152343857	0	3017	4787	6090	4932
152343961	0	3083	4796	6104	4946
152344057	0	3036	4853	6109	4937
152344158	0	3045	4764	6100	4956
152344258	0	3012	4773	6090	4961
152344358	0	3041	4810	6090	4909
152344457	0	3083	4862	6090	4900
152344557	0	3031	4862	6100	4914
152344657	0	3050	4853	6086	4904
152344757	0	3078	4810	6133	4956
152344858	0	3102	4778	6118	4904
152344957	0	3083	4857	6123	4961
152345058	0	3055	4815	6081	4923
152345157	0	3059	4820	6095	4914
152345257	0	3059	4825	6100	4923
152345358	0	3059	4843	6114	4895
152345457	0	3050	4848	6095	4928
152345557	0	3041	4787	6100	4937
152345658	0	3012	4862	6100	4923
152345757	0	3078	4759	6086	4937
152345857	0	3064	4829	6100	4909
152345958	0	3055	4862	6128	4923
152346057	0	3045	4843	6090	4900
152346158	0	3097	4768	6081	4904
152346258	0	3050	4839	6133	4965
152346357	0	3083	4867	6114	4923
152346457	0	3055	4773	6109	4970
152346557	0	3036	4853	6123	4909
152346657	0	3069	4867	6114	4904
152346758	0	3055	4862	6100	4904
152346857	0	3003	4782	6114	4937
152346957	0	3050	4825	6100	4932
152347057	0	3008	4810	6100	4932
152347157	0	3064	4843	6090	4900
152347257	0	3008	4759	6100	4951
152347357	0	3083	4862	6128	4946
152347457	0	3078	4750	6123	4909
152347558	0	3041	4829	6100	4918
152347657	0	3031	4801	6109	4928
152347757	0	3059	4862	6104	4956
152347858	0	3073	4857	6104	4956
152347958	0	3088	4834	6133	4970
152348062	0	3069	4857	6114	4932
152348157	0	3069	4745	6100	4918
152348257	0	3102	4810	6081	4909
152348357	0	3055	4764	6086	4951
152348457	0	3027	4853	6086	4942
152348557	0	3022	4853	6076	4890
152348657	0	3064	4806	6081	4886
152348757	0	3111	4782	6095	4923
152348857	0	3111	4820	6090	4895
152348957	0	3102	4810	6072	4923
152349057	0	3078	4843	6123	4937
152349157	0	3017	4843	6114	4914
152349257	0	3059	4857	6104	4890
152349357	0	3078	4834	6095	4914
152349457	0	3041	4848	6095	4923
152349557	0	3078	4787	6095	4895
152349657	0	3064	4825	6109	4886
152349757	0	3088	4853	6128	4918
152349857	0	3069	4787	6100	4937
152349958	0	3050	4782	6072	4914
152350057	0	3078	4768	6114	4918
152350157	0	3022	4829	6081	4932
152350257	0	3092	4862	6086	4937
152350357	0	3102	4806	6053	4918
152350457	0	3027	4801	6123	4932
152350557	0	3017	4764	6095	4956
152350657	0	3017	4829	6086	4951
152350758	0	3012	4801	6123	4895
152350858	0	3027	4848	6095	4984
152350957	0	3050	4848	6123	4923
152351057	0	3088	4820	6133	4890
152351157	0	3036	4867	6095	4946
152351258	0	3073	4792	6081	4961
152351358	0	3050	4792	6086	4951
152351458	0	3055	4787	6123	4918
152351557	0	3036	4848	6118	4961
152351657	0	3031	4773	6095	4904
152351757	0	3102	4759	6109	4946
152351857	0	3088	4843	6114	4914
152351957	0	3102	4825	6114	4923
152352057	0	3069	4848	6090	4951
152352161	0	3097	4820	6123	4928
152352257	0	3045	4848	6123	4961
152352357	0	3012	4848	6104	4946
152352458	0	3036	4871	6090	4923
152352557	0	3055	4862	6128	4942
152352657	0	3073	4820	6109	4942
152352758	0	3036	4829	6118	4946
152352858	0	3078	4871	6118	4914
152352957	0	3073	4796	6118	4918
152353057	0	3059	4773	6104	4886
152353157	0	3017	4792	6118	4932
152353257	0	3102	4876	6095	4946
152353357	0	3050	4754	6086	4895
152353458	0	3083	4848	6100	4904
152353557	0	3022	4806	6114	4942
152353657	0	3097	4839	6100	4942
152353757	0	3041	4839	6114	4918
152353858	0	3088	4778	6104	4946
152353957	0	3073	4871	6086	4942
152354057	0	3027	4806	6081	4909
152354157	0	3088	4773	6072	4984
152354257	0	3022	4839	6067	4937
152354357	0	3083	4834	6081	4928
152354457	0	3012	4764	6090	4900
152354557	0	3031	4750	6104	4956
152354657	0	3017	4857	6090	4904
152354757	0	3055	4754	6100	4928
152354857	0	3111	4778	6095	4932
152354958	0	3069	4857	6114	4942
152355058	0	3055	4787	6104	4946
152355157	0	3036	4792	6086	4923
152355257	0	3045	4782	6114	4909
152355358	0	3092	4792	6104	4867
152355457	0	3031	4801	6100	4914
152355557	0	3102	4782	6076	4904
152355657	0	3078	4764	6090	4942
152355758	0	3027	4787	6118	4923
152355858	0	3027	4764	6081	4942
152355957	0	3045	4839	6086	4951
152356057	0	3027	4778	6123	4918
152356157	0	3073	4853	6137	4965
152356261	0	3073	4839	6123	4961
152356357	0	3041	4764	6100	4932
152356457	0	3041	4820	6118	4932
152356557	0	3102	4796	6086	4904
152356657	0	3073	4787	6142	4918
152356758	0	3012	4853	6090	4937
152356857	0	3036	4750	6128	4961
152356957	0	3102	4750	6100	4900
152357057	0	3017	4886	6123	4918
152357157	0	3059	4773	6090	4942
152357257	0	3102	4825	6114	4937
152357357	0	3069	4853	6123	4951
152357457	0	3017	4843	6114	4961
152357557	0	3045	4754	6123	4900
152357657	0	3125	4787	6095	4951
152357757	0	3050	4768	6114	4937
152357857	0	3036	4759	6081	4923
152357958	0	3073	4801	6109	4923
152358057	0	3088	4796	6104	4942
152358157	0	3036	4843	6081	4890
152358257	0	3017	4806	6123	4928
152358357	0	3073	4834	6100	4881
152358457	0	3017	4871	6100	4928
152358557	0	3003	4750	6123	4946
152358657	0	3055	4839	6081	4928
152358757	0	3045	4829	6086	4937
152358857	0	3036	4871	6090	4904
152358957	0	3041	4829	6114	4942
152359057	0	3045	4857	6081	4932
152359157	0	3045	4857	6076	4904
152359257	0	3069	4796	6123	4886
152359357	0	3059	4853	6090	4951
152359457	0	3036	4857	6095	4904
152359557	0	3027	4839	6114	4914
152359659	0	3017	4773	6086	4937
152359757	0	3050	4825	6109	4932
152359858	0	3017	4871	6118	4918
152359957	0	3045	4806	6123	4914
152400057	0	3041	4787	6086	4928
152400157	0	3069	4848	6128	4914
152400257	0	3036	4787	6076	4956
152400361	0	3022	4843	6090	4942
152400458	0	3045	4787	6072	4895
152400557	0	3027	4848	6072	4932
152400657	0	3059	4768	6114	4923
152400757	0	3045	4853	6133	4909
152400857	0	3022	4796	6118	4881
152400957	0	3083	4810	6114	4932
152401057	0	3041	4829	6104	4914
152401157	0	3036	4848	6109	4914
152401257	0	3050	4801	6076	4932
152401357	0	3036	4792	6095	4886
152401458	0	3125	4792	6109	4937
152401557	0	3055	4853	6109	4942
152401657	0	3078	4754	6081	4928
152401757	0	3088	4796	6100	4942
152401857	0	3078	4810	6104	4890
152401957	0	3120	4857	6100	4890
152402057	0	3097	4764	6104	4956
152402257	0	3097	4764	6100	4923
152402357	0	3045	4810	6114	4932
152402457	0	3106	4853	6109	4942
152402557	0	3027	4857	6104	4918
152402657	0	3036	4792	6118	4937
152402757	0	3092	4768	6090	4928
152402857	0	3055	4796	6114	4895
152402957	0	3041	4801	6118	4918
152403057	0	3041	4829	6095	4932
152403157	0	3031	4815	6104	4951
152403257	0	3012	4839	6104	4890
152403357	0	3045	4853	6104	4895
152403457	0	3092	4754	6081	4900
152403557	0	3064	4778	6090	4890
152403657	0	3088	4778	6114	4900
152403757	0	3045	4848	6104	4928
152403858	0	3041	4801	6114	4904
152403957	0	3083	4801	6104	4956
152404257	0	3064	4778	6081	4942
152404357	0	3064	4820	6104	4914
152404461	0	3012	4843	6118	4881
152404557	0	3050	4782	6123	4956
152404657	0	3017	4764	6067	4909
152404757	0	3027	4801	6128	4909
152404857	0	3012	4857	6118	4923
152404957	0	3041	4820	6123	4965
152405057	0	3083	4862	6081	4881
152405157	0	3088	4848	6109	4951
152405257	0	3045	4759	6142	4942
152405357	0	3017	4815	6114	4895
152405458	0	3078	4759	6081	4942
152405557	0	3041	4853	6067	4942
152405657	0	3050	4787	6133	4890
152405757	0	3008	4834	6086	4914
152405857	0	3073	4829	6104	4937
152405957	0	3106	4839	6076	4918
152406057	0	3088	4778	6109	4932
152406157	0	3088	4764	6090	4979
152406257	0	3041	4782	6109	4918
152406357	0	3045	4848	6104	4900
152406457	0	3069	4778	6081	4904
152406557	0	3041	4806	6086	4900
152406657	0	3036	4764	6072	4965
152406757	0	3022	4796	6104	4928
152406857	0	3064	4853	6114	4923
152406957	0	3059	4839	6104	4951
152407057	0	2994	4848	6081	4937
152407157	0	3041	4839	6081	4937
152407257	0	3031	4857	6086	4946
152407357	0	3031	4820	6072	4918
152407457	0	3017	4796	6095	4942
152407557	0	3092	4796	6095	4876
152407657	0	3088	4806	6100	4904
152407757	0	3083	4857	6100	4904
152407857	0	3092	4843	6109	4904
152407958	0	3045	4862	6100	4946
152408057	0	3036	4792	6109	4914
152408157	0	3055	4834	6100	4928
152408257	0	3050	4834	6095	4942
152408358	0	3064	4862	6086	4895
152408457	0	3059	4745	6076	4928
152408561	0	3041	4825	6090	4951
152408657	0	3106	4764	6090	4937
152408757	0	3073	4843	6104	4942
152408857	0	3031	4796	6086	4923
152408957	0	3064	4773	6100	4946
152409057	0	3111	4778	6109	4975
152409157	0	3045	4792	6123	4890
152409257	0	3045	4815	6067	4937
152409357	0	3064	4810	6081	4886
152409457	0	3069	4778	6114	4942
152409557	0	3041	4782	6123	4857
152409657	0	3050	4829	6104	4914
152409757	0	3008	4754	6081	4970
152409857	0	3092	4853	6109	4890
152409957	0	3031	4862	6095	4923
152410057	0	3027	4778	6128	4881
152410157	0	3073	4782	6086	4923
152410257	0	3116	4754	6095	4979
152410358	0	3097	4778	6095	4961
152410457	0	3022	4825	6133	4956
152410557	0	3012	4820	6104	4923
152410657	0	3012	4768	6109	4928
152410757	0	3031	4740	6100	4942
152410857	0	3045	4768	6114	4904
152410956	0	3008	4773	6114	4928
152411057	0	3036	4848	6114	4961
152411157	0	3041	4829	6109	4928
152411257	0	3055	4764	6090	4932
152411357	0	3036	4782	6109	4942
152411457	0	3003	4796	6104	4895
152411557	0	3012	4825	6100	4932
152411657	0	3092	4773	6095	4918
152411757	0	3064	4806	6043	4918
152411857	0	3050	4773	6081	4914
152411957	0	3059	4787	6118	4909
152412057	0	3041	4778	6109	4946
152412157	0	3031	4768	6100	4895
152412257	0	3055	4829	6081	4951
152412357	0	3069	4787	6076	4942
152412457	0	3045	4782	6118	4932
152412557	0	3008	4829	6100	4961
152412662	0	3055	4778	6081	4956
152412757	0	3027	4820	6095	4900
152412857	0	3041	4848	6109	4904
152412957	0	3045	4820	6095	4923
152413057	0	3027	4792	6137	4937
152413157	0	3017	4787	6076	4914
152413257	0	3050	4792	6076	4937
152413357	0	3064	4778	6076	4895
152413457	0	3055	4792	6128	4923
152413557	0	3069	4825	6095	4886
152413657	0	3064	4848	6100	4904
152413757	0	3017	4773	6109	4900
152413857	0	3069	4881	6076	4923
152413957	0	3008	4768	6090	4918
152414057	0	3088	4778	6114	4951
152414157	0	3031	4848	6123	4942
152414257	0	3041	4768	6104	4951
152414356	0	3041	4862	6100	4895
152414457	0	3064	4782	6128	4918
152414557	0	3073	4834	6095	4942
152414657	0	3055	4764	6086	4932
152414757	0	3031	4867	6114	4975
152414857	0	3012	4801	6086	4951
152414957	0	3059	4825	6114	4909
152415057	0	3064	4815	6118	4928
152415157	0	3012	4839	6072	4923
152415257	0	3064	4768	6081	4965
152415357	0	3083	4815	6086	4946
152415457	0	3116	4853	6109	4909
152415557	0	3012	4810	6118	4932
152415657	0	3027	4810	6114	4932
152415757	0	3088	4834	6095	4979
152415857	0	3102	4796	6123	4900
152415957	0	3045	4825	6114	4942
152416057	0	3045	4782	6109	4900
152416157	0	3008	4834	6072	4951
152416257	0	3031	4778	6095	4881
152416357	0	3031	4857	6076	4914
152416457	0	3055	4782	6090	4942
152416557	0	3078	4839	6114	4909
152416657	0	3022	4806	6081	4928
152416761	0	3064	4857	6100	4965
152416857	0	3083	4829	6133	4928
152416957	0	3031	4815	6100	4909
152417057	0	3050	4843	6100	4918
152417157	0	3059	4764	6100	4946
152417257	0	2989	4796	6118	4956
152417357	0	3031	4876	6095	4900
152417457	0	3102	4796	6109	4932
152417557	0	3041	4848	6109	4942
152417657	0	3050	4759	6114	4956
152417757	0	3045	4857	6114	4890
152417857	0	3031	4843	6109	4946
152417957	0	3027	4843	6114	4946
152418057	0	3055	4853	6118	4909
152418157	0	3050	4773	6090	4946
152418257	0	3017	4759	6081	4923
152418357	0	3064	4848	6090	4956
152418457	0	3097	4829	6090	4923
152418557	0	3050	4787	6081	4951
152418657	0	3055	4810	6123	4928
152418757	0	3036	4862	6090	4918
152418857	0	3064	4764	6067	4914
152418957	0	3036	4867	6086	4932
152419057	0	3045	4848	6114	4937
152419157	0	3102	4801	6100	4900
152419257	0	3017	4773	6090	4909
152419356	0	3059	4754	6109	4918
152419456	0	3059	4871	6086	4918
152419557	0	3041	4820	6109	4923
152419657	0	3045	4801	6090	4914
152419757	0	3083	4782	6114	4946
152419856	0	3073	4778	6090	4928
152419957	0	3041	4773	6104	4928
152420057	0	3041	4787	6123	4881
152420157	0	3027	4768	6100	4909
152420257	0	3031	4825	6072	4928
152420357	0	3102	4768	6086	4909
152420457	0	3102	4815	6114	4914
152420557	0	3055	4867	6109	4886
152420657	0	3003	4778	6086	4970
152420757	0	3059	4764	6081	4900
152420861	0	3008	4792	6104	4946
152420957	0	3022	4848	6104	4928
152421057	0	3064	4754	6100	4923
152421157	0	3055	4768	6133	4904
152421257	0	3073	4815	6104	4946
152421357	0	3045	4759	6086	4909
152421457	0	3055	4773	6081	4942
152421557	0	3078	4834	6086	4881
152421657	0	2998	4754	6081	4918
152421757	0	3069	4796	6128	4909
152421857	0	3031	4871	6133	4914
152421957	0	3041	4848	6118	4918
152422057	0	3022	4862	6118	4923
152422157	0	3031	4815	6086	4928
152422257	0	3041	4787	6086	4909
152422357	0	3073	4862	6076	4881
152422457	0	3036	4815	6095	4942
152422557	0	3064	4806	6109	4909
152422656	0	3041	4857	6095	4970
152422756	0	3083	4787	6090	4928
152422857	0	3092	4806	6133	4918
152422957	0	3088	4857	6104	4886
152423057	0	3106	4853	6076	4909
152423157	0	3059	4787	6090	4932
152423257	0	3106	4848	6100	4904
152423356	0	3055	4886	6104	4909
152423457	0	3045	4843	6095	4904
