124709015	0	5153	3756	3935	5626
124709121	0	5143	3785	3953	5607
124709214	0	5153	3761	3953	5603
124709314	0	5153	3756	3944	5659
124709414	0	5190	3803	3939	5598
124709514	0	5134	3789	3930	5659
124709614	0	5148	3794	3935	5560
124709714	0	5125	3785	3935	5621
124709814	0	5129	3803	3944	5588
124709914	0	5158	3780	3930	5631
124710014	0	5162	3808	3939	5621
124710114	0	5167	3761	3939	5621
124710214	0	5148	3757	3953	5556
124710314	0	5172	3766	3939	5570
124710414	0	5120	3752	3939	5659
124710514	0	5162	3775	3944	5574
124710614	0	5167	3766	3944	5603
124710714	0	5148	3770	3944	5565
124710814	0	5167	3794	3949	5560
124710914	0	5153	3761	3953	5556
124711014	0	5190	3785	3949	5584
124711114	0	5134	3775	3944	5607
124711214	0	5148	3789	3930	5556
124711314	0	5129	3761	3930	5560
124711414	0	5158	3789	3944	5546
124711514	0	5134	3817	3939	5556
124711615	0	5172	3761	3944	5579
124711714	0	5115	3775	3930	5734
124711814	0	5162	3785	3935	6179
124711914	0	5129	3748	3930	5640
124712014	0	5148	3789	3935	5556
124712114	0	5115	3770	3935	5612
124712214	0	5153	3780	3930	5579
124712314	0	5148	3785	3935	5598
124712414	0	5153	3762	3925	5603
124712514	0	5143	3775	3953	5617
124712614	0	5186	3789	3930	5588
124712714	0	5153	3808	3963	5603
124712814	0	5134	3785	3958	5621
124712914	0	5167	3808	3935	5626
124713018	0	5139	3794	3967	5612
124713114	0	5134	3770	3944	5626
124713214	0	5167	3775	3935	5612
124713314	0	5181	3766	3930	5603
124713414	0	5143	3775	3935	5621
124713514	0	5181	3762	3953	5640
124713614	0	5158	3794	3939	5579
124713714	0	5101	3761	3953	5584
124713814	0	5148	3794	3939	5626
124713914	0	5125	3743	3939	5546
124714013	0	5172	3789	3930	5635
124714114	0	5148	3757	3921	5603
124714214	0	5148	3757	3930	5570
124714314	0	5092	3775	3930	5579
124714414	0	5134	3766	3930	6062
124714514	0	5134	3780	3944	5546
124714614	0	5143	3762	3935	5588
124714713	0	5148	3789	3944	6325
124714813	0	5162	3761	3939	5532
124714914	0	5139	3757	3930	5509
124715014	0	5134	3770	3939	6025
124715114	0	5162	3789	3944	6034
124715214	0	5158	3775	3953	5696
124715314	0	5101	3789	3953	5588
124715414	0	5106	3756	3944	5551
124715514	0	5115	3770	3939	5546
124715614	0	5148	3770	3916	5612
124715714	0	5176	3761	3925	5593
124715814	0	5158	3794	3925	5607
124715914	0	5172	3785	3925	5603
124716013	0	5139	3770	3930	5551
124716114	0	5115	3770	3944	5551
124716214	0	5153	3789	3958	5603
124716314	0	5143	3808	3944	5551
124716414	0	5148	3803	3949	5574
124716514	0	5153	3780	3944	5598
124716614	0	5176	3770	3953	5654
124716714	0	5167	3785	3944	5612
124716813	0	5092	3808	3944	5584
124716913	0	5092	3808	3949	5607
124717014	0	5125	3766	3935	5588
124717118	0	5158	3757	3944	5588
124717214	0	5167	3799	3935	5556
124717314	0	5158	3775	3925	5579
124717414	0	5134	3770	3935	5607
124717514	0	5153	3756	3939	5565
124717614	0	5129	3766	3930	5584
124717714	0	5125	3803	3930	5607
124717814	0	5106	3761	3953	5593
124717914	0	5167	3762	3935	5640
124718014	0	5158	3766	3925	5612
124718114	0	5148	3775	3939	5574
124718214	0	5190	3785	3939	5579
124718314	0	5153	3775	3939	5593
124718414	0	5172	3775	3921	5570
124718514	0	5129	3780	3925	5621
124718614	0	5134	3775	3921	5621
124718714	0	5143	3827	3921	5645
124718813	0	5162	3761	3935	5612
124718914	0	5167	3761	3935	5617
124719013	0	5134	3761	3930	5570
124719114	0	5139	3762	3911	5664
124719214	0	5162	3794	3921	5574
124719314	0	5158	3766	3921	5579
124719414	0	5167	3794	3921	5593
124719514	0	5158	3766	3935	5593
124719614	0	5153	3761	3930	5593
124719714	0	5158	3756	3935	5645
124719814	0	5153	3822	3939	5598
124719914	0	5153	3761	3925	5649
124720014	0	5101	3785	3921	5645
124720113	0	5158	3794	3939	5626
124720213	0	5176	3756	3949	5640
124720314	0	5143	3799	3921	5649
124720414	0	5176	3799	3935	5588
124720514	0	5153	3780	3944	5631
124720617	0	5143	3770	3944	5626
124720714	0	5148	3803	3939	5607
124720814	0	5059	3789	3939	5626
124720914	0	5143	3817	3930	5664
124721014	0	5153	3785	3939	5612
124721114	0	5162	3770	3921	5603
124721218	0	5143	3775	3930	5588
124721314	0	5115	3780	3930	5635
124721413	0	5120	3789	3949	5635
124721514	0	5129	3775	3935	5696
124721614	0	5162	3775	3944	5631
124721714	0	5139	3766	3963	5617
124721814	0	5134	3789	3930	5631
124721914	0	5162	3799	3949	5617
124722014	0	5139	3775	3935	5635
124722114	0	5158	3817	3953	5635
124722214	0	5176	3794	3944	5654
124722314	0	5148	3780	3963	5645
124722414	0	5172	3813	3963	5617
124722514	0	5167	3789	3963	5645
124722613	0	5158	3803	3935	5631
124722714	0	5120	3817	3930	5626
124722814	0	5129	3789	3925	5668
124722914	0	5162	3803	3944	5631
124723014	0	5134	3799	3930	5603
124723114	0	5106	3799	3939	5598
124723214	0	5181	3756	3916	5598
124723314	0	5134	3803	3949	5659
124723414	0	5143	3794	3953	5631
124723514	0	5148	3780	3958	5631
124723614	0	5148	3808	3939	5617
124723713	0	5158	3794	3930	5621
124723813	0	5153	3813	3930	5612
124723914	0	5162	3789	3944	5612
124724014	0	5139	3808	3930	5603
124724114	0	5106	3785	3953	5607
124724213	0	5167	3789	3944	5617
124724314	0	5195	3762	3930	5612
124724414	0	5134	3789	3925	5626
124724514	0	5134	3794	3944	5640
124724614	0	5120	3808	3944	5635
124724714	0	5162	3775	3930	5640
124724813	0	5162	3766	3939	5617
124724914	0	5143	3817	3944	5612
124725013	0	5078	3817	3930	5621
124725114	0	5195	3813	3930	5603
124725213	0	5111	3785	3963	5621
124725318	0	5129	3780	3944	5626
124725414	0	5153	3761	3949	5621
124725514	0	5172	3785	3925	5612
124725613	0	5115	3789	3953	5621
124725714	0	5106	3803	3925	5621
124725814	0	5172	3789	3944	5593
124725914	0	5162	3766	3930	5598
124726014	0	5101	3766	3944	5617
124726114	0	5153	3780	3953	5603
124726214	0	5143	3799	3958	5603
124726313	0	5148	3785	3935	5645
124726414	0	5125	3770	3944	5621
124726514	0	5139	3770	3935	5607
124726614	0	5162	3794	3930	5621
124726713	0	5134	3794	3953	5621
124726814	0	5083	3785	3944	5635
124726914	0	5167	3780	3939	5607
124727014	0	5176	3766	3939	5598
124727114	0	5111	3756	3944	5603
124727214	0	5134	3794	3930	5631
124727313	0	5153	3785	3935	5617
124727414	0	5125	3785	3944	5645
124727514	0	5162	3813	3944	5649
124727614	0	5129	3803	3944	5640
124727714	0	5143	3799	3953	5612
124727813	0	5139	3813	3939	5635
124727914	0	5153	3789	3935	5659
124728013	0	5101	3813	3958	5649
124728114	0	5139	3780	3944	5640
124728214	0	5120	3780	3949	5649
124728314	0	5087	3808	3935	5654
124728414	0	5148	3789	3944	5640
124728513	0	5139	3789	3944	5664
124728613	0	5153	3756	3953	5593
124728714	0	5139	3775	3949	5626
124728814	0	5106	3766	3944	5621
124728914	0	5153	3785	3935	5617
124729014	0	5143	3785	3944	5635
124729114	0	5148	3803	3944	5612
124729214	0	5139	3775	3939	5617
124729314	0	5158	3756	3944	5645
124729418	0	5139	3775	3930	5612
124729514	0	5143	3756	3949	5621
124729614	0	5134	3789	3935	5621
124729714	0	5143	3785	3935	5654
124729813	0	5143	3803	3953	5612
124729914	0	5167	3803	3963	5673
124730014	0	5125	3761	3958	5645
124730114	0	5143	3775	3949	5645
124730214	0	5139	3766	3958	5584
124730313	0	5129	3775	3953	5631
124730413	0	5111	3799	3958	5631
124730514	0	5143	3789	3930	5654
124730613	0	5143	3770	3953	5631
124730713	0	5120	3780	3935	5664
124730814	0	5097	3808	3949	5617
124730913	0	5158	3785	3967	5664
124731014	0	5134	3789	3939	5617
124731113	0	5153	3766	3953	5678
124731214	0	5162	3761	3963	5649
124731313	0	5143	3766	3949	5621
124731413	0	5148	3808	3949	5617
124731514	0	5134	3775	3949	5635
124731614	0	5125	3789	3958	5640
124731713	0	5148	3817	3949	5645
124731814	0	5143	3770	3939	5621
124731914	0	5153	3770	3967	5617
124732013	0	5115	3799	3944	5631
124732114	0	5111	3766	3949	5631
124732213	0	5115	3766	3930	5598
124732314	0	5148	3794	3939	5626
124732414	0	5139	3813	3949	5626
124732514	0	5139	3789	3963	5649
124732614	0	5134	3780	3944	5664
124732713	0	5176	3780	3939	5626
124732814	0	5139	3813	3935	5635
124732914	0	5143	3780	3953	5617
124733013	0	5167	3803	3925	5598
124733114	0	5158	3803	3939	5631
124733214	0	5158	3794	3935	5659
124733314	0	5106	3780	3949	5598
124733413	0	5143	3785	3944	5645
124733518	0	5162	3808	3949	5631
124733614	0	5087	3775	3939	5631
124733714	0	5120	3813	3944	5621
124733814	0	5167	3789	3935	5631
124733914	0	5134	3794	3935	5607
124734014	0	5153	3761	3949	5626
124734113	0	5176	3780	3939	5631
124734214	0	5120	3785	3925	5626
124734314	0	5129	3789	3939	5621
124734414	0	5143	3780	3953	5607
124734514	0	5153	3803	3925	5635
124734613	0	5120	3785	3944	5607
124734713	0	5139	3789	3963	5621
124734814	0	5139	3794	3949	5621
124734914	0	5162	3789	3944	5640
124735014	0	5148	3756	3939	5621
124735114	0	5143	3799	3930	5621
124735214	0	5148	3789	3944	5588
124735314	0	5167	3780	3925	5607
124735414	0	5148	3766	3935	5631
124735514	0	5167	3766	3953	5607
124735614	0	5153	3803	3930	5612
124735714	0	5125	3761	3944	5612
124735814	0	5101	3766	3944	5607
124735914	0	5129	3766	3925	5635
124736013	0	5172	3785	3935	5668
124736114	0	5148	3799	3958	5635
124736214	0	5143	3770	3939	5621
124736314	0	5143	3799	3935	5617
124736414	0	5167	3789	3944	5617
124736513	0	5162	3766	3944	5621
124736613	0	5167	3808	3925	5626
124736713	0	5153	3756	3925	5631
124736814	0	5172	3789	3930	5612
124736913	0	5092	3780	3944	5612
124737013	0	5167	3789	3949	5640
124737114	0	5111	3756	3939	5593
124737214	0	5111	3808	3949	5593
124737313	0	5162	3808	3944	5612
124737413	0	5158	3799	3930	5617
124737514	0	5111	3780	3939	5593
124737617	0	5162	3799	3930	5607
124737714	0	5158	3785	3935	5635
124737814	0	5158	3789	3944	5621
124737913	0	5148	3770	3944	5626
124738014	0	5148	3799	3949	5621
124738113	0	5176	3794	3949	5617
124738213	0	5129	3822	3953	5631
124738314	0	5143	3794	3953	5617
124738414	0	5134	3770	3935	5640
124738514	0	5120	3789	3949	5640
124738613	0	5129	3761	3949	5635
124738713	0	5139	3785	3949	5598
124738814	0	5129	3770	3935	5635
124738914	0	5172	3757	3963	5603
124739013	0	5129	3780	3949	5621
124739114	0	5134	3761	3939	5621
124739214	0	5148	3766	3944	5635
124739313	0	5158	3808	3935	5631
124739414	0	5162	3756	3930	5659
124739513	0	5158	3789	3925	5626
124739614	0	5134	3770	3949	5626
124739713	0	5153	3775	3930	5593
124739813	0	5120	3794	3939	5645
124739913	0	5143	3761	3935	5635
124740014	0	5143	3770	3930	5603
124740114	0	5101	3766	3939	5654
124740214	0	5162	3789	3949	5621
124740314	0	5148	3789	3939	5598
124740414	0	5181	3794	3939	5593
124740513	0	5153	3761	3939	5682
124740614	0	5167	3799	3939	5649
124740714	0	5125	3808	3949	5612
124740814	0	5162	3799	3939	5584
124740913	0	5115	3770	3939	5603
124741013	0	5162	3766	3939	5649
124741113	0	5120	3775	3944	5612
124741214	0	5190	3789	3939	5649
124741314	0	5176	3770	3953	5626
124741414	0	5153	3766	3958	5626
124741514	0	5162	3770	3939	5603
124741614	0	5158	3813	3944	5649
124741717	0	5143	3761	3949	5635
124741813	0	5115	3780	3925	5598
124741914	0	5101	3803	3963	5607
124742014	0	5139	3794	3930	5626
124742114	0	5115	3794	3935	5607
124742214	0	5172	3799	3949	5631
124742313	0	5129	3822	3935	5617
124742413	0	5143	3799	3944	5617
124742514	0	5176	3794	3958	5598
124742613	0	5101	3803	3949	5617
124742713	0	5115	3766	3930	5640
124742814	0	5176	3761	3953	5598
124742914	0	5134	3761	3939	5603
124743013	0	5158	3817	3939	5612
124743114	0	5129	3794	3935	5603
124743214	0	5111	3785	3949	5588
124743314	0	5134	3766	3939	5612
124743413	0	5125	3780	3958	5645
124743513	0	5129	3808	3963	5607
124743614	0	5167	3770	3949	5649
124743714	0	5186	3808	3944	5598
124743814	0	5139	3761	3930	5607
124743914	0	5153	3780	3944	5593
124744013	0	5158	3756	3925	5612
124744114	0	5172	3789	3944	5593
124744213	0	5143	3761	3925	5593
124744313	0	5162	3785	3935	5607
124744413	0	5129	3780	3949	5612
124744514	0	5176	3794	3925	5584
124744613	0	5148	3761	3930	5607
124744713	0	5190	3766	3930	5607
124744814	0	5139	3789	3953	5607
124744913	0	5148	3757	3939	5640
124745013	0	5134	3766	3935	5626
124745113	0	5186	3789	3949	5598
124745213	0	5134	3808	3944	5668
124745314	0	5097	3799	3921	5631
124745413	0	5120	3803	3916	5631
124745513	0	5162	3775	3958	5649
124745613	0	5125	3794	3925	5617
124745713	0	5162	3794	3949	5649
124745817	0	5172	3789	3949	5640
124745914	0	5162	3785	3944	5617
124746013	0	5153	3789	3949	5607
124746113	0	5148	3785	3925	5603
124746213	0	5158	3803	3944	5635
124746314	0	5181	3775	3949	5588
124746413	0	5143	3761	3958	5640
124746516	0	5125	3775	3949	5631
124746614	0	5158	3780	3939	5607
124746713	0	5158	3780	3944	5621
124746814	0	5139	3799	3949	5631
124746913	0	5115	3775	3944	5593
124747013	0	5143	3799	3944	5603
124747114	0	5153	3794	3949	5593
124747213	0	5162	3794	3953	5593
124747313	0	5167	3780	3944	5631
124747414	0	5148	3766	3935	5621
124747513	0	5125	3803	3935	5626
124747614	0	5120	3766	3944	5682
124747713	0	5153	3756	3939	5635
124747813	0	5111	3803	3944	5626
124747913	0	5148	3775	3949	5612
124748014	0	5158	3761	3953	5631
124748113	0	5158	3766	3944	5626
124748213	0	5158	3766	3935	5603
124748314	0	5106	3789	3935	5584
124748414	0	5172	3770	3935	5645
124748513	0	5134	3799	3944	5673
124748614	0	5176	3799	3953	5593
124748713	0	5143	3789	3944	5598
124748813	0	5139	3770	3935	5607
124748914	0	5139	3770	3953	5635
124749014	0	5153	3756	3949	5626
124749113	0	5143	3761	3953	5631
124749213	0	5143	3803	3953	5607
124749314	0	5148	3799	3935	5649
124749413	0	5120	3761	3953	5664
124749513	0	5153	3803	3949	5626
124749613	0	5134	3789	3944	5598
124749713	0	5139	3766	3958	5617
124749813	0	5148	3775	3949	5654
124749918	0	5176	3794	3944	5588
124750013	0	5143	3775	3953	5626
124750113	0	5120	3808	3944	5654
124750213	0	5143	3803	3963	5617
124750314	0	5162	3770	3963	5640
124750413	0	5143	3794	3958	5588
124750513	0	5153	3785	3949	5640
124750613	0	5125	3789	3944	5621
124750714	0	5139	3770	3958	5631
124750814	0	5143	3799	3935	5603
124750914	0	5139	3803	3935	5603
124751013	0	5143	3770	3953	5649
124751113	0	5106	3794	3953	5617
124751213	0	5143	3785	3949	5640
124751313	0	5125	3770	3949	5640
124751413	0	5172	3775	3939	5621
124751513	0	5139	3756	3953	5631
124751613	0	5120	3789	3953	5631
124751714	0	5153	3803	3935	5593
124751813	0	5139	3789	3949	5617
124751913	0	5153	3770	3944	5626
124752013	0	5125	3770	3949	5612
124752114	0	5139	3785	3930	5612
124752213	0	5153	3770	3967	5588
124752314	0	5134	3794	3963	5626
124752414	0	5158	3799	3949	5579
124752513	0	5139	3799	3953	5598
124752614	0	5143	3748	3944	5574
124752714	0	5153	3766	3958	5584
124752814	0	5139	3799	3967	5626
124752913	0	5134	3762	3958	5640
124753014	0	5106	3775	3949	5640
124753114	0	5158	3756	3944	5593
124753213	0	5162	3775	3944	5631
124753313	0	5125	3789	3930	5598
124753414	0	5115	3803	3939	5626
124753513	0	5143	3780	3939	5603
124753613	0	5125	3756	3963	5621
124753714	0	5120	3766	3939	5649
124753813	0	5129	3756	3963	5612
124753913	0	5134	3780	3967	5617
124754015	0	5139	3785	3963	5607
124754113	0	5134	3808	3935	5626
124754213	0	5097	3794	3953	5654
124754313	0	5139	3775	3953	5612
124754413	0	5129	3752	3949	5603
124754513	0	5097	3799	3958	5617
124754613	0	5148	3775	3958	5603
124754714	0	5153	3785	3944	5603
124754813	0	5153	3766	3963	5654
124754913	0	5125	3803	3939	5631
124755014	0	5139	3766	3963	5607
124755113	0	5153	3766	3967	5621
124755214	0	5153	3761	3967	5621
124755314	0	5120	3756	3958	5649
124755413	0	5120	3789	3958	5682
124755513	0	5111	3780	3935	5640
124755613	0	5134	3770	3977	5673
124755713	0	5120	3761	3963	5659
124755814	0	5153	3803	3967	5635
124755913	0	5139	3775	3949	5645
124756013	0	5153	3785	3972	5588
124756114	0	5120	3770	3967	5584
124756214	0	5143	3785	3967	5640
124756313	0	5129	3752	3953	5673
124756413	0	5148	3775	3949	5612
124756513	0	5139	3785	3967	5593
124756613	0	5148	3770	3949	5603
124756713	0	5153	3817	3953	5603
124756814	0	5148	3794	3935	5603
124756914	0	5134	3770	3949	5635
124757014	0	5143	3794	3958	5631
124757113	0	5129	3794	3953	5640
124757213	0	5172	3789	3967	5603
124757313	0	5143	3766	3963	5635
124757414	0	5148	3785	3944	5640
124757513	0	5134	3766	3949	5626
124757613	0	5148	3752	3958	5682
124757714	0	5134	3757	3944	5635
124757814	0	5134	3780	3958	5673
124757913	0	5125	3789	3963	5640
124758013	0	5134	3761	3949	5612
124758116	0	5139	3794	3963	5612
124758213	0	5139	3770	3949	5664
124758313	0	5120	3770	3953	5621
124758413	0	5143	3775	3944	5574
124758513	0	5139	3794	3949	5626
124758614	0	5148	3789	3967	5673
124758713	0	5139	3785	3953	5640
124758813	0	5162	3794	3949	5626
124758913	0	5158	3780	3949	5659
124759014	0	5162	3794	3944	5588
124759113	0	5148	3813	3958	5673
124759213	0	5134	3785	3949	5607
124759314	0	5139	3766	3944	5645
124759413	0	5148	3789	3958	5598
124759514	0	5134	3775	3958	5654
124759613	0	5139	3822	3967	5626
124759713	0	5125	3770	3939	5678
124759814	0	5172	3756	3953	5654
124759913	0	5129	3762	3958	5607
124800013	0	5106	3775	3953	5579
124800114	0	5134	3766	3944	5612
124800214	0	5134	3799	3949	5617
124800313	0	5153	3789	3949	5668
124800414	0	5120	3780	3963	5659
124800513	0	5097	3766	3967	5678
124800613	0	5106	3799	3963	5631
124800714	0	5143	3794	3958	5588
124800813	0	5148	3761	3944	5621
124800913	0	5139	3766	3949	5588
124801014	0	5129	3808	3949	5584
124801113	0	5134	3789	3963	5673
124801214	0	5134	3780	3944	5612
124801313	0	5125	3785	3958	5621
124801413	0	5120	3775	3963	5603
124801513	0	5120	3757	3958	5612
124801614	0	5139	3780	3953	5654
124801714	0	5125	3789	3963	5668
124801813	0	5139	3766	3953	5603
124801913	0	5148	3775	3958	5659
124802013	0	5115	3789	3949	5593
124802113	0	5097	3799	3949	5603
124802215	0	5134	3775	3953	5631
124802313	0	5129	3766	3944	5607
124802413	0	5143	3789	3939	5626
124802513	0	5139	3794	3939	5654
124802613	0	5097	3789	3953	5603
124802713	0	5139	3775	3935	5631
124802814	0	5162	3794	3958	5598
124802913	0	5134	3762	3944	5603
124803013	0	5158	3775	3949	5607
124803113	0	5143	3756	3930	5593
124803213	0	5167	3756	3939	5617
124803313	0	5120	3770	3963	5588
124803413	0	5172	3756	3944	5617
124803514	0	5153	3766	3958	5574
124803613	0	5125	3761	3953	5612
124803713	0	5148	3785	3949	5617
124803813	0	5148	3766	3935	5654
124803914	0	5158	3756	3963	5626
124804013	0	5153	3756	3944	5682
124804113	0	5101	3780	3953	5664
124804213	0	5153	3794	3963	5673
124804313	0	5167	3808	3958	5682
124804414	0	5115	3775	3958	5607
124804513	0	5143	3780	3967	5626
124804613	0	5129	3775	3953	5593
124804714	0	5162	3757	3958	5570
124804813	0	5115	3766	3953	5607
124804913	0	5125	3794	3949	5579
124805013	0	5143	3761	3949	5588
124805113	0	5129	3785	3949	5645
124805213	0	5158	3766	3963	5593
124805314	0	5158	3761	3953	5598
124805413	0	5125	3756	3944	5565
124805513	0	5143	3757	3949	5645
124805613	0	5158	3761	3967	5588
124805713	0	5115	3761	3944	5645
124805813	0	5097	3775	3958	5584
124805914	0	5158	3761	3958	5645
124806013	0	5139	3756	3967	5570
124806113	0	5153	3757	3963	5659
124806214	0	5134	3775	3949	5598
124806318	0	5139	3766	3944	5607
124806413	0	5134	3757	3953	5598
124806513	0	5139	3780	3939	5645
124806613	0	5125	3762	3967	5584
124806713	0	5153	3762	3953	5612
124806813	0	5134	3766	3953	5570
124806913	0	5115	3756	3963	5635
124807013	0	5120	3756	3963	5654
124807114	0	5134	3756	3949	5649
124807213	0	5153	3794	3949	5649
124807313	0	5162	3775	3944	5659
124807413	0	5129	3789	3939	5635
124807513	0	5139	3785	3953	5579
124807613	0	5139	3775	3949	5584
124807713	0	5143	3780	3953	5649
124807813	0	5125	3775	3963	5617
124807913	0	5129	3770	3972	5598
124808013	0	5153	3785	3967	5584
124808113	0	5167	3761	3963	5640
124808213	0	5106	3766	3949	5598
124808314	0	5158	3756	3949	5664
124808413	0	5148	3780	3949	5598
124808513	0	5139	3799	3972	5635
124808613	0	5125	3757	3958	5659
124808713	0	5148	3831	3944	5631
124808814	0	5162	3762	3977	5588
124808913	0	5167	3770	3939	5626
124809013	0	5111	3785	3967	5584
124809113	0	5134	3799	3949	5593
124809213	0	5134	3775	3953	5645
124809313	0	5134	3785	3972	5598
124809414	0	5143	3761	3944	5584
124809513	0	5125	3803	3986	5617
124809613	0	5106	3775	3939	5603
124809713	0	5129	3770	3944	5607
124809813	0	5125	3799	3939	5593
124809913	0	5134	3808	3972	5649
124810013	0	5143	3799	3939	5570
124810113	0	5167	3766	3958	5603
124810213	0	5172	3757	3958	5588
124810313	0	5087	3780	3953	5626
124810417	0	5153	3789	3949	5612
124810513	0	5153	3789	3939	5593
124810613	0	5087	3785	3930	5598
124810713	0	5176	3794	3953	5593
124810813	0	5129	3789	3944	5593
124810913	0	5158	3752	3958	5584
124811013	0	5092	3762	3967	5560
124811113	0	5158	3775	3953	5607
124811213	0	5139	3766	3967	5631
124811313	0	5148	3757	3949	5603
124811413	0	5153	3780	3939	5603
124811513	0	5172	3803	3953	5574
124811613	0	5068	3757	3972	5626
124811713	0	5153	3817	3949	5607
124811813	0	5172	3785	3944	5612
124811913	0	5106	3808	3944	5570
124812013	0	5158	3770	3935	5603
124812114	0	5129	3775	3953	5617
124812213	0	5134	3775	3967	5617
124812313	0	5153	3757	3958	5673
124812416	0	5134	3757	3949	5603
124812513	0	5097	3803	3949	5635
124812614	0	5148	3785	3939	5593
124812713	0	5148	3766	3963	5654
124812813	0	5167	3794	3972	5654
124812914	0	5134	3785	3949	5612
124813014	0	5125	3780	3958	5598
124813113	0	5115	3785	3958	5584
124813413	0	5087	3813	3949	5621
124813513	0	5125	3789	3939	5593
124813613	0	5143	3766	3939	5645
124813714	0	5158	3794	3967	5664
124813813	0	5167	3770	3967	5607
124813913	0	5162	3780	3944	5603
124814014	0	5134	3770	3944	5635
124814113	0	5148	3762	3939	5551
124814213	0	5148	3817	3944	5621
124814313	0	5125	3808	3939	5607
124814413	0	5139	3794	3963	5612
124814517	0	5143	3775	3963	5621
124814613	0	5143	3775	3930	5631
124814713	0	5143	3756	3944	5621
124814814	0	5148	3789	3930	5556
124814913	0	5153	3766	3925	5560
124815013	0	5106	3752	3930	5579
124815113	0	5158	3757	3935	5593
124815213	0	5143	3766	3939	5598
124815313	0	5134	3766	3930	5617
124815413	0	5162	3762	3958	5556
124815713	0	5162	3808	3949	5560
124815813	0	5101	3766	3930	5537
124815913	0	5111	3808	3935	5593
124816013	0	5139	3775	3935	5626
124816113	0	5162	3780	3963	5621
124816214	0	5167	3780	3949	5574
124816314	0	5097	3775	3930	5603
124816413	0	5115	3756	3949	5574
124816513	0	5148	3770	3944	5603
124816613	0	5148	3775	3953	5621
124816713	0	5162	3756	3935	5607
124816813	0	5101	3770	3935	5654
124816913	0	5097	3813	3939	5607
124817013	0	5111	3770	3958	5537
124817113	0	5087	3789	3953	5560
124817213	0	5158	3785	3939	5570
124817313	0	5153	3780	3953	5588
124817413	0	5129	3785	3958	5631
124817513	0	5125	3789	3935	5570
124817613	0	5115	3770	3935	5598
124817713	0	5167	3775	3963	5617
124817813	0	5101	3789	3963	5551
124817914	0	5162	3789	3944	5584
124818013	0	5129	3770	3935	5603
124818113	0	5139	3770	3949	5598
124818213	0	5143	3775	3939	5617
124818313	0	5172	3803	3953	5574
124818413	0	5148	3762	3939	5617
124818513	0	5162	3756	3949	5574
124818617	0	5172	3766	3944	5570
124818713	0	5125	3761	3944	5621
124818813	0	5134	3794	3935	5626
124818913	0	5129	3757	3949	5607
124819013	0	5158	3766	3949	5560
124819113	0	5153	3803	3953	5621
124819213	0	5120	3761	3953	5635
124819313	0	5125	3762	3925	5621
124819413	0	5134	3762	3944	5645
124819513	0	5153	3780	3939	5584
124819614	0	5125	3780	3944	5570
124819713	0	5153	3803	3963	5612
124819813	0	5153	3770	3958	5621
124819913	0	5162	3752	3944	5640
124820013	0	5139	3789	3972	5603
124820113	0	5148	3775	3944	5635
124820213	0	5111	3785	3963	5593
124820313	0	5106	3780	3935	5603
124820413	0	5139	3756	3963	5556
124820514	0	5120	3775	3939	5565
124820613	0	5111	3775	3930	5560
124820713	0	5148	3766	3939	5574
124820813	0	5162	3748	3949	5560
124820913	0	5153	3762	3963	5654
124821013	0	5078	3794	3967	5598
124821113	0	5139	3775	3944	5560
124821213	0	5139	3762	3939	5701
124821313	0	5139	3761	3963	5574
124821413	0	5153	3799	3939	5527
124821513	0	5148	3785	3953	5556
124821613	0	5153	3770	3935	5537
124821713	0	5134	3785	3925	5584
124821813	0	5115	3757	3963	5603
124821913	0	5158	3785	3953	5617
124822013	0	5139	3813	3944	5612
124822113	0	5139	3770	3930	5598
124822213	0	5139	3775	3944	5593
124822313	0	5087	3770	3949	5570
124822413	0	5158	3770	3949	5560
124822513	0	5153	3756	3939	5621
124822613	0	5158	3762	3949	5598
124822717	0	5120	3756	3944	5570
124822813	0	5134	3766	3949	5598
124822913	0	5143	3775	3944	5546
124823013	0	5148	3770	3958	5565
124823113	0	5162	3762	3953	5603
124823213	0	5148	3756	3921	5603
124823313	0	5115	3785	3991	5598
124823413	0	5148	3780	3939	5593
124823513	0	5148	3799	3925	5574
124823613	0	5139	3775	3963	5621
124823713	0	5143	3761	3949	5631
124823813	0	5148	3762	3939	5593
124823913	0	5172	3794	3949	5546
124824013	0	5176	3757	3939	5570
124824113	0	5148	3743	3949	5588
124824213	0	5148	3766	3949	5640
124824313	0	5181	3799	3930	5649
124824413	0	5158	3780	3935	5603
124824513	0	5148	3761	3958	5612
124824614	0	5158	3756	3935	5621
124824713	0	5158	3752	3930	5607
124824813	0	5167	3761	3963	5598
124824913	0	5134	3762	3949	5626
124825013	0	5148	3766	3953	5551
124825112	0	5120	3757	3953	5621
124825213	0	5162	3762	3963	5560
124825313	0	5153	3748	3944	5603
124825413	0	5148	3757	3925	5574
124825513	0	5111	3785	3949	5598
124825613	0	5162	3780	3949	5570
124825713	0	5143	3785	3949	5574
124825813	0	5148	3785	3944	5593
124825913	0	5162	3770	3944	5607
124826014	0	5129	3757	3935	5579
124826113	0	5158	3748	3935	5551
124826213	0	5158	3756	3939	5593
124826313	0	5111	3761	3939	5560
124826413	0	5148	3775	3949	5593
124826513	0	5143	3794	3953	5556
124826613	0	5143	3766	3939	5603
124826713	0	5158	3761	3963	5593
124826817	0	5162	3762	3944	5584
124826913	0	5153	3766	3939	5560
124827013	0	5129	3766	3944	5574
124827113	0	5134	3762	3939	5560
124827213	0	5158	3766	3944	5570
124827313	0	5162	3822	3939	5612
124827413	0	5139	3762	3949	5588
124827513	0	5153	3762	3958	5598
124827613	0	5167	3803	3949	5546
124827713	0	5143	3752	3925	5617
124827813	0	5158	3752	3958	5588
124827913	0	5153	3794	3953	5551
124828013	0	5162	3799	3953	5584
124828113	0	5125	3789	3949	5593
124828213	0	5115	3770	3939	5584
124828313	0	5158	3799	3944	5612
124828413	0	5153	3808	3972	5584
124828513	0	5143	3766	3963	5542
124828613	0	5120	3756	3958	5570
124828713	0	5078	3775	3939	5588
124828813	0	5106	3780	3963	5598
124828913	0	5153	3785	3944	5593
124829013	0	5158	3789	3953	5579
124829113	0	5120	3775	3944	5565
124829213	0	5148	3794	3949	5579
124829313	0	5158	3799	3944	5551
124829413	0	5153	3789	3939	5987
124829513	0	5143	3789	3944	6728
124829613	0	5143	3789	3958	6657
124829713	0	5143	3794	3939	6690
124829813	0	5167	3775	3949	6681
124829913	0	5115	3822	3953	6690
124830013	0	5172	3780	3949	6648
124830113	0	5125	3785	3958	6723
124830213	0	5158	3789	3953	6695
124830313	0	5139	3762	3953	6718
124830413	0	5172	3794	3958	6695
124830513	0	5148	3785	3953	6732
124830613	0	5129	3752	3963	6559
124830713	0	5143	3770	3944	6020
124830813	0	5143	3756	3935	5570
124830917	0	5148	3780	3944	5579
124831013	0	5139	3775	3935	5523
124831113	0	5181	3770	3935	5551
124831213	0	5153	3757	3944	5546
124831313	0	5148	3761	3963	5556
124831413	0	5162	3766	3939	5556
124831513	0	5176	3766	3944	5593
124831613	0	5153	3752	3949	5565
124831713	0	5167	3762	3944	5560
124831813	0	5111	3748	3944	5603
124831913	0	5162	3766	3930	5574
124832013	0	5153	3748	3935	5579
124832113	0	5143	3748	3963	5556
124832214	0	5158	3756	3939	5560
124832313	0	5158	3748	3949	5598
124832413	0	5129	3780	3963	5584
124832513	0	5176	3766	3963	5574
124832613	0	5083	3770	3944	5621
124832713	0	5143	3770	3958	5598
124832813	0	5087	3752	3925	5579
124832913	0	5158	3808	3949	5603
124833013	0	5111	3780	3958	5593
124833113	0	5115	3799	3967	5607
124833213	0	5162	3756	3963	5607
124833313	0	5176	3785	3958	5579
124833613	0	5139	3780	3958	5617
124833713	0	5134	3766	3935	5617
124833813	0	5148	3785	3953	5654
124833913	0	5158	3799	3963	5584
124834013	0	5162	3770	3949	5607
124834113	0	5139	3794	3972	5532
124834213	0	5125	3766	3986	5542
124834313	0	5158	3789	3944	5509
124834413	0	5172	3738	3949	5537
124834513	0	5125	3789	3953	5560
124834613	0	5115	3785	3930	5551
124834713	0	5111	3775	3953	5649
124834813	0	5148	3766	3963	5631
124834913	0	5148	3756	3972	5584
124835017	0	5143	3756	3935	5617
124835113	0	5153	3752	3967	5537
124835213	0	5134	3766	3953	5598
124835313	0	5148	3789	3949	5588
124835413	0	5139	3766	3958	5603
124835513	0	5167	3775	3967	5612
124835613	0	5158	3785	3935	5565
124835713	0	5153	3756	3939	5570
124835813	0	5172	3770	3944	5551
124835913	0	5148	3770	3949	5621
124836013	0	5153	3794	3935	5635
124836112	0	5129	3789	3925	5654
124836213	0	5158	3761	3935	5612
124836313	0	5125	3785	3949	5560
124836413	0	5125	3789	3949	5593
124836513	0	5153	3785	3939	5588
124836613	0	5153	3775	3939	5588
124836713	0	5162	3762	3944	5565
124836813	0	5162	3799	3949	5621
124836913	0	5162	3794	3949	5617
124837013	0	5153	3766	3935	5598
124837113	0	5176	3789	3939	5612
124837213	0	5148	3794	3935	5654
124837313	0	5143	3780	3949	5607
124837413	0	5153	3780	3949	5584
124837513	0	5158	3756	3949	5565
124837613	0	5111	3785	3944	5542
124837713	0	5139	3775	3949	5570
124837813	0	5153	3775	3963	5617
124837913	0	5143	3803	3944	5588
124838013	0	5139	3766	3949	5640
124838113	0	5134	3794	3930	5527
124838213	0	5129	3775	3935	5579
124838316	0	5195	3757	3935	5551
124838413	0	5125	3780	3949	5593
124838513	0	5143	3770	3944	5565
124838613	0	5158	3775	3958	5574
124838713	0	5143	3785	3944	5588
124838813	0	5134	3785	3949	5593
124838913	0	5162	3789	3939	5542
124839013	0	5148	3803	3953	5556
124839117	0	5125	3766	3944	5546
124839213	0	5176	3785	3930	5546
124839312	0	5129	3757	3963	5551
124839413	0	5101	3770	3925	5551
124839513	0	5162	3761	3944	5621
124839613	0	5153	3770	3939	5588
124839713	0	5143	3766	3967	5584
124839813	0	5172	3748	3949	5603
124839913	0	5176	3785	3967	5621
124840013	0	5176	3762	3939	5626
124840112	0	5148	3808	3967	5607
124840213	0	5134	3770	3958	5621
124840313	0	5148	3761	3949	5603
124840413	0	5153	3780	3963	5560
124840513	0	5148	3766	3949	5621
124840613	0	5158	3775	3935	5612
124840712	0	5167	3766	3939	5631
124840813	0	5153	3756	3963	5579
124840913	0	5167	3775	3967	5556
124841013	0	5111	3752	3953	5635
124841113	0	5143	3756	3953	5603
124841213	0	5125	3762	3958	5574
124841313	0	5153	3762	3953	5607
124841412	0	5129	3762	3953	5612
124841513	0	5139	3775	3963	5565
124841613	0	5158	3762	3949	5607
124841712	0	5120	3762	3944	5565
124841813	0	5134	3756	3967	5537
124841913	0	5153	3775	3958	5565
124842013	0	5134	3770	3953	5603
124842113	0	5158	3761	3949	5556
124842213	0	5162	3780	3967	5579
124842313	0	5162	3762	3949	5593
124842413	0	5162	3752	3967	5565
124842513	0	5143	3757	3953	5593
124842613	0	5148	3762	3944	5579
124842713	0	5139	3766	3949	5570
124842813	0	5139	3785	3949	5631
124842913	0	5158	3766	3958	5649
124843013	0	5129	3799	3953	5617
124843113	0	5162	3762	3949	5560
124843214	0	5134	3766	3949	5574
124843313	0	5120	3789	3949	5556
124843413	0	5148	3748	3963	5546
124843513	0	5153	3766	3953	5579
124843613	0	5148	3780	3953	5584
124843713	0	5120	3757	3958	5593
124843813	0	5134	3785	3958	5649
124844113	0	5162	3756	3958	5556
124844213	0	5158	3757	3963	5560
124844313	0	5162	3762	3939	5584
124844413	0	5129	3761	3953	5621
124844513	0	5134	3780	3963	5579
124844613	0	5181	3799	3939	5565
124844713	0	5134	3766	3925	5612
124844813	0	5148	3756	3944	5635
124844913	0	5158	3775	3930	5579
124845013	0	5158	3756	3939	5570
124845113	0	5158	3766	3935	5588
124845212	0	5125	3803	3944	5593
124845313	0	5129	3789	3944	5626
124845413	0	5172	3789	3939	5532
124845513	0	5158	3799	3953	5626
124845613	0	5148	3775	3935	5593
124845713	0	5158	3780	3944	5570
124845813	0	5148	3780	3953	5621
124845912	0	5153	3780	3958	5607
124846013	0	5139	3766	3967	5607
124846113	0	5129	3770	3949	6357
124846213	0	5139	3748	3944	5701
124846313	0	5134	3756	3935	6161
124846412	0	5143	3762	3953	6189
124846513	0	5143	3766	3949	6198
124846613	0	5139	3756	3944	5588
124846713	0	5143	3756	3935	5598
124846813	0	5186	3762	3944	5532
124846913	0	5158	3756	3930	6029
124847013	0	5143	3780	3944	5612
124847113	0	5139	3766	3944	5645
124847213	0	5153	3794	3944	5598
124847314	0	5148	3761	3925	5537
124847413	0	5158	3785	3949	5584
124847513	0	5134	3766	3939	5584
124847613	0	5162	3803	3939	5546
124847713	0	5186	3803	3949	5537
124847812	0	5172	3770	3949	5579
124847913	0	5153	3762	3944	5664
124848013	0	5176	3770	3949	5612
124848113	0	5148	3789	3958	5603
124848213	0	5148	3780	3939	5603
124848313	0	5143	3762	3963	5523
124848412	0	5158	3757	3935	5527
124848513	0	5134	3756	3935	5551
124848613	0	5143	3752	3949	5574
124848712	0	5158	3780	3944	5631
124848813	0	5139	3756	3953	5626
124848913	0	5129	3756	3939	5593
124849013	0	5153	3761	3967	5631
124849113	0	5125	3770	3944	5565
124849213	0	5153	3766	3963	5598
124849313	0	5162	3757	3967	5635
124849413	0	5129	3762	3939	5603
124849513	0	5143	3780	3949	6226
124849613	0	5162	3752	3967	5523
124849713	0	5153	3762	3967	5570
124849813	0	5125	3780	3972	5551
124849913	0	5167	3761	3958	5631
124850012	0	5148	3831	3939	5593
124850113	0	5158	3808	3953	5579
124850213	0	5153	3752	3944	5570
124850313	0	5172	3770	3949	5551
124850413	0	5143	3794	3953	5588
124850513	0	5143	3785	3953	5640
124850612	0	5139	3785	3953	5603
124850713	0	5143	3756	3963	5635
124850813	0	5139	3775	3930	5579
124850913	0	5162	3761	3953	5612
124851013	0	5162	3752	3958	5579
124851113	0	5148	3780	3935	5617
124851213	0	5148	3757	3963	5635
124851313	0	5129	3789	3949	5598
124851415	0	5153	3780	3935	5551
124851512	0	5153	3757	3939	6194
124851613	0	5158	3752	3939	6385
124851712	0	5162	3775	3935	5701
124851813	0	5143	3766	3949	5607
124851913	0	5139	3775	3944	5603
124852012	0	5139	3808	3921	6179
124852113	0	5172	3780	3944	6062
124852213	0	5153	3803	3935	6845
124852313	0	5120	3803	3944	5612
124852413	0	5143	3756	3939	5593
124852513	0	5158	3761	3958	5598
124852613	0	5148	3799	3935	5570
124852713	0	5158	3775	3944	5626
124852813	0	5167	3789	3949	5631
124852913	0	5158	3785	3939	5621
124853013	0	5172	3770	3944	5570
124853112	0	5172	3770	3930	5607
124853213	0	5148	3780	3939	5640
124853313	0	5162	3780	3935	5635
124853413	0	5143	3775	3944	5607
124853512	0	5167	3780	3939	5556
124853613	0	5153	3756	3953	5603
124853713	0	5158	3794	3930	5626
124853813	0	5158	3785	3930	5579
124853913	0	5172	3789	3935	5574
124854013	0	5129	3762	3939	5593
124854113	0	5148	3799	3939	5617
124854213	0	5139	3762	3944	5560
124854313	0	5186	3780	3939	5574
124854413	0	5162	3785	3935	5598
124854513	0	5158	3794	3939	5551
124854613	0	5139	3766	3935	5603
124854713	0	5158	3766	3953	5603
124854812	0	5134	3813	3949	5626
124854913	0	5153	3756	3958	5588
124855012	0	5148	3785	3949	5626
124855113	0	5148	3817	3949	5617
124855213	0	5158	3762	3944	5584
124855313	0	5139	3756	3949	5593
124855413	0	5148	3780	3972	5560
124855515	0	5143	3770	3949	5588
124855613	0	5143	3775	3967	5579
124855713	0	5153	3756	3953	5612
124855813	0	5162	3766	3972	5617
124855913	0	5153	3799	3944	5588
124856013	0	5134	3803	3972	5598
124856113	0	5153	3756	3953	5626
124856212	0	5143	3785	3958	5588
124856313	0	5125	3775	3953	5654
124856413	0	5153	3780	3963	5631
124856513	0	5158	3789	3949	5635
124856613	0	5134	3766	3935	5598
124856713	0	5139	3789	3953	5631
124856812	0	5125	3780	3967	5579
124856912	0	5148	3794	3953	5612
124857012	0	5143	3766	3953	5603
124857112	0	5134	3803	3963	5612
124857213	0	5148	3803	3953	5612
124857312	0	5129	3808	3953	5612
124857412	0	5143	3775	3939	5593
124857513	0	5153	3766	3953	5626
124857613	0	5148	3789	3963	5593
124857712	0	5143	3761	3967	5659
124857813	0	5139	3770	3939	5635
124857913	0	5143	3752	3958	5603
124858012	0	5125	3775	3963	5654
124858113	0	5129	3757	3925	5626
124858213	0	5162	3785	3963	5579
124858313	0	5153	3780	3939	5645
124858413	0	5181	3757	3953	5621
124858513	0	5172	3766	3935	5603
124858612	0	5153	3770	3963	5626
124858712	0	5162	3766	3958	5598
124858813	0	5153	3756	3949	5659
124858913	0	5162	3756	3944	5593
124859013	0	5148	3748	3958	5635
124859113	0	5143	3766	3963	5588
124859213	0	5148	3775	3958	5588
124859312	0	5134	3761	3949	5593
124859413	0	5153	3770	3953	5617
124859513	0	5148	3748	3949	5579
124859615	0	5158	3748	3944	5607
124859713	0	5143	3762	3949	5631
124859813	0	5172	3757	3949	5612
124859913	0	5125	3770	3958	5621
124900013	0	5158	3756	3944	5588
124900112	0	5148	3780	3949	5574
124900213	0	5143	3775	3963	5584
124900312	0	5129	3789	3963	5584
124900413	0	5139	3799	3935	5598
124900513	0	5143	3780	3944	5635
124900613	0	5134	3761	3939	5588
124900713	0	5125	3770	3935	5631
124900813	0	5162	3762	3939	5603
124900913	0	5125	3780	3963	5607
124901012	0	5158	3794	3935	5626
124901113	0	5158	3785	3953	5598
124901212	0	5181	3794	3963	5598
124901313	0	5158	3775	3944	5607
124901413	0	5172	3794	3944	5570
124901513	0	5158	3752	3963	5617
124901613	0	5129	3785	3953	5607
124901713	0	5162	3770	3953	5584
124901813	0	5153	3775	3949	5603
124901912	0	5111	3789	3958	5574
124902012	0	5162	3803	3935	5621
124902112	0	5120	3785	3953	5593
124902210	0	5143	3803	3944	5579
124902311	0	5167	3799	3958	5598
124902411	0	5120	3813	3939	5603
124902511	0	5129	3766	3958	5574
124902611	0	5172	3803	3935	5973
124902710	0	5134	3785	3921	6175
124902810	0	5148	3762	3930	6118
124902911	0	5143	3789	3930	5546
124903010	0	5143	3756	3930	5509
124903111	0	5125	3748	3916	5551
124903211	0	5139	3799	3935	5565
124903310	0	5139	3770	3935	5607
124903410	0	5153	3808	3925	5574
124903510	0	5153	3766	3925	5588
124903611	0	5153	3785	3935	5570
124903715	0	5148	3789	3939	5570
124903811	0	5120	3756	3935	5584
124903910	0	5158	3803	3939	5546
124904010	0	5111	3794	3925	5518
124904111	0	5153	3799	3939	5682
124904216	0	5167	3799	3930	5542
124904311	0	5125	3803	3935	5560
124904411	0	5167	3808	3963	5598
124904511	0	5097	3766	3939	5607
124904610	0	5162	3756	3967	5574
124904711	0	5106	3766	3935	5607
124904810	0	5153	3775	3944	5640
124904910	0	5158	3756	3949	5593
124905011	0	5153	3780	3944	5556
124905110	0	5153	3794	3944	5612
124905211	0	5176	3789	3958	5593
124905310	0	5143	3775	3939	5556
124905410	0	5162	3789	3939	5612
124905511	0	5115	3757	3930	5607
124905610	0	5148	3794	3944	5598
124905711	0	5172	3756	3921	5560
124905811	0	5181	3799	3935	5598
124905910	0	5148	3822	3953	5579
124906011	0	5125	3789	3958	5560
124906110	0	5139	3799	3939	5565
124906211	0	5162	3808	3944	5551
124906310	0	5120	3752	3949	5617
124906411	0	5176	3743	3944	5621
124906511	0	5158	3785	3916	5560
124906611	0	5148	3775	3930	5593
124906710	0	5158	3770	3935	5565
124906810	0	5134	3766	3935	5607
124906910	0	5167	3757	3925	5556
124907010	0	5153	3756	3944	5579
124907111	0	5162	3766	3944	5635
124907210	0	5148	3761	3935	5584
124907310	0	5143	3766	3939	5621
124907410	0	5167	3756	3935	5593
124907511	0	5143	3770	3930	5598
124907610	0	5148	3762	3930	5588
124907710	0	5153	3775	3925	5640
124907814	0	5134	3762	3953	5635
124907911	0	5148	3766	3930	5635
124908010	0	5120	3756	3949	5626
124908110	0	5148	3785	3944	5645
124908210	0	5111	3780	3944	5612
124908311	0	5129	3761	3944	5579
124908411	0	5111	3794	3949	5631
124908511	0	5134	3780	3953	5635
124908611	0	5097	3785	3935	5621
124908710	0	5134	3775	3930	5598
124908811	0	5120	3794	3958	5640
124908911	0	5134	3785	3930	5612
124909011	0	5148	3775	3935	5607
124909111	0	5158	3756	3935	5612
124909211	0	5129	3757	3949	5570
124909311	0	5153	3770	3925	5588
124909411	0	5153	3775	3963	5621
124909510	0	5153	3794	3939	5631
124909611	0	5162	3789	3958	5659
124909711	0	5153	3775	3935	5593
124909810	0	5162	3794	3953	5607
124909911	0	5115	3770	3949	5588
124910010	0	5125	3780	3958	5588
124910111	0	5148	3785	3925	5598
124910211	0	5167	3770	3949	5598
124910310	0	5153	3766	3935	5603
124910411	0	5143	3756	3925	5560
124910510	0	5148	3770	3916	5579
124910611	0	5148	3766	3949	5565
124910710	0	5111	3780	3963	5551
124910810	0	5125	3752	3967	5584
124910910	0	5153	3761	3977	5612
124911010	0	5153	3766	3949	5574
124911110	0	5167	3775	3930	5570
124911211	0	5120	3756	3953	5603
124911311	0	5139	3789	3944	5588
124911424	0	5167	3762	3949	5570
124911525	0	5125	3766	3949	5621
124911611	0	5129	3780	3939	5584
124911711	0	5158	3780	3939	5546
124911811	0	5172	3752	3953	5574
124911915	0	5134	3785	3953	5593
124912010	0	5162	3766	3944	5579
124912110	0	5162	3762	3939	5579
124912211	0	5158	3789	3949	5565
124912310	0	5129	3780	3953	5612
124912411	0	5148	3766	3944	5551
124912510	0	5129	3785	3953	5570
124912611	0	5153	3756	3939	5603
124912710	0	5143	3748	3949	5598
124912810	0	5143	3762	3963	5607
124912911	0	5162	3757	3944	5584
124913011	0	5129	3761	3958	5593
124913110	0	5129	3756	3925	5560
124913211	0	5158	3743	3967	5626
124913310	0	5139	3770	3935	5551
124913411	0	5148	3748	3963	5588
124913510	0	5148	3766	3953	5640
124913610	0	5129	3761	3944	5579
124913711	0	5129	3770	3939	5598
124913811	0	5148	3770	3949	5588
124913911	0	5190	3762	3930	5560
124914011	0	5158	3766	3949	5570
124914111	0	5148	3770	3935	5593
124914211	0	5148	3762	3949	5607
124914311	0	5143	3752	3944	5588
124914410	0	5134	3775	3949	5584
124914511	0	5162	3756	3958	5584
124914610	0	5148	3761	3949	5570
124914711	0	5125	3756	3958	5612
124914810	0	5115	3770	3953	5565
124914911	0	5143	3761	3935	5570
124915011	0	5167	3761	3925	5570
124915111	0	5162	3748	3967	5584
124915211	0	5153	3789	3949	5570
124915311	0	5097	3785	3953	5617
124915411	0	5115	3762	3944	5565
124915511	0	5153	3761	3963	5560
124915610	0	5148	3757	3963	5588
124915711	0	5139	3762	3963	5570
124915811	0	5129	3766	3963	5579
124915910	0	5143	3775	3963	5598
124916015	0	5125	3761	3967	5603
124916111	0	5162	3785	3949	5603
124916211	0	5148	3757	3935	5593
124916310	0	5162	3757	3930	5631
124916410	0	5153	3756	3939	5588
124916510	0	5148	3752	3949	5621
124916611	0	5162	3761	3944	5607
124916710	0	5148	3770	3963	5626
124916811	0	5167	3757	3930	5593
124916910	0	5134	3789	3953	5621
124917010	0	5139	3757	3944	5635
124917111	0	5172	3762	3944	5579
124917211	0	5153	3762	3930	5626
124917410	0	5143	3775	3935	5645
124917510	0	5167	3785	3944	5598
124917610	0	5143	3752	3953	5612
124917711	0	5134	3780	3939	5645
124917810	0	5153	3770	3939	5551
124917911	0	5172	3757	3939	5504
124918010	0	5162	3766	3935	5701
124918111	0	5111	3775	3930	5565
124918210	0	5176	3762	3944	5673
124918310	0	5158	3756	3963	6217
124918410	0	5148	3752	3967	5645
124918510	0	5134	3757	3972	5598
124918624	0	5106	3762	3944	5617
124918724	0	5134	3756	3967	5574
124918810	0	5153	3766	3944	5612
124918910	0	5167	3770	3963	5621
124919011	0	5125	3794	3939	5570
124919110	0	5153	3756	3935	5584
124919210	0	5129	3762	3939	5607
124919311	0	5148	3770	3949	5607
124919410	0	5139	3756	3944	5527
124919511	0	5134	3762	3930	5546
124919610	0	5129	3766	3944	6915
124919710	0	5143	3757	3944	5659
124919811	0	5111	3770	3939	5598
124919910	0	5101	3761	3944	5607
124920010	0	5129	3762	3953	5579
124920114	0	5111	3761	3967	5598
124920210	0	5148	3757	3944	5593
124920310	0	5158	3756	3939	5579
124920410	0	5129	3780	3949	5574
124920511	0	5148	3756	3949	5551
124920610	0	5111	3756	3953	5579
124920711	0	5158	3757	3949	5631
124920811	0	5139	3757	3949	5598
124920910	0	5153	3770	3925	5560
124921010	0	5148	3752	3935	5645
124921111	0	5143	3766	3935	5659
124921210	0	5129	3794	3944	5626
124921311	0	5134	3785	3958	5574
124921410	0	5143	3780	3953	5556
124921511	0	5139	3799	3949	5607
124921611	0	5181	3785	3935	5631
124921711	0	5162	3789	3949	5560
124921810	0	5134	3770	3925	5621
124921910	0	5162	3780	3930	5631
124922010	0	5148	3780	3935	5607
124922111	0	5153	3780	3939	5570
124922210	0	5153	3803	3930	5603
124922310	0	5139	3794	3921	5551
124922410	0	5153	3817	3939	5570
124922510	0	5153	3770	3949	5635
124922611	0	5176	3803	3930	5654
124922711	0	5162	3803	3930	5617
124922810	0	5158	3775	3935	5626
124922910	0	5134	3803	3930	5635
124923010	0	5172	3780	3916	5603
124923111	0	5134	3761	3930	5640
124923210	0	5143	3780	3939	5612
124923311	0	5172	3761	3925	5546
124923411	0	5176	3803	3925	5560
124923510	0	5134	3808	3925	5621
124923610	0	5143	3799	3930	5603
124923710	0	5097	3780	3944	5640
124923811	0	5148	3761	3939	5565
124923911	0	5148	3770	3944	5588
124924010	0	5158	3780	3944	5598
124924110	0	5153	3780	3944	5584
124924215	0	5111	3775	3944	5607
124924310	0	5181	3785	3939	5598
124924410	0	5158	3761	3944	5603
124924511	0	5158	3761	3935	5593
124924610	0	5162	3775	3949	5598
124924710	0	5158	3780	3935	5593
124924810	0	5143	3775	3939	5603
124924910	0	5167	3766	3935	5617
124925010	0	5162	3766	3930	5612
124925110	0	5158	3789	3944	5659
124925211	0	5167	3785	3930	5635
124925310	0	5153	3780	3944	5593
124925410	0	5148	3794	3939	5635
124925511	0	5148	3785	3949	5598
124925611	0	5158	3789	3944	5603
124925710	0	5143	3770	3953	5598
124925810	0	5162	3770	3953	5626
124925911	0	5134	3775	3949	5560
124926010	0	5158	3770	3963	5645
124926110	0	5162	3761	3939	5598
124926211	0	5181	3757	3958	5584
124926310	0	5143	3785	3949	5588
124926410	0	5139	3766	3953	5579
124926510	0	5139	3775	3944	5588
124926611	0	5148	3770	3930	5593
124926711	0	5148	3770	3949	5565
124926810	0	5115	3775	3944	5588
124926910	0	5148	3794	3939	5612
124927011	0	5134	3780	3944	5579
124927111	0	5162	3761	3939	5603
124927210	0	5162	3794	3939	5603
124927310	0	5143	3785	3949	5607
124927411	0	5158	3789	3953	5598
124927510	0	5148	3761	3939	5612
124927610	0	5167	3799	3935	5588
124927711	0	5172	3770	3939	5654
124927810	0	5153	3775	3921	5588
124927910	0	5176	3757	3935	5612
124928010	0	5153	3789	3939	5612
124928111	0	5134	3803	3939	5603
124928210	0	5158	3780	3939	5617
124928314	0	5153	3775	3944	5635
124928410	0	5162	3766	3944	5607
124928510	0	5158	3761	3944	5565
124928611	0	5143	3762	3930	5598
124928711	0	5162	3756	3939	5621
124928811	0	5125	3789	3939	5584
124928910	0	5139	3799	3930	5612
124929011	0	5143	3775	3949	5598
124929111	0	5129	3789	3930	5621
124929211	0	5139	3762	3949	5570
124929310	0	5125	3775	3949	5584
124929411	0	5167	3775	3949	5598
124929510	0	5125	3780	3939	5603
124929610	0	5148	3752	3958	5598
124929711	0	5125	3813	3958	5607
124929810	0	5162	3775	3963	5588
124929910	0	5139	3766	3949	5612
124930010	0	5120	3785	3949	5574
124930115	0	5162	3766	3953	5617
124930210	0	5139	3789	3935	5593
124930311	0	5143	3756	3939	5612
124930410	0	5129	3799	3958	5603
124930511	0	5153	3770	3939	5607
124930610	0	5158	3780	3939	5607
124930710	0	5143	3766	3944	5640
124930811	0	5148	3762	3939	5588
124930910	0	5148	3789	3958	5621
124931010	0	5143	3775	3939	5612
124931110	0	5143	3775	3939	5612
124931210	0	5129	3780	3939	5598
124931311	0	5148	3785	3939	5598
124931411	0	5143	3756	3963	5612
124931511	0	5120	3785	3939	5635
124931610	0	5143	3808	3958	5617
124931711	0	5172	3789	3939	5560
124931811	0	5143	3789	3930	5574
124931911	0	5143	3785	3925	5607
124932010	0	5153	3789	3925	5603
124932110	0	5176	3799	3930	5617
124932211	0	5153	3775	3939	5588
124932310	0	5143	3799	3930	5598
124932414	0	5186	3785	3949	5635
124932510	0	5148	3789	3939	5584
124932610	0	5148	3789	3925	5579
124932710	0	5158	3785	3944	5617
124932810	0	5153	3794	3925	5598
124932911	0	5148	3770	3935	5588
124933010	0	5139	3794	3944	5546
124933110	0	5129	3785	3944	5579
124933210	0	5167	3785	3939	5588
124933310	0	5143	3785	3930	5617
124933410	0	5153	3803	3944	5621
124933510	0	5176	3775	3939	5640
124933610	0	5125	3785	3944	5617
124933710	0	5162	3770	3944	5560
124933810	0	5143	3775	3949	5621
124933910	0	5158	3766	3935	5617
124934011	0	5115	3794	3944	5621
124934110	0	5153	3789	3949	5612
124934210	0	5172	3770	3935	5593
124934310	0	5158	3770	3939	5593
124934411	0	5162	3780	3958	5551
124934510	0	5162	3785	3930	5598
124934611	0	5162	3785	3939	5612
124934710	0	5162	3756	3939	5607
124934810	0	5153	3762	3935	5631
124934911	0	5153	3780	3930	5631
124935011	0	5158	3729	3935	5621
124935110	0	5134	3775	3949	5617
124935210	0	5162	3794	3944	5556
124935310	0	5162	3780	3949	5546
124935411	0	5143	3794	3949	5603
124935511	0	5148	3756	3939	5621
124935610	0	5139	3794	3921	5565
124935710	0	5148	3766	3953	5598
124935810	0	5134	3762	3949	5598
124935911	0	5167	3757	3925	5588
124936010	0	5139	3775	3949	5603
124936111	0	5153	3766	3944	5607
124936210	0	5158	3770	3925	5588
124936310	0	5143	3748	3953	5612
124936410	0	5153	3756	3944	5579
124936514	0	5158	3770	3949	5593
124936610	0	5129	3756	3930	5560
124936710	0	5134	3785	3963	5631
124936810	0	5139	3770	3953	5603
124936911	0	5153	3789	3935	5579
124937010	0	5158	3770	3944	5588
124937110	0	5172	3780	3930	5598
124937211	0	5153	3752	3939	5607
124937310	0	5162	3752	3935	5565
124937411	0	5158	3789	3949	5570
124937510	0	5153	3770	3958	5579
124937610	0	5167	3780	3953	5574
124937710	0	5139	3775	3930	5598
124937810	0	5162	3756	3949	5546
124937910	0	5167	3770	3949	5579
124938010	0	5143	3780	3944	5593
124938110	0	5148	3780	3944	5621
124938211	0	5167	3808	3949	5607
124938311	0	5181	3761	3949	5598
124938411	0	5134	3780	3935	5598
124938510	0	5143	3799	3930	5607
124938611	0	5153	3770	3977	5603
124938710	0	5176	3770	3967	5560
124938810	0	5134	3789	3944	5598
124938910	0	5139	3794	3953	5635
124939010	0	5167	3766	3939	5598
124939110	0	5129	3762	3944	5598
124939210	0	5125	3761	3949	5588
124939310	0	5134	3780	3949	5621
124939410	0	5153	3775	3963	5617
124939510	0	5153	3770	3939	5612
124939610	0	5101	3789	3953	5584
124939711	0	5111	3775	3963	5579
124939810	0	5167	3775	3949	5584
124939910	0	5139	3761	3949	5574
124940010	0	5158	3789	3935	5607
124940110	0	5153	3775	3972	5593
124940210	0	5148	3775	3953	5612
124940310	0	5172	3762	3958	5621
124940410	0	5134	3761	3967	5621
124940510	0	5172	3785	3944	5649
124940614	0	5143	3794	3935	5640
124940711	0	5153	3803	3930	5598
124940810	0	5129	3766	3958	5565
124940910	0	5176	3789	3967	5612
124941010	0	5139	3799	3944	5631
124941110	0	5120	3789	3949	5607
124941210	0	5158	3789	3963	5617
124941310	0	5111	3761	3958	5621
124941410	0	5153	3756	3935	5626
124941510	0	5162	3775	3967	5598
124941610	0	5153	3780	3935	5584
124941711	0	5167	3761	3967	5612
124941810	0	5125	3761	3958	5612
124941910	0	5148	3803	3939	5551
124942010	0	5129	3766	3958	5631
124942110	0	5153	3780	3963	5546
124942210	0	5134	3813	3949	5588
124942310	0	5153	3785	3958	5546
124942411	0	5148	3780	3930	5574
124942510	0	5129	3789	3953	5565
124942610	0	5134	3756	3935	5551
124942710	0	5153	3761	3958	5584
124942811	0	5148	3794	3963	5565
124942911	0	5139	3794	3935	5551
124943010	0	5139	3794	3949	5556
124943110	0	5148	3789	3935	5588
124943210	0	5148	3803	3921	5556
124943310	0	5162	3766	3958	5584
124943410	0	5158	3762	3958	5603
124943511	0	5176	3780	3949	5542
124943610	0	5153	3766	3935	5607
124943724	0	5139	3803	3944	5574
124943825	0	5158	3762	3944	5588
124943910	0	5158	3762	3939	5607
124944010	0	5162	3780	3963	5556
124944110	0	5148	3756	3939	5579
124944210	0	5158	3775	3963	5612
124944310	0	5162	3785	3949	5565
124944410	0	5139	3761	3935	5574
124944510	0	5153	3794	3944	5588
124944610	0	5134	3799	3939	5603
124944714	0	5120	3794	3944	5588
124944810	0	5176	3822	3963	5649
124944910	0	5172	3808	3944	5584
124945011	0	5125	3775	3958	5593
124945110	0	5162	3799	3925	5603
124945210	0	5153	3775	3949	5574
124945311	0	5172	3770	3953	5560
124945410	0	5158	3770	3967	5617
124945510	0	5153	3799	3935	5607
124945610	0	5115	3799	3967	5593
124945710	0	5129	3762	3935	5584
124945810	0	5158	3762	3939	5574
124945910	0	5111	3756	3939	5598
124946010	0	5115	3756	3967	5612
124946110	0	5101	3799	3944	5612
124946210	0	5148	3756	3944	5603
124946310	0	5167	3761	3939	5598
124946410	0	5153	3775	3953	5598
124946510	0	5148	3780	3939	5579
124946610	0	5162	3770	3949	5584
124946710	0	5129	3794	3953	5593
124946811	0	5153	3766	3949	5617
124946911	0	5162	3756	3930	5621
124947010	0	5176	3762	3953	5593
124947110	0	5143	3752	3935	5584
124947210	0	5143	3762	3944	5598
124947311	0	5158	3785	3949	5584
124947410	0	5148	3752	3935	5626
124947510	0	5125	3761	3953	5593
124947610	0	5125	3761	3949	5574
124947710	0	5158	3780	3944	5617
124947810	0	5101	3799	3939	5612
124947910	0	5134	3766	3944	5621
124948010	0	5162	3813	3958	5588
124948111	0	5143	3766	3958	5570
124948210	0	5172	3785	3958	5574
124948311	0	5158	3789	3944	5598
124948411	0	5125	3775	3935	5579
124948510	0	5139	3803	3953	5621
124948611	0	5176	3794	3944	5617
124948710	0	5125	3770	3949	5654
124948814	0	5106	3770	3953	5626
124948910	0	5158	3808	3925	5584
124949010	0	5078	3789	3930	5654
124949111	0	5172	3775	3935	5617
124949210	0	5153	3785	3949	5649
124949310	0	5148	3808	3958	5570
124949410	0	5158	3775	3949	5588
124949510	0	5176	3762	3944	5626
124949610	0	5073	3766	3939	5588
124949710	0	5143	3794	3963	5631
124949810	0	5162	3789	3958	5612
124949910	0	5139	3789	3935	5593
124950010	0	5167	3770	3958	5598
124950110	0	5143	3799	3930	5621
124950210	0	5097	3766	3939	5607
124950310	0	5167	3785	3963	5584
124950410	0	5158	3803	3967	5612
124950510	0	5125	3756	3958	5612
124950610	0	5148	3789	3958	5570
124950710	0	5134	3789	3958	5635
124950811	0	5139	3803	3921	5560
124950910	0	5181	3775	3939	5570
124951010	0	5139	3770	3944	5565
124951111	0	5111	3817	3963	5593
124951210	0	5129	3775	3935	5617
124951310	0	5181	3822	3930	5574
124951410	0	5148	3757	3949	5565
124951510	0	5139	3770	3944	5584
124951610	0	5115	3789	3935	5565
124951710	0	5158	3785	3935	5593
124951810	0	5162	3761	3972	5588
124951910	0	5148	3780	3963	5593
124952011	0	5167	3762	3935	5579
124952110	0	5143	3785	3949	5579
124952210	0	5167	3761	3963	5546
124952310	0	5167	3794	3939	5593
124952410	0	5139	3803	3967	5598
124952510	0	5129	3766	3949	5617
124952610	0	5162	3756	3949	5574
124952710	0	5153	3780	3958	5579
124952810	0	5134	3752	3930	5565
124952914	0	5153	3775	3958	5570
124953010	0	5176	3789	3949	5584
124953110	0	5158	3780	3944	5579
124953210	0	5148	3789	3963	5579
124953324	0	5153	3770	3958	5574
124953424	0	5158	3780	3944	5570
124953510	0	5143	3789	3949	5579
124953610	0	5139	3756	3930	5551
124953710	0	5129	3808	3944	5584
124953810	0	5148	3761	3949	5588
124953910	0	5120	3789	3925	5579
124954010	0	5129	3766	3944	5565
124954110	0	5158	3766	3958	5537
124954210	0	5148	3766	3958	5565
124954310	0	5143	3785	3935	5593
124954410	0	5158	3757	3944	5588
124954510	0	5158	3789	3939	5584
124954610	0	5153	3785	3949	5598
124954710	0	5148	3803	3972	5574
124954810	0	5153	3756	3939	5603
124954910	0	5143	3743	3935	5584
124955010	0	5143	3789	3935	5527
124955110	0	5143	3762	3972	5570
124955210	0	5153	3770	3972	5551
124955310	0	5158	3757	3944	5570
124955410	0	5167	3789	3939	5574
124955510	0	5148	3756	3939	5560
124955610	0	5158	3780	3944	5527
124955710	0	5162	3794	3925	5542
124955810	0	5143	3757	3953	5574
124955910	0	5158	3761	3953	5556
124956016	0	5176	3770	3949	5570
124956110	0	5167	3752	3935	5532
124956210	0	5153	3762	3949	5598
124956310	0	5139	3789	3939	5588
124956410	0	5167	3770	3958	5574
124956510	0	5143	3799	3930	5570
124956610	0	5186	3761	3958	5574
124956710	0	5139	3789	3958	5612
124956810	0	5153	3762	3944	5565
124956910	0	5158	3766	3944	5584
124957014	0	5148	3775	3944	5612
124957110	0	5134	3794	3953	5617
124957210	0	5158	3799	3949	5588
124957310	0	5158	3762	3944	5579
124957410	0	5148	3766	3953	5612
124957510	0	5139	3775	3949	5574
124957610	0	5139	3785	3958	5551
124957710	0	5158	3756	3949	5560
124957810	0	5167	3762	3953	5570
124957910	0	5162	3766	3939	5607
124958010	0	5181	3756	3958	5584
124958110	0	5181	3780	3944	5579
124958210	0	5148	3756	3953	5574
124958310	0	5153	3756	3949	5574
124958410	0	5139	3775	3930	5565
124958510	0	5143	3766	3949	5579
124958610	0	5148	3762	3953	5560
124958710	0	5153	3762	3953	5593
124958810	0	5125	3775	3935	5551
124958910	0	5148	3785	3953	5584
124959010	0	5139	3780	3944	5565
124959110	0	5111	3762	3944	5551
124959210	0	5143	3794	3935	5593
124959310	0	5158	3780	3963	5593
124959410	0	5125	3794	3944	5574
124959510	0	5181	3817	3939	5565
124959610	0	5139	3789	3935	5579
124959710	0	5148	3775	3930	5584
124959810	0	5143	3822	3944	5542
124959910	0	5158	3785	3935	5612
125000010	0	5153	3799	3944	5598
125000110	0	5134	3794	3949	5579
125000210	0	5181	3756	3939	5556
125000310	0	5162	3775	3944	5560
125000410	0	5162	3785	3949	5542
125000510	0	5153	3752	3930	5537
125000610	0	5162	3799	3939	5560
125000710	0	5134	3766	3935	5570
125000810	0	5143	3799	3963	5551
125000910	0	5158	3775	3958	5556
125001010	0	5162	3757	3949	5513
125001114	0	5143	3789	3958	5556
125001210	0	5143	3770	3953	5537
125001310	0	5148	3757	3935	5574
125001410	0	5139	3785	3939	5588
125001510	0	5172	3762	3953	5579
125001610	0	5167	3803	3958	5607
125001710	0	5153	3761	3958	5556
125001810	0	5139	3780	3939	5560
125001910	0	5139	3799	3925	5593
125002010	0	5162	3775	3944	5537
125002110	0	5134	3794	3935	5560
125002210	0	5176	3766	3949	5527
125002310	0	5158	3770	3944	5551
125002410	0	5167	3775	3949	5574
125002510	0	5139	3766	3944	5570
125002610	0	5153	3761	3944	5556
125002710	0	5125	3756	3944	5537
125002810	0	5134	3762	3944	6189
125002910	0	5153	3762	3949	5560
125003009	0	5129	3770	3972	5579
125003110	0	5158	3766	3963	5570
125003210	0	5129	3785	3935	5584
125003310	0	5158	3785	3958	5598
125003410	0	5139	3762	3935	5570
125003510	0	5148	3770	3967	5546
125003610	0	5129	3766	3953	5542
125003710	0	5181	3756	3963	5551
125003810	0	5167	3775	3958	5532
125003910	0	5167	3756	3949	5523
125004010	0	5172	3757	3944	5542
125004110	0	5143	3789	3939	5560
125004210	0	5167	3785	3958	5551
125004310	0	5153	3799	3967	5546
125004410	0	5143	3762	3944	5556
125004510	0	5143	3770	3958	5546
125004610	0	5167	3770	3939	5603
125004710	0	5134	3789	3953	5551
125004810	0	5139	3780	3944	5537
125004910	0	5172	3761	3949	5560
125005010	0	5153	3756	3935	5542
125005110	0	5143	3770	3949	5551
125005214	0	5143	3789	3935	5565
125005310	0	5148	3794	3958	6179
125005410	0	5143	3775	3944	5546
125005510	0	5129	3780	3949	5588
125005610	0	5139	3756	3944	5546
125005710	0	5139	3757	3949	5532
125005810	0	5158	3766	3953	5527
125005910	0	5158	3789	3982	5556
125006010	0	5143	3775	3925	5518
125006111	0	5148	3794	3930	5546
125006210	0	5162	3780	3958	5584
125006310	0	5162	3813	3953	5546
125006410	0	5143	3761	3944	5537
125006510	0	5162	3785	3944	5551
125006610	0	5153	3766	3958	5551
125006710	0	5148	3789	3967	5560
125006810	0	5139	3766	3944	5574
125006910	0	5172	3756	3949	5532
125007010	0	5125	3789	3949	5537
125007109	0	5139	3766	3953	5556
125007210	0	5134	3761	3963	5546
125007310	0	5143	3770	3958	5565
125007410	0	5181	3789	3949	5574
125007510	0	5153	3756	3967	5527
125007610	0	5129	3762	3949	5542
125007710	0	5148	3756	3944	5542
125007810	0	5153	3794	3935	5532
125007910	0	5148	3756	3939	6062
125008010	0	5158	3785	3935	5532
125008110	0	5134	3757	3953	5574
125008210	0	5125	3780	3958	5546
125008310	0	5134	3761	3949	5546
125008410	0	5148	3794	3967	5532
125008510	0	5162	3761	3958	5537
125008610	0	5143	3756	3949	5565
125008710	0	5139	3780	3930	5537
125008811	0	5129	3789	3930	5565
125008910	0	5139	3794	3953	5542
125009010	0	5172	3766	3935	5546
125009110	0	5125	3789	3963	5584
125009210	0	5176	3785	3958	5570
125009313	0	5153	3789	3939	5574
125009410	0	5148	3785	3944	5542
125009510	0	5139	3775	3949	5560
125009610	0	5143	3780	3944	5556
125009710	0	5153	3775	3939	5527
125009810	0	5148	3803	3935	5560
125009910	0	5111	3762	3949	5570
125010010	0	5162	3780	3949	5588
125010110	0	5153	3756	3939	5556
125010210	0	5143	3770	3953	5523
125010309	0	5167	3766	3930	5542
125010410	0	5167	3780	3953	5542
125010510	0	5153	3766	3944	5527
125010610	0	5148	3757	3949	5584
125010710	0	5176	3762	3930	5551
125010810	0	5115	3780	3953	5551
125010909	0	5162	3785	3953	5598
125011010	0	5176	3775	3930	5603
125011110	0	5148	3775	3958	5527
125011210	0	5195	3785	3949	5584
125011310	0	5158	3780	3953	5546
125011410	0	5158	3813	3963	5546
125011510	0	5167	3789	3939	5607
125011610	0	5125	3789	3935	5556
125011710	0	5148	3775	3939	5574
125011810	0	5167	3785	3944	5546
125011910	0	5143	3766	3949	5560
125012010	0	5186	3756	3949	5560
125012110	0	5120	3770	3953	5546
125012210	0	5134	3789	3930	5588
125012310	0	5129	3761	3963	5588
125012410	0	5186	3799	3949	5565
125012510	0	5129	3808	3963	5551
125012610	0	5111	3785	3944	5560
125012710	0	5120	3799	3967	5570
125012810	0	5158	3789	3953	5588
125012910	0	5115	3780	3944	5626
125013010	0	5158	3775	3921	5579
125013110	0	5167	3766	3953	5645
125013210	0	5167	3780	3953	5556
125013310	0	5106	3761	3953	5607
125013414	0	5162	3803	3935	5570
125013510	0	5125	3799	3939	5546
125013610	0	5158	3785	3949	5607
125013710	0	5153	3775	3939	5579
125013810	0	5143	3808	3935	5635
125013910	0	5148	3775	3953	5574
125014010	0	5162	3808	3953	5565
125014110	0	5176	3799	3967	5574
125014209	0	5176	3780	3967	5565
125014310	0	5158	3756	3958	5579
125014410	0	5139	3762	3963	5570
125014509	0	5129	3770	3939	5574
125014610	0	5158	3770	3944	5570
125014710	0	5162	3770	3958	5588
125014810	0	5176	3789	3925	5551
125014910	0	5153	3785	3967	5626
125015010	0	5153	3780	3935	5621
125015110	0	5162	3780	3939	5570
125015210	0	5158	3766	3953	5551
125015310	0	5148	3789	3935	5617
125015410	0	5143	3780	3939	5537
125015510	0	5129	3757	3967	5565
125015610	0	5167	3785	3949	5603
125015710	0	5134	3831	3963	5565
125015810	0	5162	3757	3953	5565
125015910	0	5148	3766	3958	5570
125016010	0	5153	3775	3958	5537
125016110	0	5158	3794	3953	5603
125016209	0	5111	3766	3939	5598
125016309	0	5134	3761	3967	5574
125016410	0	5158	3757	3958	5560
125016510	0	5158	3761	3949	5588
125016610	0	5158	3770	3963	5579
125016710	0	5162	3761	3930	5546
125016810	0	5153	3799	3930	5579
125016910	0	5162	3762	3958	5537
125017010	0	5125	3766	3963	5542
125017110	0	5167	3780	3944	5579
125017210	0	5158	3785	3958	5584
125017310	0	5139	3775	3944	5570
125017410	0	5134	3780	3972	5574
125017513	0	5134	3766	3967	5588
125017610	0	5162	3756	3939	5574
125017710	0	5148	3757	3972	5532
125017810	0	5167	3761	3949	5542
125017910	0	5167	3775	3935	5574
125018010	0	5162	3766	3935	5574
125018110	0	5158	3794	3944	5588
125018210	0	5143	3780	3939	5565
125018310	0	5158	3756	3944	5546
125018410	0	5139	3803	3939	5593
125018510	0	5143	3752	3953	5584
125018610	0	5143	3775	3949	5617
125018710	0	5162	3756	3939	5542
125018810	0	5143	3799	3939	5593
125018910	0	5139	3785	3935	5551
125019010	0	5158	3756	3944	5560
125019110	0	5148	3785	3949	5588
125019210	0	5143	3789	3949	5649
125019310	0	5101	3770	3972	5598
125019410	0	5129	3766	3939	5542
125019510	0	5143	3756	3939	5584
125019610	0	5148	3762	3958	5588
125019710	0	5143	3756	3953	5574
125019809	0	5172	3761	3972	5584
125019910	0	5139	3789	3967	5603
125020009	0	5148	3808	3935	5551
125020110	0	5148	3789	3972	5551
125020210	0	5162	3766	3939	5607
125020310	0	5129	3785	3967	6133
125020410	0	5129	3748	3935	6592
125020510	0	5139	3770	3963	6606
125020609	0	5162	3761	3963	6559
125020710	0	5176	3761	3977	6573
125020809	0	5125	3799	3958	6559
125020910	0	5172	3770	3939	6531
125021010	0	5148	3766	3944	6507
125021110	0	5158	3770	3967	6484
125021210	0	5134	3757	3935	6479
125021309	0	5176	3761	3958	7205
125021410	0	5158	3789	3958	7051
125021510	0	5172	3762	3958	7013
125021612	0	5181	3770	3953	6292
125021710	0	5158	3752	3949	6943
125021810	0	5158	3761	3939	6784
125021915	0	5148	3756	3953	6704
125022010	0	5153	3789	3935	6648
125022109	0	5148	3756	3949	6606
125022210	0	5158	3743	3939	6606
125022309	0	5143	3785	3958	6573
125022409	0	5167	3785	3939	6587
125022509	0	5162	3762	3944	6563
125022610	0	5143	3757	3939	6578
125022709	0	5158	3757	3972	6578
125022810	0	5148	3743	3939	6596
125022909	0	5143	3775	3963	6596
125023010	0	5176	3770	3949	6222
125023110	0	5139	3752	3953	6578
125023210	0	5158	3766	3939	6076
125023310	0	5143	3803	3949	5635
125023410	0	5148	3808	3953	5551
125023510	0	5158	3762	3958	5556
125023610	0	5111	3789	3939	5612
125023710	0	5143	3770	3939	5551
125023810	0	5134	3756	3963	5527
125023910	0	5167	3775	3953	5537
125024010	0	5176	3756	3935	5542
125024110	0	5148	3775	3949	5546
125024210	0	5162	3770	3949	6048
125024309	0	5120	3770	3935	6151
125024410	0	5153	3766	3949	6676
125024510	0	5148	3766	3944	6826
125024610	0	5115	3762	3967	6835
125024710	0	5167	3789	3944	6807
125024810	0	5186	3756	3958	6798
125024910	0	5134	3766	3944	6203
125025010	0	5162	3780	3944	6212
125025109	0	5153	3766	3939	6301
125025210	0	5139	3762	3939	6189
125025309	0	5134	3785	3949	5565
125025409	0	5143	3770	3949	6072
125025510	0	5181	3766	3958	6882
125025610	0	5153	3785	3963	6194
125025712	0	5172	3762	3944	5701
125025809	0	5134	3775	3967	5565
125025910	0	5167	3794	3949	5682
125026009	0	5167	3775	3944	5556
125026109	0	5162	3770	3949	6198
125026210	0	5139	3789	3949	5570
125026310	0	5111	3766	3944	6826
125026410	0	5162	3756	3963	6048
125026510	0	5148	3762	3949	5556
125026610	0	5153	3752	3967	6203
125026710	0	5162	3752	3963	5603
125026810	0	5172	3756	3939	6057
125026910	0	5162	3761	3939	5687
125027010	0	5172	3766	3935	6090
125027110	0	5129	3757	3944	6090
125027210	0	5134	3757	3939	6104
125027310	0	5129	3789	3935	6165
125027410	0	5148	3780	3944	6081
125027510	0	5139	3752	3944	5574
125027610	0	5139	3799	3939	5588
125027710	0	5125	3756	3935	5640
125027810	0	5134	3770	3935	5720
125027909	0	5134	3766	3949	5565
125028010	0	5162	3785	3963	5734
125028110	0	5148	3770	3949	6184
125028210	0	5129	3748	3944	6165
125028310	0	5153	3803	3935	5668
125028410	0	5129	3757	3958	6072
125028510	0	5153	3762	3958	6648
125028610	0	5139	3761	3944	6315
125028710	0	5162	3766	3949	6142
125028809	0	5143	3757	3958	6179
125028910	0	5158	3785	3944	6821
125029010	0	5134	3770	3939	6784
125029108	0	5181	3817	3958	6676
125029208	0	5162	3780	3958	6671
125029308	0	5172	3770	3944	6601
125029408	0	5134	3775	3977	6315
125029507	0	5153	3799	3944	6334
125029608	0	5162	3794	3935	6835
125029707	0	5148	3813	3930	6175
125029812	0	5148	3785	3967	6854
125029907	0	5153	3761	3944	6343
125030008	0	5143	3794	3944	6840
125030107	0	5139	3789	3944	6226
125030208	0	5162	3789	3944	6789
125030307	0	5143	3780	3949	6179
125030407	0	5148	3766	3944	6784
125030508	0	5129	3762	3944	6699
125030607	0	5148	3761	3935	6629
125030707	0	5153	3817	3944	5542
125030808	0	5162	3762	3949	6817
125030907	0	5134	3766	3958	6240
125031008	0	5162	3775	3935	6179
125031108	0	5162	3757	3949	6184
125031208	0	5139	3770	3944	6826
125031308	0	5167	3799	3930	5739
125031408	0	5134	3761	3939	6662
125031507	0	5143	3766	3963	6699
125031607	0	5143	3756	3967	6765
125031708	0	5139	3808	3958	6690
125031908	0	5162	3766	3953	6774
125032007	0	5167	3766	3953	6339
125032107	0	5167	3766	3949	6821
125032208	0	5181	3770	3944	6803
125032308	0	5158	3756	3949	6170
125032407	0	5148	3766	3953	6198
125032507	0	5172	3775	3953	6770
125032608	0	5153	3794	3944	6774
125032708	0	5158	3780	3944	6803
125032808	0	5167	3799	3939	6732
125032908	0	5167	3799	3958	6812
125033007	0	5134	3761	3944	6826
125033107	0	5139	3770	3949	6868
125033207	0	5158	3752	3953	6812
125033307	0	5167	3756	3935	6807
125033408	0	5134	3766	3949	6165
125033508	0	5134	3762	3963	6165
125033608	0	5148	3775	3958	5556
125033708	0	5143	3770	3958	6315
125033808	0	5162	3780	3949	6779
125033912	0	5087	3762	3967	6189
125034008	0	5101	3756	3953	6161
125034108	0	5106	3808	3944	6643
125034207	0	5134	3752	3967	5617
125034307	0	5143	3743	3963	6784
125034408	0	5158	3761	3953	6184
125034507	0	5134	3766	3953	5593
125034608	0	5162	3761	3939	5617
125034708	0	5134	3785	3958	6057
125034807	0	5162	3761	3949	6690
125034907	0	5158	3770	3963	5692
125035007	0	5153	3761	3967	6165
125035108	0	5148	3789	3953	6170
125035208	0	5153	3766	3944	6203
125035308	0	5158	3794	3967	6109
125035407	0	5162	3766	3939	6170
125035507	0	5143	3775	3958	6175
125035608	0	5167	3775	3935	6695
125035708	0	5176	3775	3953	5612
125035808	0	5153	3762	3958	6170
125035908	0	5139	3775	3958	6798
125036008	0	5153	3762	3944	6315
125036107	0	5153	3770	3949	6817
125036207	0	5176	3770	3958	6793
125036308	0	5143	3762	3930	6165
125036407	0	5153	3757	3935	6203
125036508	0	5158	3762	3930	6854
125036608	0	5158	3757	3958	6789
125036708	0	5143	3780	3944	6123
125036807	0	5153	3780	3972	6793
125036910	0	5148	3770	3944	6325
125037008	0	5143	3756	3953	6826
125037108	0	5129	3780	3949	5729
125037208	0	5134	3785	3949	6812
125037307	0	5158	3775	3939	6699
125037407	0	5134	3756	3930	5542
125037507	0	5167	3799	3963	6142
125037607	0	5129	3794	3935	5724
125037707	0	5143	3766	3930	6165
125037808	0	5143	3770	3953	6831
125037907	0	5176	3794	3982	6025
125038011	0	5134	3761	3949	6774
125038107	0	5153	3803	3967	5560
125038208	0	5129	3770	3939	6662
125038308	0	5129	3770	3944	6029
125038407	0	5172	3770	3977	6170
125038507	0	5162	3785	3939	6161
125038607	0	5153	3762	3944	5715
125038708	0	5129	3761	3949	6161
125038808	0	5134	3757	3944	6165
125038907	0	5167	3785	3939	5574
125039008	0	5148	3766	3958	5579
125039108	0	5158	3756	3953	6685
125039207	0	5129	3780	3944	6320
125039308	0	5158	3766	3935	5527
125039407	0	5148	3752	3953	6826
125039508	0	5162	3775	3935	6812
125039607	0	5153	3762	3967	6662
125039708	0	5167	3785	3967	6784
125039808	0	5162	3766	3953	6845
125039907	0	5176	3757	3935	6765
125040007	0	5148	3770	3944	6845
125040107	0	5176	3775	3963	6798
125040208	0	5153	3756	3939	6676
125040308	0	5143	3761	3939	6175
125040408	0	5143	3757	3930	6048
125040507	0	5167	3789	3939	6184
125040608	0	5111	3770	3953	6029
125040708	0	5148	3780	3935	6765
125040807	0	5148	3752	3958	6015
125040908	0	5139	3761	3963	6067
125041008	0	5148	3757	3939	6015
125041108	0	5176	3761	3944	6798
125041208	0	5153	3770	3953	6774
125041307	0	5125	3803	3949	6198
125041408	0	5148	3789	3963	6165
125041507	0	5134	3756	3935	6165
125041607	0	5158	3770	3939	6653
125041707	0	5143	3766	3958	6072
125041808	0	5172	3762	3944	6334
125041907	0	5162	3766	3944	6179
125042007	0	5158	3766	3958	6039
125042111	0	5167	3785	3935	5542
125042207	0	5162	3770	3935	6859
125042307	0	5158	3757	3949	6001
125042408	0	5172	3770	3958	6798
125042508	0	5176	3789	3963	6690
125042608	0	5158	3780	3939	6043
125042708	0	5176	3780	3935	6624
125042807	0	5125	3752	3953	6184
125042907	0	5153	3785	3953	6685
125043007	0	5172	3761	3958	6638
125043107	0	5162	3761	3944	6685
125043207	0	5139	3761	3953	6638
125043308	0	5153	3766	3939	6203
125043407	0	5158	3770	3963	6189
125043508	0	5148	3780	3944	6076
125043608	0	5148	3789	3944	6156
125043708	0	5176	3761	3958	6690
125043808	0	5172	3770	3939	6803
125043908	0	5134	3756	3949	6850
125044008	0	5148	3762	3953	6165
125044107	0	5172	3789	3939	6015
125044207	0	5181	3762	3939	6709
125044308	0	5134	3756	3949	6831
125044407	0	5158	3762	3939	6020
125044507	0	5162	3789	3949	6189
125044607	0	5148	3775	3963	6671
125044708	0	5139	3756	3930	6831
125044807	0	5172	3770	3953	6629
125044908	0	5153	3766	3939	6020
125045007	0	5158	3780	3958	6156
125045108	0	5153	3766	3939	6784
125045207	0	5143	3780	3972	6334
125045308	0	5139	3761	3953	6667
125045407	0	5176	3785	3967	6765
125045508	0	5153	3762	3939	6198
125045607	0	5167	3761	3939	6184
125045707	0	5162	3789	3939	6184
125045807	0	5158	3762	3953	6175
125045908	0	5158	3770	3963	6175
125046007	0	5148	3799	3963	6151
125046108	0	5143	3757	3935	6170
125046211	0	5167	3761	3963	6868
125046307	0	5176	3785	3967	6194
125046408	0	5162	3756	3967	6831
125046508	0	5125	3794	3953	6868
125046607	0	5153	3752	3939	6156
125046807	0	5181	3757	3958	6807
125046907	0	5172	3770	3953	6226
125047008	0	5148	3780	3953	6789
125047108	0	5162	3766	3963	6699
125047207	0	5139	3794	3963	6835
125047307	0	5158	3757	3939	6194
125047407	0	5139	3803	3939	6882
125047507	0	5129	3775	3977	6048
125047607	0	5162	3775	3958	6170
125047707	0	5167	3775	3935	6774
125047808	0	5172	3761	3944	6840
125047907	0	5143	3766	3939	6850
125048008	0	5167	3780	3963	6226
125048107	0	5125	3757	3935	6793
125048208	0	5129	3762	3944	6850
125048307	0	5158	3785	3935	6803
125048408	0	5143	3757	3958	6793
125048507	0	5143	3775	3949	6789
125048607	0	5143	3762	3935	6723
125048708	0	5162	3756	3935	6151
125048807	0	5167	3761	3944	6685
125048908	0	5158	3785	3939	6189
125049008	0	5143	3766	3958	6803
125049107	0	5153	3803	3944	6123
125049207	0	5158	3756	3944	6648
125049307	0	5148	3762	3963	6835
125049408	0	5162	3780	3930	6789
125049507	0	5167	3761	3944	6798
125049608	0	5162	3775	3949	6723
125049708	0	5143	3775	3953	6189
125049807	0	5139	3756	3963	6821
125049908	0	5158	3780	3944	6854
125050007	0	5181	3780	3939	6226
125050107	0	5172	3789	3949	6699
125050208	0	5162	3803	3953	6835
125050311	0	5143	3808	3939	6179
125050408	0	5139	3775	3935	6793
125050508	0	5172	3766	3935	6831
125050608	0	5158	3756	3939	6723
125050708	0	5158	3789	3972	6812
125050807	0	5176	3789	3944	6165
125050907	0	5134	3799	3939	6873
125051007	0	5143	3770	3949	6315
125051107	0	5167	3756	3935	6803
125051208	0	5172	3789	3953	6835
125051307	0	5129	3770	3935	6798
125051407	0	5129	3775	3944	6840
125051508	0	5172	3799	3963	6699
125051608	0	5148	3766	3977	6868
125051708	0	5162	3770	3972	6315
125051807	0	5158	3775	3958	6831
125051907	0	5162	3770	3939	5720
125052008	0	5172	3757	3944	6320
125052108	0	5162	3770	3972	6864
125052207	0	5158	3761	3958	6770
125052308	0	5167	3756	3939	6156
125052407	0	5143	3756	3953	6297
125052508	0	5176	3761	3935	6690
125052607	0	5158	3775	3949	6854
125052707	0	5153	3756	3958	6179
125052807	0	5158	3756	3958	6774
125052907	0	5158	3756	3944	6737
125053007	0	5129	3761	3939	6315
125053108	0	5172	3756	3930	6845
125053207	0	5134	3762	3972	6817
125053308	0	5162	3762	3949	6859
125053421	0	5153	3766	3958	6798
125053508	0	5134	3743	3963	6826
125053608	0	5143	3808	3930	6835
125053708	0	5139	3766	3949	5748
125053808	0	5148	3780	3953	6807
125053907	0	5167	3762	3939	6165
125054007	0	5153	3762	3935	6203
125054107	0	5153	3789	3958	6175
125054208	0	5148	3770	3949	6161
125054307	0	5158	3775	3949	6789
125054412	0	5134	3799	3972	6793
125054507	0	5167	3757	3949	6681
125054608	0	5148	3761	3939	6779
125054708	0	5172	3780	3944	6831
125054807	0	5148	3803	3963	5706
125054908	0	5172	3775	3944	6189
125055007	0	5125	3752	3953	6198
125055107	0	5143	3766	3953	6020
125055208	0	5148	3761	3953	6320
125055307	0	5143	3762	3967	6170
125055407	0	5162	3762	3949	6854
125055507	0	5153	3770	3939	6165
125055608	0	5181	3770	3963	6184
125055707	0	5158	3762	3953	6723
125055807	0	5162	3766	3944	6208
125055908	0	5148	3756	3963	6676
125056007	0	5120	3789	3953	6222
125056107	0	5139	3762	3963	6821
125056207	0	5129	3799	3939	5649
125056307	0	5134	3785	3972	5692
125056407	0	5158	3785	3939	6184
125056508	0	5162	3766	3930	6695
125056607	0	5162	3766	3949	5574
125056707	0	5167	3756	3963	5556
125056807	0	5158	3761	3935	6194
125056908	0	5162	3756	3935	5542
125057007	0	5148	3789	3972	6648
125057107	0	5097	3756	3939	6789
125057208	0	5139	3770	3967	6165
125057308	0	5172	3752	3939	6170
125057407	0	5106	3762	3939	6189
125057507	0	5162	3756	3944	6198
125057608	0	5176	3756	3944	6784
125057707	0	5143	3762	3935	5734
125057807	0	5143	3756	3935	6165
125057908	0	5172	3766	3963	6695
125058007	0	5162	3785	3949	6709
125058108	0	5115	3761	3953	6826
125058207	0	5153	3756	3944	6629
125058511	0	5176	3780	3953	6311
125058608	0	5120	3761	3935	6662
125058707	0	5143	3780	3953	6629
125058807	0	5153	3757	3977	6109
125058907	0	5153	3789	3935	6826
125059008	0	5134	3756	3977	6850
125059107	0	5172	3785	3935	6845
125059208	0	5167	3761	3972	5692
125059308	0	5134	3770	3953	6015
125059407	0	5129	3770	3944	6667
125059507	0	5143	3775	3963	6821
125059608	0	5134	3738	3935	6681
125059707	0	5143	3762	3953	6807
125059807	0	5176	3780	3967	6338
125059907	0	5162	3770	3963	6840
125100008	0	5172	3770	3944	6878
125100107	0	5148	3770	3935	6831
125100207	0	5129	3757	3963	6850
125100307	0	5115	3757	3939	6690
125100408	0	5148	3766	3953	6667
125100508	0	5158	3762	3949	6334
125100607	0	5153	3789	3967	6793
125100708	0	5158	3762	3939	6798
125100807	0	5181	3780	3963	6695
125100907	0	5148	3789	3953	6826
125101008	0	5162	3761	3953	6330
125101107	0	5153	3734	3953	6803
125101208	0	5153	3766	3944	6789
125101307	0	5181	3775	3991	6657
125101407	0	5139	3752	3944	6807
125101507	0	5143	3756	3949	6301
125101608	0	5158	3757	3958	6812
125101707	0	5139	3789	3953	6029
125101807	0	5158	3757	3967	6742
125101907	0	5153	3757	3939	6831
125102007	0	5148	3775	3939	6812
125102107	0	5139	3789	3930	6793
125102208	0	5153	3756	3958	6657
125102307	0	5148	3808	3953	6699
125102408	0	5167	3748	3949	6334
125102507	0	5153	3780	3930	6882
125102611	0	5181	3808	3939	6803
125102707	0	5162	3762	3963	6868
125102810	0	5172	3770	3958	6817
125102907	0	5158	3775	3939	6845
125103007	0	5143	3785	3963	6845
125103107	0	5158	3775	3944	6878
125103207	0	5148	3785	3949	6198
125103308	0	5172	3761	3939	6850
125103407	0	5148	3780	3935	6803
125103507	0	5153	3785	3949	6798
125103607	0	5162	3766	3939	6194
125103707	0	5172	3757	3949	6812
125103808	0	5167	3752	3935	6803
125103907	0	5158	3789	3972	6250
125104008	0	5148	3789	3953	6807
125104107	0	5153	3761	3944	6156
125104207	0	5158	3762	3967	6817
125104307	0	5167	3762	3944	6779
125104407	0	5125	3770	3958	6334
125104507	0	5129	3775	3944	6821
125104608	0	5162	3775	3944	6807
125104707	0	5162	3785	3963	6807
125104807	0	5153	3770	3963	6161
125104907	0	5172	3770	3949	6826
125105008	0	5153	3766	3963	6854
125105107	0	5158	3762	3939	6161
125105208	0	5143	3780	3949	5678
125105307	0	5139	3775	3930	6803
125105408	0	5172	3766	3972	6137
125105508	0	5167	3780	3972	6756
125105607	0	5134	3762	3958	6100
125105708	0	5129	3785	3958	6765
125105807	0	5172	3762	3949	6779
125105908	0	5158	3780	3944	6718
125106007	0	5158	3775	3953	6690
125106107	0	5125	3761	3953	6784
125106207	0	5162	3775	3953	6179
125106307	0	5134	3761	3949	6817
125106407	0	5181	3762	3949	6774
125106507	0	5153	3770	3930	6770
125106608	0	5162	3756	3949	6760
125106711	0	5172	3775	3958	6784
125106807	0	5158	3770	3958	6789
125106907	0	5097	3770	3953	6175
125107007	0	5153	3748	3967	6760
125107107	0	5148	3766	3949	6807
125107207	0	5167	3789	3982	6826
125107307	0	5139	3799	3949	6638
125107408	0	5153	3775	3949	6194
125107508	0	5158	3780	3953	6648
125107607	0	5181	3780	3982	6793
125107707	0	5158	3762	3967	6165
125107807	0	5125	3785	3958	6020
125107907	0	5106	3752	3935	6774
125108007	0	5167	3761	3949	6175
125108107	0	5134	3803	3972	6704
125108207	0	5143	3770	3967	6212
125108307	0	5158	3770	3953	5588
125108407	0	5158	3780	3939	6175
125108507	0	5148	3775	3972	6592
125108608	0	5162	3794	3953	6606
125108707	0	5143	3766	3939	6606
125108807	0	5167	3785	3953	6592
125108907	0	5139	3803	3944	6535
125109008	0	5153	3822	3967	6549
125109108	0	5101	3794	3949	6563
125109207	0	5111	3808	3939	6578
125109307	0	5148	3789	3958	6573
125109407	0	5162	3780	3963	6563
125109507	0	5129	3752	3958	6582
125109607	0	5111	3799	3963	6086
125109707	0	5153	3789	3963	6587
125109807	0	5134	3785	3939	5579
125109907	0	5172	3789	3939	5635
125110007	0	5148	3766	3939	5551
125110107	0	5143	3789	3935	5574
125110207	0	5162	3789	3939	5588
125110308	0	5162	3785	3949	6057
125110407	0	5162	3785	3953	5710
125110507	0	5167	3762	3935	6803
125110608	0	5153	3756	3963	6184
125110707	0	5158	3799	3949	6864
125110809	0	5158	3756	3953	6821
125110907	0	5162	3789	3949	6161
125111008	0	5162	3762	3935	5560
125111107	0	5158	3775	3935	5579
125111207	0	5162	3752	3949	5584
125111308	0	5162	3766	3939	5556
125111407	0	5167	3761	3986	5617
125111507	0	5129	3756	3944	5574
125111607	0	5148	3756	3944	5588
125111707	0	5125	3761	3949	6222
125111807	0	5158	3775	3953	5509
125111907	0	5176	3794	3939	6179
125112008	0	5148	3785	3935	6315
125112107	0	5134	3775	3953	6831
125112207	0	5120	3756	3944	6723
125112307	0	5167	3756	3958	6864
125112407	0	5143	3756	3963	5724
125112507	0	5162	3785	3949	6175
125112607	0	5158	3789	3944	6161
125112707	0	5148	3780	3953	6198
125112808	0	5134	3756	3977	6189
125112907	0	5186	3761	3963	6821
125113007	0	5115	3762	3949	6714
125113108	0	5158	3789	3972	6137
125113207	0	5097	3761	3958	6774
125113307	0	5148	3789	3949	6718
125113407	0	5148	3803	3977	6859
125113507	0	5158	3756	3944	6826
125113608	0	5143	3780	3935	6873
125113707	0	5153	3762	3949	6212
125113807	0	5162	3762	3949	6179
125113907	0	5148	3794	3944	6175
125114007	0	5162	3808	3944	6198
125114107	0	5167	3775	3925	6330
125114207	0	5167	3766	3944	6179
125114307	0	5162	3756	3935	6343
125114407	0	5148	3761	3958	6845
125114507	0	5162	3789	3944	6817
125114607	0	5148	3756	3958	6835
125114707	0	5162	3794	3953	6892
125114807	0	5172	3761	3935	6817
125114909	0	5148	3770	3939	6868
125115007	0	5153	3756	3935	6817
125115107	0	5158	3770	3949	6835
125115207	0	5158	3766	3939	6170
125115307	0	5167	3780	3930	6086
125115407	0	5115	3780	3939	5607
125115507	0	5143	3752	3949	5607
125115607	0	5162	3756	3958	6231
125115708	0	5162	3766	3939	5579
125115808	0	5148	3762	3935	5593
125115907	0	5148	3785	3953	5584
