152615656	0	3354	4787	6746	4961
152615760	0	3359	4782	6756	5022
152615854	0	3359	4782	6751	4984
152615953	0	3354	4834	6756	4989
152616054	0	3335	4773	6789	4956
152616154	0	3340	4787	6803	4984
152616254	0	3335	4787	6770	4998
152616354	0	3335	4778	6756	4989
152616454	0	3340	4820	6793	4975
152616554	0	3354	4801	6798	4989
152616654	0	3331	4843	6779	4965
152616754	0	3345	4843	6737	4993
152616854	0	3392	4773	6765	4970
152616954	0	3359	4839	6742	4989
152617054	0	3359	4773	6756	4993
152617154	0	3364	4796	6746	4989
152617253	0	3345	4787	6803	5022
152617354	0	3359	4801	6793	5017
152617454	0	3350	4787	6751	4993
152617554	0	3340	4839	6751	4979
152617654	0	3340	4792	6793	5003
152617754	0	3354	4796	6774	5003
152617854	0	3364	4839	6760	5017
152617954	0	3382	4778	6765	5031
152618054	0	3331	4773	6789	4979
152618154	0	3326	4782	6746	5026
152618254	0	3345	4787	6770	4993
152618353	0	3331	4848	6784	5007
152618454	0	3350	4843	6789	4993
152618554	0	3373	4787	6774	5017
152618654	0	3317	4773	6765	5017
152618754	0	3368	4876	6765	5036
152618854	0	3340	4848	6742	5026
152618954	0	3345	4862	6789	4993
152619054	0	3345	4867	6784	5045
152619154	0	3340	4801	6779	4970
152619254	0	3350	4843	6737	5003
152619353	0	3345	4768	6784	5040
152619454	0	3354	4843	6807	4975
152619553	0	3364	4843	6751	5003
152619654	0	3340	4843	6803	4984
152619755	0	3331	4815	6793	5007
152619854	0	3340	4778	6756	5026
152619954	0	3335	4782	6742	4970
152620053	0	3354	4810	6746	4975
152620154	0	3312	4810	6770	5036
152620254	0	3326	4759	6770	4937
152620354	0	3312	4848	6751	4979
152620453	0	3331	4839	6751	4998
152620553	0	3345	4829	6803	5022
152620654	0	3331	4839	6774	5022
152620754	0	3340	4843	6789	4961
152620853	0	3312	4848	6784	4984
152620953	0	3364	4815	6737	5012
152621054	0	3335	4825	6760	5031
152621153	0	3335	4848	6756	4993
152621254	0	3312	4787	6742	5036
152621354	0	3373	4764	6760	5026
152621454	0	3335	4792	6798	4998
152621554	0	3345	4848	6756	4965
152621653	0	3368	4764	6770	5017
152621754	0	3359	4773	6765	5036
152621853	0	3364	4773	6732	4984
152621954	0	3368	4834	6798	4979
152622054	0	3340	4801	6742	5007
152622154	0	3340	4796	6784	4975
152622253	0	3312	4834	6737	4989
152622354	0	3364	4867	6728	4979
152622454	0	3359	4768	6760	4984
152622554	0	3359	4829	6760	5022
152622654	0	3368	4839	6751	5017
152622753	0	3317	4773	6751	4965
152622853	0	3359	4782	6751	4998
152622953	0	3359	4825	6789	4956
152623054	0	3335	4820	6765	4998
152623153	0	3378	4862	6756	5026
152623253	0	3335	4834	6803	5003
152623354	0	3368	4834	6779	5003
152623453	0	3354	4834	6812	5031
152623553	0	3350	4843	6803	4998
152623653	0	3335	4768	6742	4979
152623753	0	3340	4782	6770	4951
152623856	0	3317	4825	6789	4975
152623953	0	3335	4815	6793	4946
152624053	0	3373	4829	6784	5036
152624154	0	3340	4796	6742	5017
152624253	0	3368	4801	6793	4970
152624354	0	3340	4796	6779	4984
152624453	0	3317	4843	6779	4956
152624553	0	3359	4815	6751	5007
152624654	0	3359	4839	6746	4975
152624754	0	3368	4867	6784	5012
152624853	0	3354	4768	6774	4946
152624954	0	3359	4848	6746	5045
152625054	0	3326	4843	6793	5031
152625153	0	3345	4764	6751	4984
152625251	0	3335	4810	6779	5036
152625352	0	3335	4848	6774	5003
152625453	0	3359	4871	6770	4961
152625552	0	3350	4796	6789	4946
152625654	0	3368	4848	6760	4979
152625752	0	3326	4782	6798	4946
152625853	0	3354	4839	6756	5022
152625954	0	3321	4839	6779	4951
152626053	0	3350	4820	6742	4993
152626152	0	3307	4825	6798	5050
152626251	0	3340	4801	6746	5012
152626352	0	3326	4792	6756	5022
152626452	0	3378	4782	6756	4970
152626553	0	3340	4853	6765	4993
152626652	0	3340	4857	6746	4993
152626754	0	3345	4801	6789	5022
152626853	0	3331	4787	6746	4970
152626953	0	3359	4796	6737	5031
152627052	0	3364	4773	6746	4975
152627152	0	3368	4843	6784	5026
152627252	0	3335	4829	6789	4975
152627352	0	3354	4820	6765	4961
152627451	0	3331	4815	6751	5026
152627551	0	3354	4853	6789	4979
152627652	0	3354	4848	6737	4965
152627752	0	3359	4825	6798	5003
152627852	0	3326	4839	6789	4956
152627955	0	3335	4834	6793	4961
152628053	0	3359	4815	6803	5026
152628151	0	3354	4857	6798	5040
152628251	0	3350	4853	6756	5017
152628352	0	3345	4782	6779	5045
152628452	0	3359	4853	6774	4998
152628552	0	3350	4834	6751	5026
152628651	0	3359	4796	6793	5007
152628751	0	3354	4843	6756	4961
152628851	0	3359	4778	6789	5022
152628952	0	3345	4829	6789	4984
152629053	0	3345	4787	6770	5031
152629154	0	3340	4843	6760	5040
152629252	0	3331	4801	6760	5026
152629353	0	3326	4806	6742	5003
152629454	0	3354	4815	6789	5036
152629552	0	3350	4768	6784	5031
152629651	0	3364	4796	6760	5026
152629753	0	3359	4820	6756	4998
152629851	0	3368	4839	6765	5012
152629951	0	3312	4839	6746	5012
152630051	0	3364	4806	6751	5031
152630152	0	3335	4825	6742	5031
152630253	0	3331	4796	6756	4970
152630352	0	3326	4825	6784	5031
152630452	0	3359	4839	6774	5026
152630551	0	3373	4839	6751	4970
152630651	0	3340	4787	6751	5017
152630752	0	3378	4825	6760	5017
152630852	0	3354	4857	6751	4956
152630951	0	3345	4862	6798	5040
152631051	0	3373	4801	6784	4961
152631152	0	3354	4810	6798	5026
152631252	0	3326	4773	6789	5017
152631351	0	3368	4839	6789	4946
152631452	0	3373	4839	6737	5026
152631552	0	3345	4834	6789	4989
152631652	0	3382	4778	6756	4975
152631752	0	3364	4825	6746	5007
152631852	0	3317	4778	6751	4951
152631951	0	3321	4839	6779	4970
152632055	0	3340	4834	6751	5022
152632152	0	3345	4773	6774	5045
152632251	0	3364	4815	6742	5026
152632351	0	3317	4839	6751	4979
152632452	0	3354	4843	6746	4979
152632552	0	3335	4782	6765	5003
152632652	0	3335	4810	6803	4970
152632751	0	3345	4848	6798	4965
152632852	0	3326	4839	6784	4975
152632951	0	3359	4829	6793	4961
152633052	0	3364	4871	6751	5031
152633151	0	3340	4829	6774	5022
152633251	0	3335	4773	6746	4989
152633352	0	3368	4857	6742	4984
152633452	0	3354	4843	6765	5012
152633552	0	3359	4787	6760	4993
152633652	0	3321	4796	6784	5054
152633751	0	3340	4853	6760	5031
152633852	0	3331	4773	6789	5003
152633951	0	3331	4867	6803	4989
152634052	0	3345	4787	6742	5054
152634151	0	3350	4839	6784	5050
152634252	0	3331	4778	6746	4970
152634351	0	3368	4796	6770	4975
152634452	0	3350	4829	6746	5036
152634551	0	3335	4829	6803	4979
152634651	0	3354	4848	6760	4946
152634751	0	3317	4853	6765	4979
152634852	0	3364	4773	6798	5003
152634951	0	3345	4773	6746	5017
152635052	0	3350	4834	6760	4989
152635152	0	3345	4871	6789	4998
152635252	0	3335	4810	6803	5031
152635351	0	3368	4825	6793	5040
152635451	0	3326	4825	6784	4998
152635551	0	3331	4792	6765	4979
152635652	0	3364	4820	6789	5036
152635752	0	3350	4839	6793	4989
152635851	0	3345	4829	6737	4979
152635952	0	3354	4801	6793	5026
152636052	0	3350	4848	6746	5036
152636155	0	3364	4848	6765	5007
152636252	0	3350	4792	6756	4993
152636351	0	3307	4825	6751	4998
152636452	0	3317	4810	6737	4956
152636551	0	3326	4857	6765	4984
152636651	0	3331	4792	6751	5036
152636751	0	3340	4848	6798	5031
152636852	0	3373	4853	6798	4993
152636952	0	3340	4839	6789	5031
152637051	0	3378	4815	6756	4956
152637152	0	3382	4857	6793	4979
152637251	0	3350	4787	6756	4970
152637351	0	3364	4857	6798	4975
152637451	0	3345	4782	6756	5040
152637551	0	3340	4810	6760	4993
152637652	0	3350	4825	6751	4951
152637751	0	3335	4796	6737	5003
152637851	0	3345	4773	6756	4956
152637951	0	3331	4834	6760	4979
152638052	0	3335	4806	6765	5012
152638152	0	3340	4806	6770	5007
152638251	0	3312	4839	6784	5036
152638351	0	3364	4787	6798	5017
152638452	0	3335	4820	6770	5003
152638552	0	3312	4796	6789	4998
152638651	0	3392	4792	6779	4979
152638752	0	3368	4853	6751	4993
152638852	0	3340	4792	6746	4989
152638951	0	3340	4792	6779	4965
152639052	0	3335	4787	6760	4989
152639151	0	3331	4834	6756	5026
152639252	0	3359	4792	6770	5012
152639352	0	3340	4834	6746	4993
152639451	0	3340	4857	6789	5022
152639551	0	3340	4848	6779	4993
152639852	0	3331	4778	6765	4951
152639951	0	3312	4764	6793	4970
152640052	0	3354	4829	6756	4993
152640152	0	3335	4815	6798	5017
152640255	0	3359	4778	6742	4965
152640352	0	3326	4829	6779	4975
152640457	0	3354	4839	6751	5017
152640551	0	3345	4829	6789	4993
152640652	0	3359	4839	6765	5026
152640751	0	3340	4778	6789	5012
152640851	0	3359	4810	6742	4970
152640951	0	3368	4820	6742	4961
152641051	0	3303	4778	6784	5026
152641151	0	3340	4829	6760	5022
152641251	0	3307	4792	6765	5031
152641351	0	3359	4839	6746	5003
152641451	0	3340	4853	6765	5050
152641552	0	3359	4853	6793	4946
152641651	0	3335	4853	6784	5022
152641752	0	3350	4796	6756	5007
152641852	0	3321	4792	6760	5007
152641951	0	3368	4829	6760	5003
152642051	0	3364	4773	6746	4989
152642151	0	3331	4778	6765	5017
152642252	0	3340	4815	6765	5045
152642352	0	3354	4843	6746	4965
152642451	0	3364	4834	6789	4965
152642551	0	3359	4848	6770	5045
152642651	0	3340	4834	6760	4998
152642751	0	3382	4843	6742	4989
152642851	0	3331	4862	6732	4956
152642951	0	3382	4839	6760	5007
152643052	0	3331	4796	6737	4951
152643151	0	3368	4848	6793	4942
152643251	0	3378	4829	6737	4984
152643352	0	3354	4782	6803	5012
152643452	0	3364	4796	6756	5017
152643551	0	3335	4843	6774	5003
152643651	0	3354	4834	6803	4998
152643751	0	3350	4806	6789	5036
152643851	0	3331	4843	6798	4970
152643952	0	3331	4848	6751	5022
152644051	0	3340	4787	6789	4975
152644151	0	3321	4834	6789	4965
152644252	0	3350	4820	6742	4975
152644356	0	3317	4862	6789	5026
152644451	0	3359	4825	6803	4946
152644552	0	3345	4839	6770	4965
152644651	0	3350	4806	6770	4956
152644751	0	3345	4853	6770	4984
152644851	0	3340	4825	6737	4951
152644951	0	3335	4843	6789	5031
152645052	0	3326	4843	6793	5068
152645152	0	3354	4796	6751	4961
152645251	0	3359	4829	6789	5036
152645351	0	3345	4787	6774	5003
152645451	0	3321	4839	6760	4961
152645551	0	3359	4839	6793	4970
152645651	0	3359	4825	6807	4975
152645751	0	3340	4768	6760	5031
152645852	0	3331	4825	6793	4984
152645952	0	3340	4825	6770	4979
152646051	0	3345	4796	6760	5036
152646151	0	3368	4871	6765	5036
152646252	0	3359	4820	6751	4979
152646351	0	3317	4773	6774	5012
152646451	0	3317	4801	6756	4993
152646551	0	3345	4843	6760	4965
152646651	0	3387	4848	6770	5045
152646751	0	3364	4792	6789	4965
152646851	0	3368	4862	6751	4998
152646951	0	3340	4792	6746	5026
152647051	0	3345	4843	6742	4970
152647152	0	3354	4768	6789	4942
152647251	0	3340	4764	6751	5040
152647351	0	3354	4815	6732	5007
152647452	0	3354	4787	6760	4993
152647551	0	3350	4796	6793	4942
152647651	0	3354	4843	6746	4975
152647751	0	3340	4773	6770	5012
152647851	0	3350	4782	6760	5017
152647952	0	3364	4792	6770	4979
152648051	0	3335	4848	6784	4961
152648151	0	3354	4815	6789	5045
152648251	0	3364	4862	6756	4970
152648351	0	3345	4764	6756	5045
152648455	0	3326	4862	6746	5050
152648551	0	3382	4787	6751	4970
152648651	0	3345	4843	6770	4965
152648751	0	3335	4839	6793	4984
152648851	0	3335	4768	6779	5031
152648952	0	3368	4810	6803	4993
152649052	0	3345	4843	6784	4993
152649151	0	3335	4825	6751	5012
152649251	0	3359	4820	6793	5036
152649351	0	3326	4782	6746	5007
152649452	0	3350	4843	6812	5022
152649551	0	3354	4806	6746	4989
152649651	0	3326	4843	6789	4961
152649751	0	3335	4773	6760	5012
152649851	0	3303	4825	6784	4965
152649951	0	3340	4815	6793	4975
152650052	0	3303	4787	6746	5017
152650151	0	3335	4829	6784	4984
152650252	0	3331	4829	6784	4970
152650352	0	3340	4801	6784	4979
152650451	0	3354	4867	6789	5007
152650551	0	3354	4857	6737	5012
152650651	0	3331	4801	6742	4984
152650751	0	3340	4857	6756	5003
152650851	0	3340	4787	6746	4946
152650951	0	3331	4839	6746	5022
152651052	0	3354	4778	6770	4975
152651151	0	3354	4834	6756	4975
152651251	0	3354	4834	6793	5045
152651351	0	3335	4843	6760	4989
152651451	0	3312	4834	6770	4984
152651552	0	3321	4782	6746	5022
152651652	0	3331	4848	6793	5017
152651751	0	3354	4778	6746	4993
152651851	0	3359	4871	6756	4970
152651951	0	3368	4768	6751	5045
152652051	0	3345	4820	6789	4961
152652151	0	3368	4839	6732	5012
152652252	0	3373	4768	6746	5022
152652351	0	3364	4834	6756	4989
152652451	0	3331	4843	6774	4998
152652555	0	3350	4815	6789	4975
152652652	0	3340	4820	6732	5050
152652751	0	3340	4834	6789	4993
152652851	0	3345	4848	6798	4989
152652951	0	3335	4773	6742	5012
152653052	0	3359	4787	6793	5026
152653151	0	3354	4834	6779	5031
152653251	0	3331	4782	6742	5031
152653352	0	3359	4792	6789	4975
152653452	0	3340	4825	6793	4979
152653552	0	3382	4853	6789	4942
152653651	0	3373	4820	6751	4965
152653752	0	3368	4834	6737	4937
152653851	0	3345	4792	6789	4989
152653951	0	3321	4806	6774	5017
152654052	0	3335	4825	6774	5017
152654151	0	3317	4843	6812	5022
152654252	0	3350	4848	6774	4993
152654351	0	3345	4848	6742	5007
152654452	0	3368	4853	6793	5026
152654551	0	3364	4815	6742	5050
152654651	0	3378	4801	6793	4993
152654751	0	3359	4825	6793	4951
152654851	0	3335	4862	6751	5026
152654951	0	3326	4806	6732	4998
152655051	0	3368	4848	6751	4965
152655151	0	3326	4857	6789	4975
152655251	0	3331	4843	6774	5022
152655351	0	3335	4773	6774	5031
152655452	0	3373	4768	6746	4979
152655551	0	3350	4815	6742	4970
152655651	0	3382	4796	6742	5031
152655751	0	3359	4848	6742	4975
152655852	0	3326	4782	6789	5022
152655951	0	3345	4829	6789	4993
152656051	0	3321	4843	6760	4989
152656152	0	3354	4815	6789	5031
152656251	0	3321	4820	6756	4993
152656351	0	3326	4853	6742	5007
152656451	0	3359	4787	6784	5017
152656552	0	3354	4857	6770	4965
152656656	0	3350	4806	6760	4998
152656751	0	3368	4787	6751	5050
152656851	0	3354	4806	6798	5003
152656951	0	3364	4801	6789	4984
152657051	0	3350	4857	6751	5012
152657151	0	3364	4782	6784	5003
152657251	0	3340	4773	6746	5022
152657352	0	3340	4801	6784	5022
152657451	0	3331	4806	6751	4961
152657551	0	3335	4796	6746	4979
152657651	0	3326	4787	6751	5036
152657752	0	3340	4853	6751	5007
152657851	0	3359	4825	6793	4970
152657951	0	3359	4857	6765	5012
152658051	0	3364	4820	6751	4961
152658151	0	3321	4843	6779	5017
152658252	0	3354	4782	6751	4951
152658351	0	3354	4843	6751	4965
152658452	0	3350	4787	6789	4993
152658551	0	3350	4792	6784	4993
152658652	0	3354	4820	6723	5054
152658751	0	3317	4857	6751	5031
152658851	0	3331	4787	6756	5040
152658952	0	3307	4839	6737	5022
152659051	0	3340	4815	6737	4993
152659151	0	3359	4825	6779	4984
152659251	0	3359	4782	6728	5007
152659351	0	3340	4810	6789	5012
152659451	0	3364	4773	6760	4989
152659551	0	3345	4857	6756	5017
152659651	0	3335	4848	6742	5007
152659751	0	3345	4834	6746	4956
152659851	0	3368	4778	6784	4998
152659951	0	3345	4787	6732	5012
152700051	0	3354	4782	6760	4984
152700151	0	3340	4848	6784	4989
152700251	0	3345	4825	6756	4956
152700351	0	3359	4787	6779	5003
152700451	0	3321	4829	6751	4970
152700551	0	3317	4853	6798	4993
152700651	0	3340	4815	6756	4975
152700755	0	3359	4834	6793	5031
152700852	0	3340	4815	6789	5022
152700951	0	3335	4801	6803	5012
152701051	0	3340	4801	6760	5003
152701151	0	3331	4843	6789	5017
152701251	0	3345	4787	6751	4989
152701351	0	3345	4801	6737	5040
152701452	0	3331	4796	6746	5007
152701552	0	3335	4782	6742	4998
152701651	0	3354	4782	6756	5059
152701751	0	3354	4853	6765	5026
152701851	0	3331	4834	6803	5003
152701951	0	3359	4848	6798	4998
152702051	0	3326	4787	6817	4951
152702151	0	3326	4773	6746	5031
152702251	0	3359	4792	6737	4975
152702351	0	3354	4796	6746	4993
152702451	0	3350	4773	6756	5012
152702551	0	3354	4778	6756	4984
152702651	0	3345	4853	6751	5003
152702751	0	3368	4782	6774	5040
152702851	0	3335	4848	6803	4998
152702951	0	3307	4778	6789	4993
152703052	0	3354	4876	6737	5040
152703152	0	3359	4839	6746	4946
152703252	0	3359	4862	6756	5007
152703352	0	3354	4848	6779	4961
152703451	0	3340	4834	6789	5031
152703551	0	3354	4839	6756	4970
152703651	0	3364	4857	6746	4998
152703751	0	3368	4773	6798	5022
152703851	0	3350	4820	6770	4975
152703951	0	3364	4834	6793	4984
152704051	0	3354	4787	6746	4984
152704152	0	3350	4825	6742	4979
152704251	0	3340	4820	6765	4961
152704351	0	3378	4801	6789	4993
152704452	0	3354	4796	6760	4951
152704551	0	3354	4801	6770	4979
152704651	0	3326	4787	6779	4961
152704751	0	3359	4839	6774	4951
152704855	0	3350	4782	6746	4989
152704951	0	3335	4787	6746	5026
152705051	0	3335	4829	6746	4993
152705152	0	3364	4834	6789	5022
152705251	0	3331	4796	6774	4970
152705351	0	3345	4848	6746	5003
152705452	0	3359	4834	6765	5003
152705551	0	3345	4848	6789	5012
152705651	0	3317	4839	6765	5022
152705751	0	3354	4796	6756	5040
152705851	0	3321	4862	6737	5031
152705951	0	3354	4787	6756	4979
152706051	0	3340	4862	6789	4965
152706151	0	3350	4801	6774	4970
152706251	0	3350	4820	6789	4989
152706351	0	3345	4825	6742	4970
152706451	0	3317	4810	6789	4993
152706551	0	3373	4843	6774	5036
152706651	0	3312	4820	6742	5031
152706751	0	3350	4792	6784	5022
152706851	0	3326	4773	6756	4998
152706951	0	3359	4839	6779	5068
152707051	0	3340	4801	6793	4998
152707151	0	3354	4834	6789	5026
152707251	0	3335	4796	6779	4984
152707352	0	3354	4787	6798	5017
152707451	0	3368	4810	6756	5017
152707551	0	3331	4806	6751	4993
152707652	0	3321	4792	6793	4984
152707751	0	3364	4825	6784	5022
152707851	0	3345	4801	6746	4993
152707951	0	3331	4778	6756	5017
152708051	0	3350	4787	6793	4993
152708151	0	3359	4834	6751	4993
152708251	0	3321	4825	6793	4989
152708352	0	3317	4829	6756	5007
152708451	0	3350	4853	6746	4956
152708551	0	3345	4778	6789	5022
152708651	0	3345	4829	6774	4975
152708751	0	3345	4834	6803	5017
152708852	0	3340	4839	6756	4975
152708953	0	3368	4801	6803	5007
152709051	0	3303	4782	6746	5040
152709152	0	3312	4810	6803	4965
152709251	0	3373	4768	6798	5022
152709351	0	3321	4806	6765	5007
152709451	0	3350	4796	6756	5031
152709551	0	3359	4839	6770	4956
152709651	0	3307	4787	6789	4984
152709751	0	3317	4820	6793	5036
152709851	0	3350	4782	6789	5031
152709951	0	3359	4792	6789	5007
152710051	0	3359	4834	6793	4984
152710151	0	3321	4815	6732	4993
152710251	0	3359	4848	6784	5026
152710351	0	3340	4848	6770	4984
152710451	0	3317	4806	6784	4961
152710551	0	3354	4810	6760	5059
152710651	0	3335	4848	6812	5064
152710751	0	3350	4862	6765	4989
152710851	0	3350	4848	6732	4993
152710951	0	3335	4787	6765	5040
152711051	0	3331	4782	6765	5012
152711151	0	3350	4857	6742	5026
152711251	0	3331	4778	6756	5017
152711351	0	3335	4848	6789	5064
152711451	0	3321	4834	6746	4989
152711551	0	3321	4768	6798	5003
152711651	0	3359	4843	6784	4979
152711751	0	3335	4792	6746	5007
152711851	0	3345	4825	6751	4956
152711951	0	3340	4829	6789	4989
152712051	0	3368	4778	6751	5003
152712151	0	3354	4782	6789	4975
152712251	0	3345	4796	6793	5012
152712351	0	3350	4839	6789	4979
152712451	0	3317	4773	6756	4961
152712551	0	3359	4778	6760	5064
152712651	0	3359	4853	6779	5045
152712751	0	3354	4801	6765	5026
152712851	0	3364	4857	6793	4970
152712951	0	3335	4843	6789	5003
152713053	0	3373	4806	6737	5003
152713151	0	3350	4796	6770	4932
152713251	0	3364	4848	6751	4975
152713351	0	3317	4848	6751	5017
152713451	0	3335	4834	6789	5012
152713551	0	3368	4829	6765	4984
152713651	0	3350	4773	6765	5012
152713751	0	3368	4848	6770	4928
152713851	0	3307	4806	6793	5045
152713951	0	3331	4867	6765	5007
152714051	0	3364	4773	6756	5054
152714151	0	3331	4857	6784	5022
152714251	0	3345	4764	6756	4975
152714351	0	3345	4796	6789	4975
152714451	0	3317	4764	6793	4956
152714551	0	3368	4778	6789	5007
152714651	0	3345	4871	6751	5045
152714751	0	3335	4839	6742	4998
152714851	0	3359	4792	6803	5036
152714951	0	3350	4848	6774	4993
152715051	0	3326	4787	6746	5050
152715151	0	3350	4853	6789	5036
152715252	0	3335	4843	6746	5012
152715352	0	3321	4848	6770	5007
152715451	0	3359	4778	6728	4970
152715551	0	3303	4810	6798	4961
152715651	0	3350	4810	6737	4989
152715751	0	3345	4843	6789	5017
152715851	0	3350	4820	6746	5045
152715951	0	3345	4782	6789	4956
152716051	0	3359	4806	6789	5036
152716151	0	3368	4782	6756	4956
152716251	0	3326	4843	6765	4961
152716351	0	3312	4773	6746	5026
152716451	0	3335	4806	6789	5040
152716551	0	3354	4829	6784	5040
152716651	0	3368	4815	6760	5017
152716751	0	3364	4825	6789	5017
152716851	0	3335	4857	6774	4956
152716951	0	3350	4843	6765	4998
152717051	0	3331	4853	6751	4979
152717153	0	3335	4867	6793	4998
152717251	0	3354	4782	6751	5022
152717351	0	3345	4820	6737	4979
152717451	0	3359	4843	6742	4979
152717551	0	3350	4825	6789	4993
152717651	0	3331	4810	6779	4998
152717751	0	3326	4801	6784	4993
152717851	0	3321	4801	6779	4965
152717951	0	3364	4792	6789	5050
152718051	0	3364	4848	6746	5031
152718151	0	3326	4782	6793	5012
152718251	0	3331	4867	6779	4998
152718351	0	3354	4871	6756	5022
152718451	0	3350	4853	6751	5040
152718551	0	3359	4787	6746	4993
152718651	0	3331	4843	6779	4993
152718751	0	3350	4787	6746	4970
152718851	0	3350	4796	6746	5022
152718951	0	3345	4843	6784	4979
152719051	0	3359	4834	6756	4993
152719151	0	3345	4820	6751	4979
152719251	0	3335	4853	6732	5031
152719351	0	3335	4778	6789	5012
152719451	0	3350	4834	6760	5036
152719551	0	3359	4782	6784	4956
152719651	0	3359	4848	6756	5036
152719751	0	3364	4829	6770	5012
152719851	0	3359	4820	6756	4970
152719951	0	3364	4806	6784	5017
152720051	0	3312	4801	6756	4979
152720151	0	3396	4806	6742	4965
152720251	0	3345	4839	6746	4975
152720351	0	3326	4792	6746	5003
152720451	0	3331	4764	6746	5031
152720551	0	3364	4820	6779	4998
152720651	0	3340	4792	6742	4956
152720751	0	3340	4806	6751	4970
152720851	0	3354	4825	6756	4989
152720951	0	3317	4848	6742	4998
152721051	0	3354	4843	6760	5031
152721151	0	3326	4806	6789	5003
152721255	0	3326	4801	6746	4993
152721352	0	3364	4787	6723	5022
152721451	0	3335	4782	6742	4993
152721551	0	3350	4820	6751	4937
152721651	0	3354	4848	6751	4979
152721751	0	3326	4815	6812	5012
152721851	0	3293	4764	6751	5031
152721951	0	3350	4820	6765	5036
152722051	0	3364	4810	6751	4965
152722151	0	3378	4773	6751	4965
152722251	0	3345	4848	6756	4979
152722351	0	3331	4857	6760	5036
152722451	0	3350	4843	6789	5045
152722551	0	3364	4867	6765	5050
152722651	0	3359	4815	6765	4984
152722751	0	3359	4825	6756	4989
152722851	0	3326	4796	6793	4993
152722951	0	3354	4778	6793	5003
152723051	0	3359	4759	6746	5017
152723151	0	3359	4801	6756	5007
152723251	0	3345	4810	6803	5022
152723351	0	3401	4768	6798	5003
152723451	0	3345	4787	6789	5026
152723551	0	3331	4815	6746	4965
152723651	0	3350	4839	6803	4965
152723751	0	3335	4848	6756	4961
152723851	0	3359	4787	6789	4984
152723951	0	3359	4792	6784	5040
152724051	0	3321	4801	6760	5036
152724151	0	3326	4787	6751	5045
152724251	0	3345	4796	6746	4989
152724351	0	3378	4815	6742	5026
152724451	0	3331	4782	6793	4989
152724551	0	3335	4801	6746	4970
152724651	0	3331	4796	6793	5022
152724751	0	3364	4857	6789	4975
152724851	0	3335	4829	6793	5017
152724951	0	3350	4806	6746	4965
152725051	0	3340	4839	6779	4970
152725151	0	3350	4825	6765	5059
152725251	0	3350	4778	6756	5036
152725353	0	3335	4843	6784	5022
152725451	0	3345	4839	6789	5045
152725551	0	3350	4839	6746	4965
152725651	0	3373	4801	6760	4989
152725751	0	3326	4801	6770	4961
152725851	0	3345	4853	6751	4956
152725951	0	3368	4806	6760	4975
152726051	0	3345	4792	6751	5031
152726151	0	3335	4825	6784	4984
152726251	0	3350	4801	6779	4956
152726351	0	3354	4810	6760	5036
152726451	0	3340	4843	6751	4946
152726551	0	3350	4848	6746	5007
152726651	0	3335	4834	6798	5022
152726751	0	3340	4839	6751	5031
152726851	0	3382	4810	6751	4998
152726951	0	3335	4843	6779	5026
152727051	0	3345	4778	6784	4956
152727151	0	3345	4815	6798	4998
152727251	0	3331	4829	6798	5031
152727351	0	3331	4792	6803	5026
152727451	0	3354	4778	6765	5003
152727551	0	3326	4843	6774	5022
152727651	0	3335	4839	6793	4975
152727751	0	3368	4768	6770	5073
152727850	0	3378	4825	6789	5059
152727951	0	3331	4839	6756	4946
152728051	0	3354	4787	6742	5050
152728151	0	3335	4834	6779	4975
152728251	0	3359	4834	6751	5026
152728351	0	3364	4820	6784	5036
152728451	0	3321	4801	6793	5026
152728551	0	3354	4848	6746	5040
152728651	0	3345	4806	6742	5026
152728751	0	3364	4839	6742	5026
152728851	0	3317	4778	6751	4956
152728951	0	3364	4787	6798	5031
152729051	0	3350	4848	6784	5012
152729151	0	3317	4867	6774	5054
152729251	0	3364	4787	6765	5003
152729351	0	3345	4829	6798	4961
152729455	0	3354	4825	6779	4979
152729551	0	3317	4853	6803	5007
152729651	0	3354	4764	6793	4993
152729751	0	3321	4834	6765	4951
152729851	0	3359	4848	6765	4993
152729951	0	3340	4825	6774	5040
152730051	0	3350	4843	6746	5050
152730151	0	3335	4843	6765	4989
152730251	0	3368	4825	6784	4965
152730351	0	3345	4768	6746	4989
152730451	0	3354	4778	6774	4984
152730551	0	3359	4787	6760	5012
152730651	0	3364	4853	6746	4951
152730751	0	3350	4806	6765	4979
152730851	0	3321	4773	6784	4975
152730951	0	3354	4768	6751	4979
152731051	0	3326	4843	6760	4979
152731150	0	3373	4787	6803	5050
152731251	0	3340	4839	6779	5007
152731350	0	3331	4782	6779	5022
152731451	0	3340	4810	6793	5036
152731551	0	3364	4810	6789	4989
152731652	0	3350	4792	6798	4970
152731751	0	3350	4815	6760	4993
152731851	0	3354	4853	6746	5012
152731951	0	3368	4796	6774	4998
152732051	0	3345	4834	6793	5040
152732151	0	3340	4796	6793	4951
152732257	0	3335	4810	6793	5036
152732351	0	3368	4796	6760	4979
152732450	0	3345	4848	6742	5045
152732551	0	3340	4829	6756	4942
152732651	0	3317	4857	6756	5054
152732751	0	3368	4834	6765	4970
152732851	0	3350	4792	6760	4979
152732951	0	3359	4806	6756	4989
152733051	0	3340	4857	6784	5022
152733151	0	3335	4843	6756	4984
152733251	0	3350	4834	6751	4961
152733351	0	3364	4848	6793	4984
152733451	0	3331	4839	6770	5003
152733553	0	3321	4871	6756	5031
152733650	0	3335	4806	6789	5031
152733751	0	3364	4810	6798	5036
152733851	0	3368	4792	6751	4998
152733951	0	3359	4782	6793	5003
152734051	0	3331	4787	6789	5026
152734151	0	3368	4834	6751	5007
152734251	0	3368	4792	6760	4970
152734351	0	3345	4792	6803	5022
152734451	0	3340	4839	6793	4989
152734551	0	3350	4796	6732	4984
152734651	0	3331	4829	6779	4961
152734751	0	3350	4787	6789	4975
152734851	0	3359	4778	6746	5022
152734951	0	3345	4862	6770	4984
152735051	0	3359	4834	6784	5017
152735151	0	3345	4768	6779	5022
152735251	0	3354	4829	6751	4956
152735351	0	3364	4825	6756	5026
152735451	0	3359	4768	6746	4956
152735551	0	3340	4782	6742	5040
152735651	0	3350	4782	6756	5003
152735751	0	3354	4843	6742	5059
152735851	0	3331	4773	6812	4970
152735951	0	3340	4843	6798	5012
152736051	0	3354	4787	6803	4984
152736151	0	3350	4843	6756	5031
152736251	0	3345	4796	6765	5012
152736351	0	3331	4862	6789	4946
152736451	0	3364	4871	6793	5031
152736551	0	3335	4853	6746	4951
152736651	0	3331	4796	6793	4970
152736750	0	3326	4787	6789	5040
152736851	0	3354	4839	6742	4970
152736951	0	3331	4843	6784	5036
152737051	0	3340	4796	6779	5022
152737151	0	3350	4782	6784	4965
152737251	0	3364	4768	6765	4989
152737350	0	3354	4848	6774	5022
152737451	0	3350	4787	6779	5036
152737551	0	3354	4839	6760	4979
152737653	0	3354	4759	6751	5012
152737751	0	3331	4843	6756	5040
152737851	0	3364	4829	6789	4956
152737951	0	3378	4825	6742	4956
152738051	0	3350	4792	6756	4942
152738151	0	3326	4820	6742	5007
152738251	0	3335	4820	6737	5045
152738351	0	3335	4801	6760	5003
152738451	0	3345	4764	6798	4993
152738551	0	3335	4825	6742	4979
152738650	0	3345	4796	6760	4984
152738751	0	3350	4867	6751	5007
152738850	0	3350	4778	6784	5022
152738951	0	3368	4834	6746	5007
152739051	0	3350	4778	6789	4993
152739150	0	3350	4839	6784	4965
152739251	0	3317	4787	6760	5022
152739351	0	3331	4862	6751	4984
152739451	0	3331	4839	6746	4956
152739551	0	3331	4848	6751	4951
152739651	0	3345	4768	6793	4970
152739751	0	3326	4848	6737	5012
152739851	0	3359	4829	6770	5017
152739951	0	3359	4843	6779	4961
152740051	0	3350	4829	6798	4989
152740151	0	3392	4834	6793	5045
152740251	0	3331	4806	6751	4984
152740350	0	3345	4764	6756	5045
152740451	0	3345	4839	6770	5026
152740551	0	3350	4848	6789	4984
152740650	0	3354	4820	6765	5031
152740751	0	3350	4839	6737	5036
152740851	0	3335	4782	6784	5017
152740951	0	3359	4839	6784	4965
152741050	0	3335	4848	6765	5003
152741151	0	3340	4825	6793	4965
152741251	0	3326	4834	6798	4961
152741350	0	3335	4796	6760	4970
152741450	0	3350	4778	6737	5031
152741551	0	3340	4843	6760	4946
152741651	0	3335	4764	6793	5017
152741752	0	3340	4796	6779	4993
152741851	0	3335	4825	6765	4998
152741951	0	3345	4825	6742	5007
152742051	0	3354	4857	6756	5007
152742151	0	3368	4825	6798	4993
152742251	0	3359	4848	6789	5026
152742351	0	3335	4834	6774	4998
152742450	0	3345	4792	6751	4975
152742550	0	3326	4787	6784	5017
152742651	0	3345	4871	6756	4951
152742751	0	3340	4782	6793	5031
152742851	0	3350	4834	6760	4951
152742951	0	3326	4778	6789	4984
152743050	0	3317	4829	6774	5026
152743151	0	3331	4848	6770	5064
152743251	0	3331	4792	6756	5031
152743351	0	3335	4834	6746	5017
152743451	0	3317	4810	6765	5022
152743551	0	3331	4782	6760	4970
152743651	0	3350	4806	6751	4989
152743751	0	3368	4829	6774	4979
152743851	0	3368	4773	6760	4979
152743951	0	3340	4839	6751	4942
152744051	0	3364	4806	6756	5022
152744150	0	3354	4796	6751	5012
152744251	0	3345	4787	6751	5054
152744351	0	3364	4848	6760	4998
152744451	0	3387	4853	6756	4942
152744550	0	3331	4764	6742	4965
152744650	0	3368	4796	6789	4993
152744751	0	3350	4806	6765	5040
152744851	0	3340	4782	6737	4998
152744951	0	3321	4839	6728	4975
152745051	0	3335	4848	6751	5003
152745151	0	3364	4834	6798	5050
152745251	0	3345	4867	6770	4998
152745351	0	3312	4759	6779	5036
152745451	0	3368	4839	6798	5031
152745551	0	3368	4810	6774	4979
152745651	0	3364	4862	6765	5017
152745750	0	3354	4782	6742	5017
152745853	0	3340	4853	6760	5059
152745951	0	3326	4834	6760	4956
152746050	0	3331	4796	6765	5036
152746151	0	3359	4768	6765	5017
152746251	0	3340	4825	6760	4970
152746350	0	3350	4867	6742	4979
152746451	0	3335	4796	6742	4979
152746551	0	3354	4839	6746	5022
152746650	0	3359	4839	6784	4989
152746751	0	3378	4787	6746	5036
152746850	0	3340	4787	6742	4998
152746950	0	3331	4801	6751	5007
152747051	0	3350	4782	6789	4989
152747151	0	3331	4848	6765	5036
152747251	0	3364	4829	6779	5003
152747351	0	3340	4782	6760	4993
152747451	0	3354	4782	6760	4970
152747550	0	3340	4815	6746	5022
152747651	0	3321	4820	6784	4965
152747751	0	3340	4815	6760	4984
152747851	0	3331	4778	6793	4979
152747951	0	3373	4787	6760	4942
152748051	0	3382	4778	6798	5036
152748151	0	3321	4815	6742	4984
152748250	0	3340	4825	6760	5017
152748351	0	3326	4820	6756	4984
152748451	0	3368	4787	6737	4965
152748550	0	3382	4857	6756	4984
152748651	0	3335	4829	6784	4989
152748751	0	3354	4843	6751	5036
152748850	0	3326	4839	6793	4979
152748951	0	3326	4778	6774	4979
152749051	0	3350	4843	6737	4998
152749151	0	3373	4796	6756	5022
152749251	0	3326	4792	6760	5040
152749351	0	3312	4843	6756	4989
152749451	0	3340	4768	6793	4956
152749551	0	3354	4839	6737	5003
152749651	0	3331	4862	6756	4961
152749751	0	3321	4843	6793	5031
152749851	0	3331	4853	6751	4956
152749953	0	3350	4857	6793	5036
152750050	0	3359	4843	6765	4998
152750151	0	3321	4759	6774	5031
152750250	0	3364	4825	6756	4932
152750350	0	3350	4778	6742	5022
152750451	0	3340	4801	6774	5026
152750550	0	3364	4792	6751	5017
152750651	0	3350	4801	6770	4951
152750751	0	3354	4810	6789	4989
152750848	0	3354	4782	6789	5017
152750951	0	3312	4839	6789	4975
152751051	0	3364	4839	6746	4989
152751151	0	3321	4782	6807	4965
152751251	0	3354	4815	6756	5017
152751349	0	3335	4825	6784	4993
152751449	0	3340	4848	6756	4975
152751549	0	3345	4768	6742	4984
152751649	0	3335	4782	6784	4937
152751749	0	3354	4787	6746	4961
152751850	0	3345	4801	6789	4975
152751949	0	3364	4796	6751	4989
152752049	0	3345	4801	6756	5007
152752149	0	3364	4778	6779	5017
152752250	0	3354	4839	6779	4975
152752348	0	3345	4825	6760	5022
152752451	0	3340	4787	6760	5007
152752551	0	3364	4834	6742	5036
152752649	0	3368	4782	6779	5007
152752749	0	3350	4778	6760	4998
152752848	0	3331	4815	6789	5007
152752951	0	3359	4853	6779	5031
152753049	0	3331	4829	6756	5026
152753149	0	3359	4857	6742	5003
152753248	0	3326	4839	6770	5003
152753349	0	3350	4853	6746	4946
152753450	0	3321	4853	6742	5026
152753551	0	3345	4834	6742	5059
152753648	0	3340	4825	6784	4970
152753748	0	3345	4782	6756	4998
152753848	0	3312	4815	6789	4984
152753949	0	3326	4796	6779	5007
152754053	0	3340	4815	6789	5026
152754149	0	3345	4848	6760	5031
152754248	0	3335	4848	6798	4975
152754349	0	3340	4768	6784	5022
152754449	0	3321	4843	6789	5003
152754549	0	3368	4796	6789	5040
152754650	0	3340	4857	6789	5022
152754750	0	3331	4834	6760	5026
152754849	0	3340	4768	6742	4951
152754948	0	3307	4853	6807	4979
152755049	0	3359	4839	6746	4965
152755148	0	3340	4820	6770	5050
152755249	0	3350	4843	6774	4970
152755348	0	3340	4839	6793	5026
152755448	0	3350	4834	6774	4975
152755548	0	3335	4853	6751	4965
152755650	0	3350	4764	6746	5007
152755749	0	3340	4782	6789	4942
152755849	0	3350	4829	6793	4965
152755951	0	3359	4820	6784	4951
152756049	0	3354	4815	6798	4984
152756150	0	3335	4839	6770	4965
152756249	0	3345	4806	6765	5017
152756351	0	3354	4848	6793	5026
152756449	0	3378	4839	6760	4970
152756549	0	3364	4806	6789	5007
152756648	0	3373	4806	6779	4970
152756748	0	3350	4782	6765	5040
152756849	0	3307	4810	6784	4993
152756948	0	3359	4801	6812	5022
152757049	0	3321	4834	6760	4965
152757149	0	3317	4839	6779	5003
152757249	0	3335	4792	6774	5003
152757349	0	3340	4796	6742	4993
152757448	0	3350	4801	6770	5031
152757549	0	3345	4787	6760	4989
152757649	0	3364	4792	6765	5017
152757749	0	3340	4848	6765	4979
152757849	0	3340	4839	6770	5003
152757949	0	3335	4796	6737	4998
152758049	0	3354	4834	6756	5026
152758158	0	3335	4787	6789	5026
152758251	0	3345	4806	6756	5017
152758348	0	3340	4815	6803	4975
152758450	0	3326	4825	6756	4975
152758549	0	3345	4796	6756	4951
152758649	0	3345	4829	6751	5040
152758749	0	3354	4867	6779	4993
152758850	0	3359	4820	6770	5012
152758950	0	3326	4806	6770	5003
152759051	0	3335	4853	6765	4975
152759150	0	3364	4848	6770	4965
152759251	0	3364	4778	6746	5012
152759348	0	3359	4810	6746	5022
152759451	0	3335	4853	6756	5031
152759548	0	3340	4839	6789	4979
152759651	0	3345	4825	6746	4970
152759750	0	3326	4778	6765	5007
152759848	0	3350	4825	6737	4989
152759951	0	3378	4853	6793	5017
152800050	0	3350	4801	6760	5026
152800151	0	3359	4857	6765	4998
152800250	0	3364	4853	6765	4965
152800351	0	3340	4853	6760	4965
152800451	0	3331	4853	6746	4975
152800550	0	3364	4825	6770	4946
152800650	0	3345	4834	6765	5017
152800749	0	3354	4829	6742	4970
152800850	0	3317	4801	6784	5007
152800950	0	3354	4848	6793	5017
152801050	0	3368	4820	6760	5036
152801150	0	3350	4810	6746	5026
152801251	0	3373	4778	6746	4961
152801350	0	3373	4857	6770	5017
152801450	0	3331	4810	6779	4956
152801551	0	3340	4810	6793	5022
152801649	0	3321	4839	6746	4984
152801750	0	3321	4853	6774	5031
152801848	0	3326	4848	6770	5036
152801951	0	3335	4787	6789	5036
152802050	0	3340	4843	6760	4956
152802150	0	3354	4839	6760	4984
152802252	0	3354	4768	6798	4965
152802351	0	3331	4778	6784	4975
152802449	0	3321	4825	6732	4984
152802548	0	3350	4834	6798	5036
152802650	0	3331	4773	6770	5026
152802749	0	3350	4853	6784	4937
152802850	0	3321	4815	6765	4984
152802951	0	3317	4843	6760	4998
152803050	0	3354	4801	6756	5017
152803151	0	3340	4829	6746	4998
152803249	0	3359	4792	6765	4984
152803350	0	3326	4839	6742	5022
152803449	0	3331	4843	6798	4975
152803550	0	3335	4825	6760	5003
152803650	0	3345	4862	6742	5022
152803751	0	3331	4782	6751	5022
152803848	0	3368	4839	6765	4942
152803950	0	3368	4787	6784	5012
152804050	0	3368	4778	6765	4965
152804150	0	3340	4829	6779	5031
152804251	0	3345	4820	6742	4984
152804348	0	3364	4820	6756	4975
152804451	0	3354	4853	6756	5012
152804551	0	3317	4787	6789	4989
152804648	0	3326	4825	6756	4970
152804750	0	3326	4853	6779	5007
152804850	0	3345	4810	6756	4956
152804951	0	3326	4834	6732	5054
152805049	0	3312	4796	6765	5059
152805150	0	3364	4782	6774	4998
152805250	0	3335	4834	6756	5022
152805350	0	3345	4839	6789	4984
152805450	0	3359	4792	6756	4961
152805551	0	3359	4787	6789	4989
152805651	0	3345	4843	6742	4956
152805750	0	3331	4815	6798	4984
152805851	0	3359	4857	6793	5017
152805950	0	3354	4834	6784	4979
152806051	0	3345	4843	6756	4979
152806148	0	3354	4792	6789	4989
152806250	0	3354	4778	6756	4970
152806353	0	3326	4853	6793	5022
152806449	0	3345	4853	6774	5022
152806551	0	3364	4839	6774	4979
152806649	0	3364	4820	6742	4970
152806750	0	3331	4778	6756	4993
152806848	0	3321	4839	6784	4989
152806949	0	3307	4839	6770	5007
152807050	0	3326	4853	6803	5022
152807151	0	3368	4782	6751	4975
152807250	0	3354	4810	6784	4989
152807348	0	3350	4820	6770	4998
152807450	0	3317	4848	6789	5050
152807548	0	3331	4834	6779	4989
152807648	0	3317	4787	6803	4946
152807748	0	3307	4843	6756	4984
152807850	0	3368	4839	6746	4998
152807950	0	3350	4848	6789	5007
152808049	0	3350	4839	6789	5036
152808150	0	3345	4782	6789	5026
152808249	0	3354	4834	6765	5050
152808348	0	3326	4768	6742	5026
152808448	0	3345	4801	6737	4970
152808551	0	3326	4829	6746	4946
152808650	0	3345	4792	6774	4989
152808750	0	3335	4787	6742	5026
152808851	0	3359	4839	6774	5026
152809050	0	3359	4848	6765	4975
152809150	0	3354	4754	6770	5003
152809248	0	3350	4820	6784	4970
152809349	0	3345	4834	6765	4979
152809448	0	3350	4848	6746	5012
152809551	0	3368	4782	6760	4993
152809651	0	3326	4792	6784	4979
152809751	0	3312	4843	6760	4942
152809851	0	3317	4782	6737	5007
152809948	0	3326	4853	6784	4956
152810050	0	3335	4782	6742	4961
152810151	0	3354	4815	6760	4975
152810249	0	3350	4829	6751	5031
152810350	0	3359	4834	6742	5017
152810453	0	3340	4853	6760	4998
152810551	0	3350	4764	6746	4942
152810648	0	3350	4796	6737	5017
152810750	0	3364	4768	6789	5003
152810849	0	3345	4782	6751	4979
152810949	0	3331	4839	6756	4989
152811051	0	3350	4848	6751	5022
152811151	0	3317	4839	6756	4975
152811250	0	3368	4825	6784	5036
152811351	0	3359	4853	6746	5012
152811448	0	3335	4834	6756	5012
152811550	0	3331	4820	6789	4993
152811651	0	3359	4834	6774	5012
152811749	0	3326	4857	6746	4998
152811849	0	3350	4782	6798	5003
152811950	0	3340	4848	6798	5026
152812051	0	3321	4787	6779	5026
152812150	0	3354	4778	6770	5050
152812250	0	3359	4806	6798	5007
152812351	0	3340	4792	6756	4956
152812450	0	3354	4848	6793	4979
152812551	0	3378	4806	6746	4998
152812650	0	3364	4796	6789	5022
152812750	0	3378	4825	6746	4961
152812850	0	3350	4792	6793	4979
152812950	0	3368	4810	6742	5012
152813051	0	3364	4848	6779	5036
152813151	0	3321	4787	6728	5031
152813250	0	3368	4848	6770	4979
152813351	0	3345	4782	6728	5012
152813450	0	3335	4768	6789	5026
152813551	0	3335	4796	6732	4975
152813650	0	3326	4834	6789	4984
152813751	0	3326	4796	6756	4975
152813850	0	3340	4848	6765	4989
152813948	0	3307	4806	6779	5022
152814051	0	3335	4834	6779	4965
152814148	0	3364	4862	6793	5036
152814251	0	3340	4801	6774	5031
152814349	0	3354	4834	6770	4961
152814448	0	3303	4796	6742	5031
152814552	0	3340	4787	6751	4942
152814651	0	3354	4834	6793	5017
152814751	0	3340	4820	6760	4979
152814848	0	3345	4839	6751	5026
152814948	0	3345	4787	6784	4979
152815051	0	3350	4843	6770	5012
152815150	0	3368	4801	6751	5026
152815248	0	3350	4792	6751	5003
152815348	0	3350	4801	6770	5017
152815449	0	3359	4839	6774	5017
152815548	0	3335	4848	6760	4956
152815648	0	3364	4796	6756	5017
152815750	0	3364	4848	6746	4961
152815851	0	3354	4792	6760	5036
152815950	0	3317	4839	6751	5012
152816050	0	3326	4825	6774	4998
152816151	0	3368	4862	6770	5026
152816248	0	3317	4787	6803	5040
152816350	0	3340	4778	6751	5022
152816450	0	3354	4787	6789	4970
152816550	0	3345	4853	6760	5012
152816648	0	3368	4834	6784	5045
152816750	0	3331	4778	6807	4993
152816851	0	3307	4820	6746	5054
152816948	0	3335	4834	6774	5007
152817051	0	3331	4801	6746	5007
152817151	0	3345	4843	6765	4956
152817249	0	3350	4820	6789	4993
152817350	0	3326	4801	6756	5031
152817451	0	3326	4782	6728	5007
152817548	0	3354	4834	6760	4979
152817650	0	3350	4768	6756	5045
152817750	0	3354	4853	6779	5045
152817849	0	3354	4839	6793	5040
152817949	0	3326	4820	6798	5026
152818048	0	3312	4782	6784	4993
152818150	0	3340	4820	6784	4984
152818248	0	3345	4829	6756	4946
152818348	0	3354	4857	6746	5012
152818448	0	3317	4848	6746	5017
152818551	0	3317	4839	6765	5017
152818652	0	3350	4834	6789	5050
152818749	0	3345	4862	6732	5050
152818851	0	3340	4848	6798	5022
152818951	0	3364	4829	6784	4984
152819051	0	3321	4843	6742	5007
152819148	0	3321	4815	6756	5054
152819250	0	3354	4848	6812	5040
152819350	0	3317	4843	6746	5050
152819450	0	3345	4796	6737	5036
152819549	0	3340	4829	6756	5012
152819651	0	3354	4853	6784	4993
152819751	0	3350	4843	6789	5022
152819848	0	3350	4825	6779	4989
152819950	0	3345	4843	6742	5036
152820048	0	3335	4834	6737	4998
152820148	0	3326	4829	6742	4989
152820251	0	3368	4782	6732	4961
152820348	0	3350	4839	6756	5007
152820450	0	3350	4787	6751	5003
152820551	0	3340	4778	6760	5031
152820650	0	3326	4853	6756	5036
152820750	0	3331	4862	6742	5031
152820849	0	3350	4810	6798	5026
152820950	0	3335	4853	6756	4956
152821051	0	3364	4810	6784	5017
152821150	0	3350	4820	6789	5036
152821249	0	3321	4829	6779	4975
152821350	0	3331	4778	6737	5040
152821450	0	3359	4796	6793	5040
152821548	0	3364	4782	6751	5026
152821651	0	3321	4848	6784	4998
152821750	0	3321	4853	6803	4998
152821850	0	3354	4792	6789	5026
152821950	0	3350	4862	6774	4951
152822049	0	3345	4848	6751	4970
152822151	0	3340	4782	6742	4984
152822250	0	3364	4768	6793	4956
152822350	0	3326	4778	6774	5012
152822451	0	3345	4787	6789	5017
152822550	0	3331	4796	6737	4989
152822650	0	3345	4848	6746	4984
152822752	0	3364	4820	6793	4975
152822850	0	3340	4820	6756	5045
152822948	0	3368	4815	6756	4961
152823050	0	3340	4801	6751	4979
152823150	0	3368	4792	6756	4984
152823248	0	3312	4825	6756	4993
152823350	0	3364	4810	6793	5012
152823450	0	3364	4853	6793	4946
152823548	0	3331	4792	6742	5031
152823650	0	3350	4867	6789	4965
152823751	0	3335	4815	6789	5007
152823850	0	3354	4792	6793	4998
152823948	0	3368	4806	6746	4975
152824048	0	3350	4820	6751	4965
152824150	0	3359	4839	6770	5059
152824248	0	3345	4820	6765	4975
152824348	0	3354	4848	6793	5017
152824450	0	3354	4829	6760	4993
152824550	0	3307	4853	6774	4979
152824651	0	3331	4792	6774	5003
152824748	0	3321	4792	6742	4942
152824848	0	3321	4853	6746	5003
152824950	0	3382	4782	6798	4956
152825050	0	3345	4806	6742	5026
152825148	0	3359	4773	6742	5022
152825250	0	3307	4787	6732	5026
152825350	0	3364	4839	6803	5022
152825450	0	3364	4773	6770	5031
152825548	0	3354	4787	6751	4970
152825648	0	3354	4792	6746	4975
152825748	0	3378	4782	6784	4989
152825848	0	3364	4787	6793	4956
152825951	0	3373	4820	6793	4989
152826049	0	3354	4834	6742	5007
152826150	0	3359	4839	6751	4951
152826250	0	3340	4867	6779	5007
152826349	0	3321	4810	6751	4989
152826450	0	3359	4792	6784	4965
152826548	0	3335	4843	6784	5017
152826650	0	3359	4787	6760	4970
152826750	0	3359	4787	6737	5059
152826852	0	3350	4853	6765	4951
152826948	0	3326	4839	6789	4961
152827051	0	3354	4782	6760	4975
152827148	0	3382	4787	6789	5026
152827251	0	3321	4810	6779	5045
152827351	0	3321	4796	6737	5012
152827448	0	3350	4843	6803	5017
152827550	0	3326	4843	6742	4984
152827650	0	3350	4787	6728	5068
152827750	0	3354	4862	6789	5007
152827849	0	3354	4810	6789	5022
152827951	0	3364	4834	6756	4937
152828048	0	3359	4787	6770	5017
152828150	0	3335	4787	6793	5012
152828250	0	3350	4834	6798	5017
152828350	0	3350	4820	6784	5007
152828448	0	3335	4848	6779	4998
152828550	0	3378	4848	6765	5017
152828650	0	3359	4853	6789	5026
152828750	0	3331	4820	6760	5040
152828850	0	3354	4801	6784	5003
152828948	0	3345	4801	6760	4970
152829050	0	3312	4839	6774	5031
152829150	0	3378	4825	6746	5022
152829249	0	3364	4815	6756	4956
152829350	0	3364	4773	6756	4965
152829450	0	3354	4778	6746	4984
152829548	0	3331	4825	6774	5031
152829650	0	3321	4782	6756	4956
152829751	0	3387	4843	6732	5040
152829850	0	3331	4782	6751	5003
152829949	0	3340	4834	6760	5036
152830051	0	3326	4778	6770	4989
152830151	0	3331	4796	6760	5026
152830251	0	3331	4787	6793	4970
152830348	0	3321	4848	6760	4961
152830450	0	3298	4820	6784	5022
152830548	0	3396	4843	6793	4979
152830651	0	3364	4806	6789	5017
152830750	0	3354	4839	6789	4970
152831048	0	3335	4857	6746	4975
152831148	0	3335	4768	6789	4993
152831248	0	3373	4796	6789	4993
152831350	0	3317	4806	6789	4965
152831450	0	3378	4839	6737	4984
152831548	0	3368	4820	6770	5003
152831651	0	3359	4825	6789	4993
152831751	0	3359	4806	6742	4998
152831848	0	3321	4810	6751	5003
152831950	0	3350	4834	6728	5026
152832051	0	3359	4857	6756	5007
152832148	0	3359	4801	6751	5007
152832250	0	3335	4834	6803	5031
152832350	0	3321	4829	6756	4984
152832450	0	3331	4792	6807	4951
152832550	0	3326	4782	6746	4956
152832651	0	3359	4825	6765	4998
152832750	0	3345	4834	6732	4965
152832850	0	3354	4796	6803	4989
152832950	0	3303	4796	6742	5017
152833052	0	3364	4782	6746	5022
152833150	0	3317	4848	6751	5007
152833251	0	3350	4792	6789	5036
152833350	0	3368	4834	6742	5012
152833451	0	3373	4848	6789	5064
152833548	0	3345	4839	6770	5059
152833651	0	3359	4848	6789	4993
152833748	0	3307	4843	6784	5031
152833850	0	3335	4806	6746	5007
152833950	0	3326	4787	6784	4989
152834050	0	3359	4810	6784	4965
152834250	0	3359	4848	6770	5026
152834348	0	3359	4853	6746	4989
152834449	0	3350	4792	6798	4975
152834548	0	3359	4876	6746	4956
152834649	0	3321	4815	6756	4975
152834748	0	3364	4801	6803	4979
152834849	0	3326	4871	6765	5036
152834948	0	3354	4820	6760	5040
152835050	0	3373	4792	6789	5017
152835148	0	3345	4806	6765	5022
152835250	0	3317	4796	6751	4984
152835348	0	3350	4825	6737	4998
152835448	0	3354	4768	6742	5031
152835549	0	3345	4792	6807	5026
152835650	0	3326	4768	6784	4942
152835748	0	3326	4834	6784	4961
152835848	0	3345	4815	6784	4951
152835949	0	3354	4820	6751	5017
152836050	0	3368	4796	6756	4970
152836148	0	3307	4759	6746	4975
152836251	0	3312	4810	6793	5040
152836348	0	3335	4848	6789	4984
152836450	0	3340	4778	6774	4979
152836548	0	3350	4829	6756	5007
152836648	0	3340	4778	6784	4956
152836750	0	3345	4815	6784	4984
152836848	0	3345	4792	6746	5003
152836948	0	3368	4782	6742	4979
152837050	0	3340	4764	6807	5022
152837152	0	3326	4796	6746	5026
152837248	0	3335	4848	6798	4998
152837350	0	3359	4834	6728	4956
152837448	0	3354	4778	6789	5031
152837548	0	3326	4876	6770	5003
152837649	0	3364	4825	6803	5040
152837748	0	3335	4796	6765	5022
152837848	0	3354	4843	6793	5022
152837948	0	3303	4857	6789	5031
152838050	0	3331	4787	6751	4961
152838148	0	3373	4820	6746	5036
152838250	0	3345	4848	6789	5026
152838348	0	3345	4815	6774	4975
152838450	0	3331	4853	6770	5012
152838548	0	3354	4848	6760	5017
152838648	0	3364	4815	6765	4989
152838748	0	3350	4825	6779	5007
152838848	0	3368	4839	6789	4998
152838948	0	3359	4796	6798	4984
152839051	0	3364	4787	6789	5003
152839148	0	3335	4839	6756	5017
152839248	0	3364	4768	6793	5031
152839348	0	3368	4787	6746	5022
152839448	0	3340	4778	6756	5012
152839548	0	3354	4843	6789	4970
152839648	0	3364	4782	6751	5068
152839749	0	3331	4792	6751	5017
152839848	0	3359	4782	6765	5050
152839949	0	3354	4853	6746	4993
152840048	0	3331	4839	6793	5026
152840148	0	3364	4862	6732	5050
152840248	0	3345	4825	6751	5017
152840348	0	3331	4768	6789	4961
152840448	0	3350	4862	6756	5022
152840548	0	3335	4839	6746	5003
152840648	0	3317	4820	6803	4961
152840749	0	3359	4829	6751	4998
152840848	0	3368	4787	6737	4984
152840948	0	3350	4787	6737	4984
152841048	0	3359	4792	6756	5026
152841148	0	3364	4801	6746	4965
152841252	0	3350	4839	6770	4970
152841348	0	3373	4834	6793	5059
152841448	0	3359	4862	6746	5022
152841548	0	3312	4792	6742	5045
152841648	0	3364	4796	6779	4975
152841748	0	3335	4782	6793	5040
152841848	0	3350	4792	6732	4965
152841948	0	3345	4848	6789	4965
152842048	0	3364	4773	6737	5003
152842148	0	3354	4792	6789	4998
152842248	0	3350	4848	6765	5040
152842348	0	3350	4815	6779	5012
152842448	0	3345	4853	6770	5026
152842548	0	3364	4825	6751	5022
152842648	0	3345	4782	6746	4965
152842748	0	3345	4782	6793	5022
152842848	0	3354	4801	6770	5017
152842948	0	3350	4801	6784	5031
152843048	0	3331	4768	6746	5022
152843148	0	3364	4867	6756	4965
152843248	0	3359	4782	6798	4998
152843348	0	3345	4862	6793	4989
152843448	0	3340	4843	6789	4970
152843548	0	3321	4778	6793	4984
152843648	0	3335	4825	6756	5026
152843748	0	3321	4801	6756	5012
152843848	0	3364	4815	6765	4956
152843948	0	3354	4829	6760	4937
152844048	0	3354	4853	6756	4970
152844148	0	3345	4778	6793	5022
152844248	0	3350	4792	6746	4989
152844348	0	3321	4843	6756	5017
152844448	0	3340	4843	6728	4942
152844548	0	3364	4820	6784	4970
152844648	0	3317	4843	6751	4984
152844749	0	3335	4778	6770	4989
152844848	0	3350	4782	6760	4998
152844948	0	3368	4834	6742	4965
152845048	0	3359	4839	6784	4993
152845148	0	3335	4787	6789	5003
152845248	0	3354	4787	6770	4975
152845352	0	3359	4848	6746	5031
152845448	0	3350	4825	6760	5012
152845548	0	3354	4787	6765	4951
152845648	0	3326	4839	6756	5017
152845748	0	3378	4857	6789	5022
152845848	0	3345	4796	6765	5031
152845948	0	3359	4782	6789	4984
152846048	0	3364	4787	6746	5007
152846148	0	3340	4839	6746	5003
152846248	0	3364	4862	6784	4951
152846348	0	3331	4796	6784	4932
152846448	0	3345	4843	6756	5007
152846548	0	3359	4815	6751	5036
152846648	0	3382	4843	6779	4979
152846748	0	3340	4848	6742	4951
152846848	0	3350	4820	6765	4989
152846948	0	3359	4853	6742	4951
152847048	0	3354	4810	6765	4942
152847148	0	3345	4773	6751	5026
152847248	0	3359	4778	6760	5003
152847348	0	3354	4871	6760	5036
152847448	0	3359	4801	6756	5026
152847548	0	3354	4801	6765	4961
152847648	0	3317	4862	6756	4979
152847748	0	3364	4853	6746	5036
152847848	0	3354	4787	6793	4951
152847948	0	3359	4825	6746	5022
152848048	0	3359	4792	6784	5022
152848148	0	3326	4792	6765	4984
152848248	0	3350	4825	6774	4984
152848348	0	3335	4857	6760	4965
152848448	0	3350	4773	6746	4970
152848548	0	3335	4778	6770	4989
152848648	0	3350	4867	6784	4993
152848748	0	3340	4820	6770	4984
152848848	0	3345	4839	6760	5012
152848948	0	3354	4768	6756	5045
152849048	0	3368	4829	6779	5031
152849148	0	3345	4792	6756	5045
152849248	0	3364	4810	6793	5003
152849348	0	3364	4843	6803	4993
152849452	0	3354	4857	6746	4961
152849548	0	3359	4834	6784	5012
152849648	0	3359	4787	6793	5012
152849748	0	3359	4815	6784	5007
152849848	0	3340	4839	6760	5031
152849948	0	3373	4806	6770	5026
152850048	0	3350	4778	6751	5040
152850148	0	3307	4801	6760	4961
152850248	0	3303	4778	6756	4975
152850348	0	3340	4778	6770	4951
152850448	0	3331	4787	6742	4993
152850548	0	3335	4843	6756	4975
152850648	0	3345	4782	6789	4965
152850748	0	3345	4782	6770	5026
152850848	0	3368	4848	6770	5054
152850948	0	3354	4862	6789	4975
152851048	0	3364	4839	6779	4979
152851148	0	3340	4801	6751	5003
152851248	0	3345	4778	6793	5012
152851348	0	3326	4829	6765	4989
152851449	0	3331	4801	6760	4984
152851548	0	3345	4848	6784	5017
152851648	0	3364	4843	6793	5012
152851748	0	3359	4839	6756	4979
152851848	0	3312	4782	6770	5045
152851948	0	3354	4787	6793	5036
152852048	0	3368	4792	6732	5003
152852148	0	3335	4806	6793	5050
152852248	0	3359	4839	6770	4970
152852348	0	3350	4857	6737	5003
152852448	0	3350	4867	6789	4975
152852548	0	3335	4848	6742	5012
152852648	0	3326	4810	6760	5031
152852748	0	3331	4792	6756	4998
152852848	0	3317	4843	6789	5045
152852948	0	3345	4787	6793	5017
152853048	0	3331	4867	6751	5007
152853148	0	3350	4787	6774	4979
152853248	0	3354	4825	6751	4946
152853348	0	3378	4782	6742	4965
152853448	0	3345	4825	6737	4998
152853552	0	3340	4820	6751	5007
152853648	0	3331	4782	6803	5031
152853748	0	3354	4848	6737	5022
152853848	0	3326	4853	6742	5022
152853948	0	3354	4782	6774	5003
152854048	0	3345	4862	6760	5045
152854148	0	3359	4815	6789	4970
152854248	0	3364	4773	6765	5036
152854348	0	3359	4778	6774	5022
152854448	0	3354	4848	6803	4984
152854548	0	3340	4839	6784	4956
152854648	0	3350	4820	6807	4937
152854748	0	3326	4843	6742	5022
152854848	0	3364	4792	6760	5026
152854948	0	3321	4829	6756	4998
152855048	0	3317	4829	6751	5017
152855148	0	3364	4810	6812	5031
152855248	0	3364	4796	6774	5003
152855348	0	3364	4782	6793	4989
152855448	0	3331	4848	6746	4998
152855548	0	3354	4764	6742	5022
152855648	0	3312	4829	6798	4975
152855748	0	3354	4834	6756	4984
152855848	0	3335	4796	6732	4979
152855947	0	3364	4806	6793	5036
152856047	0	3350	4829	6784	5007
152856147	0	3335	4867	6770	4979
152856248	0	3368	4773	6770	5054
152856348	0	3354	4843	6770	5017
152856448	0	3354	4853	6756	4975
152856548	0	3345	4871	6751	5036
152856648	0	3340	4782	6774	5017
152856748	0	3340	4792	6789	5031
152856848	0	3359	4787	6751	5036
152856947	0	3354	4782	6756	4984
152857048	0	3382	4759	6770	5017
152857148	0	3373	4820	6789	5007
152857248	0	3340	4834	6746	5017
152857349	0	3359	4768	6765	5054
152857448	0	3335	4801	6742	5026
152857548	0	3340	4853	6760	4998
152857651	0	3350	4792	6760	5022
152857748	0	3368	4843	6779	5017
152857848	0	3345	4825	6789	5022
152857948	0	3359	4839	6751	4989
152858048	0	3303	4801	6751	5050
152858348	0	3364	4801	6728	4956
152858448	0	3321	4843	6793	5064
152858548	0	3340	4792	6803	4956
152858648	0	3364	4839	6779	5026
152858748	0	3350	4773	6760	5022
152858848	0	3368	4834	6760	5022
152858948	0	3340	4862	6793	4970
152859048	0	3326	4782	6765	5012
152859148	0	3331	4857	6803	5031
152859248	0	3345	4810	6798	5022
152859348	0	3354	4857	6774	5012
152859448	0	3326	4782	6793	5040
152859548	0	3326	4853	6784	5026
152859648	0	3335	4843	6742	5012
152859748	0	3326	4829	6756	4975
152859848	0	3331	4825	6779	5012
152859948	0	3345	4796	6793	5026
152900048	0	3331	4796	6742	5036
152900148	0	3340	4843	6760	5003
152900248	0	3331	4829	6760	5012
152900348	0	3335	4829	6765	5026
152900448	0	3354	4796	6779	5017
152900548	0	3359	4853	6756	4951
152900648	0	3326	4862	6770	4993
152900747	0	3340	4801	6751	5017
152900848	0	3350	4787	6784	4951
152900948	0	3340	4792	6751	4975
152901048	0	3340	4778	6784	4993
152901148	0	3340	4825	6789	4989
152901248	0	3331	4796	6770	5031
152901348	0	3307	4782	6793	4965
152901448	0	3359	4806	6779	4979
152901548	0	3331	4801	6793	5017
152901647	0	3331	4792	6751	4989
152901752	0	3335	4778	6746	4970
152901848	0	3350	4834	6737	5003
152901947	0	3340	4839	6770	4989
152902048	0	3364	4853	6737	5022
152902148	0	3303	4848	6765	4989
152902248	0	3345	4787	6789	4993
152902347	0	3364	4839	6760	5012
152902448	0	3345	4787	6751	5003
152902548	0	3359	4801	6798	5022
152902647	0	3321	4848	6765	5036
152902748	0	3350	4848	6793	5003
152902848	0	3345	4839	6770	5022
152902948	0	3340	4782	6742	5017
152903048	0	3335	4801	6737	5022
152903148	0	3364	4867	6774	4984
152903248	0	3350	4764	6770	5026
152903348	0	3350	4853	6765	5017
152903448	0	3359	4834	6751	4989
152903548	0	3340	4862	6789	5036
152903648	0	3359	4778	6789	4989
152903748	0	3345	4834	6760	5022
152903848	0	3345	4825	6737	5003
152903948	0	3331	4806	6807	4942
152904048	0	3345	4825	6765	5007
152904148	0	3340	4825	6756	5012
152904248	0	3368	4857	6770	5026
152904348	0	3335	4815	6746	5017
152904448	0	3364	4857	6742	4984
152904548	0	3335	4820	6789	4961
152904648	0	3331	4796	6789	4979
152904748	0	3335	4843	6789	4989
152904848	0	3354	4834	6732	4970
152904951	0	3331	4773	6760	5031
152905048	0	3350	4853	6774	4993
152905148	0	3331	4773	6770	4998
152905248	0	3364	4801	6807	5007
152905348	0	3364	4857	6751	4970
152905448	0	3350	4782	6807	4998
152905548	0	3326	4778	6732	4998
152905648	0	3326	4857	6746	4984
152905748	0	3335	4867	6742	4989
152905852	0	3345	4825	6770	5059
152905948	0	3359	4867	6779	5031
152906047	0	3359	4792	6793	5026
152906148	0	3354	4843	6742	5036
152906248	0	3350	4787	6751	5017
152906348	0	3368	4801	6756	5012
152906448	0	3345	4843	6765	5026
152906548	0	3359	4829	6774	4965
152906648	0	3317	4815	6789	5012
152906748	0	3359	4778	6746	4989
152906848	0	3359	4829	6789	4965
152906948	0	3350	4825	6732	4989
152907048	0	3350	4782	6746	4970
152907148	0	3331	4787	6770	4975
152907248	0	3321	4773	6789	5017
152907348	0	3354	4839	6793	5036
152907447	0	3293	4843	6756	4989
152907548	0	3307	4773	6751	4956
152907648	0	3364	4829	6742	4965
152907747	0	3326	4871	6784	5017
152907848	0	3350	4862	6742	5040
152907948	0	3368	4825	6746	5036
152908048	0	3317	4839	6728	4951
152908148	0	3345	4862	6798	4965
152908247	0	3354	4782	6751	4998
152908348	0	3378	4848	6770	5031
152908448	0	3335	4829	6751	4998
152908548	0	3340	4848	6793	5012
152908648	0	3340	4825	6789	4998
152908748	0	3321	4857	6789	4965
152908847	0	3354	4787	6770	5050
152908948	0	3331	4782	6770	4975
152909048	0	3326	4820	6756	5007
152909148	0	3354	4782	6789	5031
152909248	0	3354	4768	6784	4993
152909348	0	3312	4848	6732	4998
152909448	0	3335	4853	6803	5012
152909548	0	3350	4839	6756	5022
152909648	0	3321	4792	6751	5026
152909748	0	3373	4792	6789	4989
152909848	0	3335	4778	6784	4989
152909952	0	3373	4834	6742	5022
152910048	0	3331	4792	6765	5031
152910147	0	3307	4820	6742	5026
152910248	0	3350	4782	6751	5022
152910348	0	3359	4839	6774	5017
152910448	0	3340	4825	6760	5012
152910548	0	3368	4825	6742	5012
152910647	0	3345	4834	6742	4989
152910748	0	3373	4843	6789	4970
152910848	0	3364	4834	6793	5031
152910948	0	3354	4857	6756	4989
152911048	0	3345	4834	6760	4993
152911148	0	3331	4773	6779	4961
152911247	0	3350	4768	6756	4961
152911348	0	3359	4792	6751	5003
152911448	0	3382	4829	6789	5036
152911549	0	3326	4796	6746	5031
152911648	0	3350	4825	6751	4965
152911748	0	3317	4853	6803	4961
152911848	0	3359	4843	6742	4932
152911948	0	3350	4792	6728	4998
152912048	0	3331	4843	6760	4998
152912148	0	3335	4810	6793	4975
152912248	0	3364	4787	6789	4975
152912348	0	3312	4810	6793	4984
152912447	0	3312	4834	6789	5022
152912548	0	3331	4787	6798	5031
152912648	0	3335	4773	6784	5026
152912747	0	3359	4778	6732	4975
152912848	0	3350	4792	6765	4984
152912948	0	3331	4778	6793	5017
152913048	0	3350	4801	6807	4989
152913148	0	3317	4829	6746	5022
152913248	0	3345	4796	6770	5007
152913347	0	3331	4792	6770	5022
152913448	0	3368	4815	6760	5012
152913548	0	3354	4815	6784	5059
152913648	0	3354	4801	6793	5003
152913748	0	3326	4862	6765	4993
152913848	0	3354	4829	6793	4975
152913947	0	3359	4810	6774	5045
152914051	0	3326	4782	6774	5040
152914148	0	3340	4792	6756	5040
152914248	0	3331	4801	6760	5073
152914348	0	3335	4810	6751	5050
152914448	0	3354	4848	6742	5007
152914548	0	3354	4834	6751	4951
152914648	0	3335	4796	6789	5022
152914748	0	3373	4810	6737	5022
152914848	0	3364	4801	6742	5036
152914948	0	3354	4839	6756	4956
152915047	0	3350	4796	6756	4965
152915148	0	3340	4810	6784	5036
152915248	0	3359	4853	6746	5007
152915348	0	3354	4792	6784	5045
152915448	0	3335	4834	6765	4956
152915548	0	3326	4829	6784	4984
152915648	0	3331	4806	6789	4946
152915747	0	3312	4792	6742	4984
152915848	0	3340	4792	6784	4975
152915947	0	3345	4848	6756	5012
152916048	0	3326	4820	6746	5031
152916147	0	3354	4839	6798	5017
152916248	0	3345	4778	6793	4989
152916348	0	3312	4782	6784	5036
152916448	0	3331	4834	6756	4984
152916548	0	3335	4806	6807	5036
152916648	0	3354	4848	6765	4998
152916748	0	3354	4834	6793	5045
152916849	0	3350	4825	6756	5017
152916948	0	3335	4810	6793	4993
152917048	0	3378	4787	6737	5026
152917147	0	3293	4839	6793	5040
152917248	0	3373	4820	6756	5059
152917347	0	3378	4792	6732	4998
152917448	0	3350	4853	6779	4970
152917548	0	3326	4778	6784	5040
152917648	0	3317	4848	6746	5026
152917748	0	3350	4839	6746	5040
152917848	0	3321	4843	6737	4942
152917948	0	3359	4796	6774	5045
152918048	0	3340	4792	6798	4989
152918151	0	3321	4773	6737	5017
152918248	0	3345	4848	6807	4984
152918347	0	3345	4848	6742	5054
152918448	0	3364	4825	6751	5031
152918548	0	3354	4778	6746	4979
152918648	0	3354	4787	6737	4951
152918747	0	3350	4853	6774	4942
152918848	0	3368	4759	6746	5017
152918948	0	3354	4825	6789	4970
152919047	0	3354	4834	6760	4970
152919148	0	3321	4857	6793	5036
152919248	0	3354	4787	6765	5007
152919347	0	3354	4782	6751	5007
152919448	0	3340	4834	6789	5036
152919547	0	3368	4778	6737	4956
152919648	0	3345	4839	6793	4989
152919748	0	3364	4820	6784	4956
152919847	0	3335	4848	6798	5007
152919948	0	3326	4806	6798	4965
152920048	0	3321	4768	6784	5022
152920148	0	3331	4782	6765	5003
152920248	0	3331	4801	6760	4975
152920347	0	3335	4801	6779	4965
152920448	0	3350	4787	6789	5036
152920548	0	3354	4839	6737	4961
152920648	0	3345	4825	6784	5054
152920747	0	3321	4839	6793	5017
152920847	0	3331	4857	6793	5045
152920948	0	3350	4839	6774	5007
152921048	0	3373	4787	6742	4984
152921148	0	3378	4871	6793	4979
152921248	0	3368	4810	6756	5045
152921348	0	3340	4778	6751	5017
152921447	0	3335	4853	6751	4984
152921548	0	3326	4848	6746	4993
152921648	0	3335	4764	6779	5059
152921747	0	3317	4787	6760	5022
152921848	0	3340	4806	6742	5007
152921948	0	3359	4853	6760	5045
152922048	0	3350	4848	6765	5031
152922148	0	3321	4825	6746	4998
152922251	0	3350	4815	6756	4961
152922347	0	3321	4792	6751	5003
152922448	0	3321	4792	6779	5022
152922547	0	3331	4787	6760	5031
152922647	0	3331	4782	6774	4998
152922748	0	3345	4801	6765	4970
152922848	0	3335	4754	6746	5031
152922948	0	3373	4825	6765	4965
152923047	0	3359	4815	6812	5031
152923147	0	3354	4778	6793	4979
152923247	0	3326	4829	6742	5012
152923348	0	3340	4778	6803	5012
152923448	0	3350	4829	6760	4984
152923547	0	3340	4839	6774	5050
152923647	0	3345	4839	6746	4965
152923747	0	3350	4843	6746	4989
152923848	0	3340	4843	6756	4975
152923947	0	3321	4782	6751	4979
152924048	0	3340	4853	6803	5036
152924148	0	3378	4806	6760	5022
152924248	0	3321	4792	6760	5022
152924348	0	3350	4843	6798	4989
152924448	0	3345	4768	6746	4993
152924548	0	3364	4848	6751	5031
152924648	0	3350	4820	6746	5040
152924747	0	3331	4834	6774	5031
152924848	0	3354	4806	6765	5064
152924948	0	3368	4839	6751	4998
152925047	0	3354	4792	6751	4956
152925147	0	3312	4773	6784	5007
152925247	0	3364	4829	6765	4970
152925347	0	3321	4806	6756	5012
152925448	0	3340	4843	6756	5031
152925547	0	3350	4782	6784	4956
152925648	0	3350	4787	6779	5040
152925748	0	3350	4778	6751	4970
152925848	0	3331	4848	6784	5022
152925947	0	3340	4848	6765	5026
152926047	0	3350	4825	6751	4979
152926147	0	3359	4839	6789	5007
152926247	0	3345	4792	6770	4956
152926352	0	3359	4782	6751	5050
152926448	0	3326	4801	6760	5017
152926547	0	3326	4829	6770	4946
152926648	0	3368	4857	6789	5012
152926748	0	3359	4815	6756	4956
152926848	0	3350	4787	6770	4961
152926948	0	3345	4843	6784	4979
152927048	0	3350	4839	6751	5003
152927148	0	3321	4825	6742	5012
152927248	0	3331	4834	6760	4979
152927347	0	3321	4839	6793	4946
152927448	0	3378	4778	6751	4942
152927548	0	3345	4782	6784	5040
152927648	0	3368	4825	6751	4989
152927747	0	3340	4825	6751	5045
152927848	0	3321	4806	6774	4989
152927947	0	3368	4829	6760	5031
152928047	0	3368	4820	6751	5017
152928147	0	3326	4853	6784	5012
152928247	0	3354	4839	6742	4942
152928347	0	3326	4843	6746	4993
152928448	0	3321	4848	6756	5017
152928548	0	3340	4820	6779	4979
152928647	0	3340	4787	6756	4975
152928748	0	3331	4848	6779	4942
152928848	0	3321	4839	6756	5036
152928948	0	3354	4796	6742	5036
152929048	0	3317	4806	6765	4965
152929148	0	3335	4853	6751	5007
152929247	0	3331	4867	6746	5045
152929347	0	3354	4796	6742	5012
152929448	0	3335	4834	6751	5022
152929548	0	3331	4782	6760	4984
152929647	0	3350	4829	6751	4993
152929748	0	3340	4801	6793	5022
152929848	0	3335	4782	6742	5022
152929948	0	3359	4815	6789	4975
152930048	0	3335	4806	6770	4984
152930148	0	3331	4862	6746	5017
152930248	0	3350	4792	6742	5022
152930348	0	3326	4843	6746	5022
152930450	0	3326	4810	6803	5040
152930548	0	3368	4857	6798	4998
152930647	0	3354	4857	6737	5036
152930747	0	3354	4857	6789	4961
152930851	0	3359	4825	6742	4989
152930948	0	3373	4834	6737	4979
152931047	0	3350	4848	6779	5022
152931147	0	3350	4778	6756	4998
152931248	0	3321	4834	6789	5017
152931348	0	3350	4815	6793	4993
152931448	0	3350	4825	6793	5017
152931547	0	3331	4787	6746	5026
152931648	0	3350	4843	6760	4984
152931747	0	3321	4853	6737	4937
152931848	0	3340	4820	6774	4993
152931948	0	3350	4867	6760	5054
152932048	0	3345	4810	6789	4951
152932148	0	3331	4810	6756	5045
152932248	0	3340	4782	6793	4979
152932347	0	3359	4839	6728	5036
152932447	0	3345	4782	6798	4984
152932548	0	3326	4782	6770	4989
152932647	0	3354	4815	6798	4956
152932748	0	3321	4829	6784	5003
152932847	0	3350	4801	6789	4951
152932947	0	3326	4862	6760	5003
152933048	0	3321	4848	6770	4961
152933148	0	3340	4810	6751	4970
152933248	0	3331	4810	6807	4993
152933347	0	3331	4843	6751	4961
152933447	0	3354	4843	6784	5031
152933547	0	3359	4801	6793	5064
152933647	0	3354	4820	6756	4975
152933748	0	3335	4820	6751	4961
152933848	0	3321	4768	6770	4993
152933948	0	3312	4843	6765	5036
152934047	0	3335	4787	6737	4961
152934147	0	3345	4768	6742	5017
152934248	0	3345	4787	6751	5017
152934347	0	3345	4843	6789	4989
152934447	0	3350	4853	6737	5007
152934549	0	3312	4839	6770	5022
152934647	0	3350	4792	6789	5003
152934747	0	3382	4782	6765	5031
152934847	0	3354	4853	6784	4998
152934948	0	3335	4782	6746	4956
152935047	0	3354	4801	6793	5064
152935147	0	3354	4857	6737	4965
152935248	0	3354	4853	6746	4946
152935347	0	3331	4787	6770	5059
152935448	0	3335	4796	6737	4975
152935548	0	3354	4792	6746	4979
152935647	0	3364	4848	6751	4956
152935748	0	3382	4829	6746	5045
152935847	0	3354	4801	6770	4965
152935947	0	3340	4843	6765	5003
152936048	0	3368	4796	6751	5040
152936147	0	3354	4853	6751	4975
152936248	0	3354	4815	6793	4970
152936347	0	3321	4768	6742	5022
152936447	0	3354	4792	6746	5040
152936547	0	3321	4806	6798	5007
152936647	0	3359	4810	6756	5026
152936748	0	3364	4782	6793	5017
152936847	0	3350	4820	6789	4970
152936947	0	3354	4825	6756	4975
152937048	0	3350	4820	6784	5012
152937147	0	3317	4876	6774	5050
152937248	0	3345	4810	6756	5007
152937347	0	3345	4778	6765	4961
152937447	0	3331	4834	6742	4961
152937547	0	3373	4782	6770	5036
152937648	0	3350	4839	6751	5007
152937747	0	3317	4857	6737	5017
152937848	0	3326	4843	6751	4984
152937947	0	3350	4792	6751	5003
152938048	0	3335	4806	6746	4998
152938148	0	3364	4829	6751	5012
152938248	0	3340	4796	6793	4998
152938347	0	3331	4792	6760	4984
152938447	0	3359	4848	6765	4975
152938547	0	3312	4843	6765	5040
152938649	0	3307	4825	6751	4989
152938747	0	3317	4801	6770	4975
152938848	0	3345	4848	6784	4961
152938947	0	3373	4787	6784	5050
152939047	0	3350	4815	6789	5022
152939147	0	3350	4843	6779	5036
152939248	0	3350	4773	6756	5003
152939348	0	3364	4796	6751	5017
152939447	0	3321	4876	6746	5017
152939548	0	3331	4792	6746	4993
152939647	0	3350	4787	6746	5022
152939747	0	3364	4843	6756	4951
152939848	0	3321	4829	6751	4965
152939947	0	3335	4834	6798	4956
152940047	0	3335	4782	6793	4993
152940147	0	3350	4787	6789	4979
152940248	0	3378	4848	6746	4998
152940348	0	3331	4848	6746	4975
152940448	0	3364	4778	6798	5026
152940547	0	3321	4853	6770	4993
152940648	0	3359	4806	6765	5036
152940747	0	3382	4834	6760	5022
152940848	0	3373	4801	6789	4984
152940948	0	3406	4848	6746	5026
152941047	0	3368	4773	6746	5012
152941148	0	3345	4825	6751	5003
152941247	0	3321	4843	6742	5012
152941347	0	3350	4848	6765	4979
152941447	0	3368	4834	6793	5036
152941547	0	3340	4778	6742	5003
152941647	0	3350	4792	6765	4951
152941748	0	3350	4848	6756	5007
152941848	0	3359	4857	6793	5026
152941947	0	3321	4773	6756	4979
152942047	0	3387	4867	6746	4998
152942147	0	3368	4806	6765	4975
152942248	0	3335	4787	6737	4942
152942347	0	3373	4782	6760	4951
152942447	0	3312	4792	6798	5036
152942547	0	3340	4778	6784	5003
152942647	0	3317	4810	6765	4937
152942749	0	3364	4782	6789	5017
152942848	0	3331	4848	6751	4965
152942947	0	3364	4862	6760	4970
152943048	0	3350	4773	6760	5007
152943147	0	3350	4801	6751	5017
152943248	0	3345	4853	6779	4956
152943347	0	3335	4839	6756	5017
152943448	0	3359	4829	6728	4989
152943547	0	3359	4834	6760	4989
152943647	0	3340	4792	6746	5040
152943747	0	3321	4787	6746	5003
152943847	0	3331	4773	6774	4993
152943947	0	3345	4787	6784	5050
152944048	0	3350	4778	6760	5031
152944147	0	3350	4839	6770	4984
152944248	0	3350	4834	6765	4951
152944347	0	3303	4834	6756	4989
152944447	0	3354	4834	6756	4965
152944547	0	3331	4843	6798	5026
152944648	0	3331	4871	6751	5017
152944748	0	3350	4843	6756	5022
152944847	0	3321	4839	6793	4975
152944947	0	3373	4853	6784	5012
152945047	0	3307	4787	6756	4993
152945147	0	3364	4796	6807	5017
152945247	0	3345	4829	6760	4984
152945347	0	3373	4810	6789	5012
152945447	0	3345	4787	6765	4975
152945548	0	3354	4778	6784	5031
152945647	0	3354	4843	6751	5036
152945747	0	3345	4806	6784	5012
152945847	0	3364	4848	6746	4998
152945947	0	3354	4839	6751	5003
152946048	0	3340	4834	6760	4970
152946147	0	3331	4801	6746	4942
152946247	0	3354	4829	6760	5017
152946347	0	3335	4848	6756	5040
152946447	0	3354	4778	6770	4993
152946547	0	3331	4787	6742	4961
152946648	0	3340	4825	6779	5012
152946748	0	3345	4768	6803	4975
152946850	0	3378	4806	6742	5036
152946947	0	3368	4839	6803	5012
152947047	0	3321	4801	6784	4989
152947147	0	3340	4862	6751	4946
152947247	0	3345	4792	6756	5040
152947348	0	3364	4848	6789	4993
152947448	0	3364	4782	6798	4993
152947548	0	3364	4782	6770	4989
152947648	0	3350	4806	6742	4956
152947747	0	3350	4834	6751	5017
152947847	0	3373	4857	6784	5003
152947947	0	3350	4806	6784	4965
152948048	0	3359	4778	6746	5026
152948148	0	3359	4787	6789	5036
152948247	0	3345	4848	6756	5026
152948348	0	3312	4843	6789	5022
152948447	0	3350	4857	6742	4970
152948548	0	3350	4853	6793	5040
152948647	0	3345	4857	6751	4975
152948747	0	3364	4853	6765	4965
152948848	0	3354	4853	6756	4989
152948948	0	3340	4778	6760	4989
152949047	0	3368	4829	6751	5007
152949147	0	3359	4796	6756	5022
152949247	0	3331	4820	6737	4975
152949347	0	3340	4825	6751	4970
152949447	0	3331	4839	6751	4965
152949547	0	3331	4773	6737	4965
152949647	0	3312	4787	6798	5040
152949747	0	3354	4801	6789	5003
152949847	0	3340	4768	6784	5017
152949947	0	3350	4810	6789	4998
152950048	0	3335	4782	6737	4961
152950147	0	3340	4857	6756	5007
152950247	0	3364	4848	6784	5045
152950347	0	3364	4782	6793	5007
152950448	0	3340	4792	6756	5017
152950547	0	3326	4787	6779	5031
152950648	0	3317	4848	6751	4961
152950748	0	3335	4773	6751	5026
152950847	0	3345	4782	6746	5017
152950950	0	3350	4843	6765	4946
152951048	0	3335	4806	6789	5017
152951147	0	3368	4773	6742	4984
152951247	0	3321	4853	6742	5045
152951348	0	3321	4787	6793	4998
152951448	0	3364	4778	6779	4979
152951547	0	3326	4848	6746	4965
152951648	0	3331	4848	6756	4970
152951747	0	3359	4862	6789	4998
152951847	0	3335	4796	6756	5050
152951947	0	3382	4820	6779	4965
152952048	0	3350	4839	6751	5022
152952148	0	3345	4768	6742	5026
152952247	0	3345	4843	6793	4975
152952347	0	3396	4843	6765	4989
152952447	0	3331	4839	6732	5026
152952547	0	3354	4773	6784	5017
152952647	0	3321	4843	6751	4975
152952748	0	3335	4857	6789	4984
152952847	0	3359	4787	6760	5031
152952947	0	3326	4796	6751	4965
152953048	0	3345	4843	6774	4993
152953147	0	3326	4801	6793	4942
152953248	0	3321	4834	6770	5022
152953348	0	3354	4796	6774	4989
152953448	0	3364	4853	6779	4979
152953547	0	3364	4848	6798	4951
152953647	0	3321	4810	6774	4965
152953748	0	3359	4848	6770	4979
152953847	0	3350	4796	6760	4979
152953947	0	3345	4796	6784	4979
152954047	0	3331	4843	6751	4961
152954147	0	3326	4782	6784	4993
152954248	0	3326	4848	6746	4984
152954348	0	3345	4778	6784	5026
152954447	0	3340	4857	6737	4965
152954547	0	3321	4839	6765	4965
152954647	0	3359	4796	6789	4956
152954747	0	3335	4848	6737	5017
152954847	0	3364	4796	6760	4970
152954947	0	3331	4820	6779	5007
152955050	0	3373	4839	6751	5031
152955147	0	3350	4782	6789	5007
152955248	0	3345	4839	6793	4975
152955348	0	3354	4773	6760	5007
152955447	0	3368	4825	6807	4984
152955548	0	3378	4820	6789	5003
152955647	0	3350	4792	6742	4975
152955747	0	3350	4857	6803	4984
152955847	0	3354	4773	6746	4970
152955947	0	3345	4787	6746	4970
152956047	0	3359	4843	6807	5012
152956147	0	3364	4787	6784	4951
152956247	0	3359	4806	6798	5031
152956347	0	3364	4839	6760	5012
152956447	0	3359	4829	6765	4979
152956547	0	3340	4801	6793	5026
152956647	0	3331	4778	6746	4998
152956751	0	3354	4829	6770	4979
152956848	0	3364	4820	6737	5003
152956948	0	3364	4843	6803	4970
152957047	0	3331	4787	6746	4989
152957147	0	3354	4815	6751	5022
152957247	0	3331	4853	6774	5003
152957347	0	3331	4848	6742	5045
152957448	0	3378	4796	6793	5012
152957547	0	3340	4782	6793	4951
152957647	0	3359	4862	6765	5017
152957747	0	3354	4853	6765	5036
152957847	0	3354	4773	6803	4984
152957948	0	3321	4782	6770	4937
152958247	0	3340	4839	6746	4984
152958347	0	3340	4787	6798	4984
152958448	0	3350	4843	6812	4961
152958547	0	3354	4820	6798	5031
152958647	0	3317	4839	6746	4975
152958748	0	3335	4787	6746	5026
152958847	0	3364	4843	6765	4998
152958947	0	3345	4857	6751	5003
152959047	0	3345	4801	6789	4998
152959149	0	3335	4806	6798	4984
152959247	0	3331	4787	6784	4956
152959347	0	3350	4806	6751	5026
152959447	0	3359	4796	6760	4993
152959547	0	3345	4829	6756	5022
152959648	0	3354	4801	6737	5045
152959747	0	3335	4857	6789	5022
152959848	0	3364	4787	6751	4998
152959947	0	3335	4853	6760	4975
153000047	0	3368	4857	6756	5026
153000148	0	3298	4815	6789	4975
153000245	0	3359	4829	6760	5045
153000347	0	3359	4848	6789	4951
153000445	0	3368	4782	6774	4998
153000547	0	3359	4848	6765	4956
153000645	0	3321	4782	6765	4993
153000745	0	3350	4773	6751	4979
153000847	0	3340	4810	6760	4961
153000946	0	3354	4801	6751	5017
153001045	0	3354	4792	6737	4993
153001146	0	3368	4843	6751	4979
153001245	0	3354	4782	6784	4951
153001345	0	3359	4778	6789	4970
153001445	0	3364	4792	6774	5003
153001546	0	3345	4806	6751	5022
153001645	0	3326	4773	6751	5003
153001747	0	3312	4848	6774	4993
153001845	0	3354	4796	6765	4989
153001945	0	3331	4773	6732	4965
153002045	0	3331	4773	6737	4970
153002145	0	3354	4796	6746	4970
153002245	0	3350	4848	6737	5031
153002345	0	3317	4787	6751	5003
153002445	0	3331	4843	6798	5017
153002547	0	3335	4829	6793	4932
153002645	0	3354	4862	6756	4932
153002747	0	3345	4834	6737	5022
153002845	0	3364	4810	6737	4993
153002945	0	3345	4787	6756	4970
153003045	0	3340	4787	6798	5040
153003146	0	3359	4834	6746	4984
153003249	0	3345	4839	6765	5031
153003345	0	3345	4839	6798	5017
153003447	0	3335	4782	6789	4951
153003545	0	3335	4810	6746	5012
153003645	0	3340	4871	6793	4993
153003747	0	3331	4782	6784	4993
153003847	0	3354	4829	6770	4914
153003945	0	3345	4834	6793	4989
153004047	0	3373	4834	6751	4961
153004146	0	3321	4815	6742	5031
153004246	0	3364	4792	6746	5022
153004345	0	3326	4787	6798	4965
153004445	0	3317	4839	6798	4975
153004545	0	3331	4867	6774	5012
153004647	0	3340	4834	6742	4989
153004745	0	3331	4834	6770	5031
153004845	0	3340	4768	6789	4979
153004945	0	3378	4787	6793	4951
153005046	0	3326	4787	6746	4989
153005145	0	3364	4839	6793	4956
153005245	0	3364	4815	6746	4970
153005345	0	3335	4778	6746	4956
153005445	0	3354	4834	6798	5022
153005546	0	3340	4810	6789	4961
153005645	0	3340	4787	6793	4956
153005745	0	3354	4782	6779	4970
153005845	0	3331	4820	6789	5012
153005946	0	3359	4796	6746	4989
153006045	0	3354	4773	6760	4979
153006145	0	3345	4787	6789	4928
153006245	0	3331	4810	6784	5012
153006345	0	3340	4782	6756	4998
153006445	0	3364	4839	6751	5017
153006546	0	3359	4782	6798	4961
153006645	0	3350	4801	6774	5040
153006745	0	3354	4773	6765	5031
153006845	0	3359	4848	6774	4979
153006945	0	3345	4782	6789	5017
153007045	0	3387	4787	6746	5017
153007145	0	3364	4773	6756	5022
153007245	0	3345	4848	6798	4965
153007349	0	3354	4796	6807	5031
153007445	0	3340	4853	6751	4961
153007545	0	3340	4829	6789	4956
153007645	0	3321	4843	6798	5007
153007745	0	3359	4810	6789	5007
153007845	0	3359	4787	6793	5007
153007945	0	3317	4843	6746	4961
153008045	0	3326	4825	6760	5012
153008145	0	3345	4787	6798	4951
153008245	0	3335	4862	6793	5007
153008345	0	3382	4801	6793	4984
153008445	0	3354	4834	6746	5022
153008545	0	3345	4825	6789	4970
153008645	0	3364	4796	6756	4970
153008745	0	3359	4829	6746	5031
153008845	0	3345	4796	6784	5017
153008945	0	3335	4839	6760	5007
153009045	0	3298	4806	6784	5017
153009145	0	3326	4787	6746	5007
153009245	0	3368	4801	6774	4951
153009345	0	3345	4815	6774	5026
153009445	0	3350	4843	6737	4993
153009545	0	3359	4834	6751	5073
153009645	0	3345	4848	6784	4984
153009745	0	3359	4782	6746	4984
153009845	0	3335	4796	6789	4979
153009946	0	3335	4792	6765	4975
153010045	0	3354	4782	6793	4965
153010145	0	3364	4773	6779	5031
153010245	0	3326	4834	6742	4946
153010345	0	3350	4834	6779	4993
153010445	0	3345	4796	6756	5022
153010545	0	3368	4796	6779	4965
153010645	0	3321	4820	6746	5036
153010745	0	3364	4787	6760	4998
153010845	0	3326	4815	6746	4942
153010945	0	3321	4848	6812	4970
153011045	0	3368	4843	6756	5012
153011145	0	3335	4839	6774	5026
153011245	0	3340	4778	6793	4993
153011345	0	3354	4848	6793	5036
153011449	0	3354	4825	6793	4993
153011545	0	3350	4839	6756	5012
153011645	0	3373	4806	6798	5012
153011746	0	3326	4801	6746	4975
153011845	0	3340	4801	6789	5022
153011945	0	3359	4801	6803	4998
153012045	0	3354	4825	6774	4956
153012145	0	3354	4792	6765	5003
153012245	0	3364	4834	6774	4989
153012345	0	3317	4871	6770	5003
153012445	0	3340	4825	6746	4946
153012545	0	3312	4820	6774	4961
153012645	0	3340	4825	6760	4965
153012745	0	3364	4787	6732	4998
153012845	0	3354	4820	6751	4932
153012945	0	3368	4801	6765	4989
153013045	0	3359	4853	6765	5040
153013145	0	3335	4857	6789	5007
153013245	0	3312	4787	6742	4965
153013346	0	3354	4825	6756	5026
153013446	0	3340	4839	6760	4965
153013545	0	3326	4778	6760	5017
153013645	0	3364	4857	6770	4979
153013745	0	3378	4839	6765	5007
153013846	0	3326	4792	6751	4989
153013945	0	3321	4787	6793	4956
153014045	0	3350	4853	6779	5007
153014145	0	3350	4825	6756	5007
153014245	0	3354	4853	6812	4946
153014345	0	3350	4834	6760	5007
153014445	0	3340	4848	6746	4998
153014546	0	3340	4848	6742	5031
153014645	0	3359	4834	6746	4961
153014745	0	3359	4867	6746	4937
153014845	0	3340	4843	6751	5036
153014945	0	3331	4839	6789	5040
153015046	0	3303	4862	6770	4993
153015145	0	3359	4792	6760	5054
153015245	0	3312	4834	6765	4998
153015345	0	3345	4853	6746	5026
153015445	0	3354	4806	6789	5012
153015549	0	3331	4796	6774	5031
153015645	0	3345	4778	6789	4961
153015745	0	3354	4843	6789	5026
153015845	0	3321	4825	6774	5007
153015945	0	3364	4768	6732	4961
153016045	0	3345	4839	6770	5026
153016145	0	3331	4862	6774	4989
153016245	0	3312	4853	6746	5040
153016345	0	3354	4820	6751	4956
153016445	0	3368	4768	6798	4956
153016545	0	3340	4810	6770	4951
153016645	0	3340	4778	6756	5017
153016745	0	3335	4820	6751	5036
153016845	0	3335	4834	6746	5017
153016945	0	3382	4834	6760	5059
153017045	0	3350	4839	6737	4965
153017145	0	3364	4848	6746	5040
153017245	0	3345	4801	6732	5026
153017345	0	3331	4792	6760	4956
153017445	0	3321	4839	6789	4979
153017545	0	3382	4862	6798	4937
153017645	0	3340	4810	6789	4965
153017745	0	3378	4843	6742	4989
153017845	0	3368	4773	6789	5031
153017945	0	3345	4848	6746	4975
153018045	0	3382	4839	6779	4979
153018145	0	3312	4787	6779	5007
153018245	0	3331	4792	6751	4993
153018345	0	3335	4843	6793	4956
153018446	0	3335	4801	6774	5036
153018545	0	3312	4834	6765	4998
