123842832	0	5143	3761	4010	5322
123842938	0	5111	3757	4028	5406
123843031	0	5115	3729	4038	5401
123843131	0	5120	3770	4042	5396
123843231	0	5120	3766	4033	5369
123843331	0	5143	3752	4033	5340
123843432	0	5115	3761	4033	5364
123843532	0	5092	3748	4052	5415
123843631	0	5120	3775	4038	5336
123843731	0	5125	3752	4005	5406
123843832	0	5129	3762	4047	5363
123843932	0	5129	3729	4010	5350
123844032	0	5139	3761	4042	5345
123844131	0	5129	3752	4038	5350
123844231	0	5134	3761	4042	5340
123844332	0	5148	3738	4024	5382
123844432	0	5162	3748	4028	5340
123844531	0	5120	3762	4024	5369
123844633	0	5101	3757	4038	5401
123844731	0	5134	3766	4038	5345
123844831	0	5092	3752	4010	5391
123844932	0	5120	3761	4033	5391
123845031	0	5153	3762	4042	5377
123845132	0	5134	3766	4042	5369
123845232	0	5148	3756	4014	5368
123845331	0	5139	3748	4028	5355
123845432	0	5092	3775	4047	5401
123845532	0	5125	3756	4019	5359
123845632	0	5167	3762	4057	5369
123845731	0	5101	3757	4014	5369
123845831	0	5125	3748	4028	5340
123845931	0	5111	3738	4033	5331
123846031	0	5120	3770	4038	5382
123846131	0	5143	3752	4038	5340
123846232	0	5143	3761	4057	5350
123846331	0	5158	3756	4042	5364
123846431	0	5148	3756	4028	5359
123846532	0	5129	3762	4010	5345
123846631	0	5115	3748	4028	5345
123846731	0	5129	3748	4028	5368
123846832	0	5125	3748	4047	5350
123846931	0	5153	3761	4057	5415
123847031	0	5143	3756	4052	5377
123847132	0	5139	3757	4042	5401
123847231	0	5148	3770	4038	5331
123847332	0	5143	3770	4024	5345
123847431	0	5139	3743	4033	5420
123847531	0	5139	3748	4033	5355
123847631	0	5139	3752	4042	5345
123847732	0	5162	3752	4033	5364
123847832	0	5148	3748	4014	5331
123847932	0	5125	3762	4033	5359
123848031	0	5167	3762	4033	5368
123848132	0	5148	3738	4033	5377
123848232	0	5139	3757	4024	5303
123848332	0	5139	3761	4047	5377
123848431	0	5115	3757	4010	5345
123848531	0	5139	3748	4057	5322
123848631	0	5143	3752	4038	5420
123848733	0	5115	3757	4042	5391
123848831	0	5143	3756	4005	5308
123848931	0	5158	3756	4024	5369
123849031	0	5139	3789	4038	5355
123849131	0	5111	3766	4042	5368
123849232	0	5139	3752	4010	5369
123849331	0	5125	3761	4028	5350
123849431	0	5120	3752	4052	5312
123849531	0	5148	3752	4028	5377
123849631	0	5143	3752	4028	5382
123849731	0	5097	3770	4005	5377
123849832	0	5139	3761	4038	5401
123849931	0	5097	3748	4038	5355
123850031	0	5153	3734	4033	5369
123850131	0	5115	3762	4042	5345
123850232	0	5153	3762	4019	5368
123850331	0	5129	3775	4019	5359
123850431	0	5111	3738	4052	5438
123850531	0	5115	3762	4061	5350
123850631	0	5139	3766	4066	5377
123850731	0	5115	3756	4066	5355
123850831	0	5158	3789	4028	5369
123850931	0	5115	3743	4038	5377
123851032	0	5129	3752	4028	5350
123851131	0	5125	3766	4071	5401
123851232	0	5167	3748	4052	5369
123851331	0	5153	3762	4038	5369
123851432	0	5139	3752	4024	5364
123851531	0	5167	3770	4024	5359
123851632	0	5139	3761	4047	5331
123851732	0	5115	3785	4057	5363
123851832	0	5139	3762	4061	5387
123851931	0	5186	3770	4024	5368
123852032	0	5120	3761	4033	5401
123852131	0	5143	3770	4047	5391
123852231	0	5129	3762	4057	5368
123852331	0	5106	3766	4010	5322
123852431	0	5106	3752	3991	5438
123852531	0	5134	3756	4052	5377
123852631	0	5143	3761	4057	5406
123852732	0	5129	3770	4061	5355
123852833	0	5143	3761	4024	5355
123852931	0	5134	3775	4047	5382
123853032	0	5139	3756	4019	5363
123853131	0	5134	3770	4028	5350
123853231	0	5134	3766	4028	5336
123853331	0	5129	3761	4033	5364
123853431	0	5153	3757	4042	5369
123853531	0	5106	3738	4024	5396
123853631	0	5158	3766	4047	5350
123853731	0	5158	3762	4047	5424
123853832	0	5139	3752	4061	5396
123853932	0	5148	3752	4038	5359
123854031	0	5153	3743	4061	5368
123854131	0	5115	3752	4052	5355
123854231	0	5143	3752	4038	5355
123854331	0	5148	3775	4047	5359
123854429	0	5139	3775	4061	5364
123854529	0	5120	3762	4042	5350
123854629	0	5115	3738	4019	5355
123854729	0	5120	3775	4075	5382
123854829	0	5120	3757	4033	5359
123854930	0	5125	3752	4038	5336
123855030	0	5162	3757	4047	5382
123855129	0	5148	3743	4042	5415
123855229	0	5148	3762	4038	5369
123855329	0	5120	3756	4033	5350
123855429	0	5115	3762	4047	5350
123855529	0	5120	3756	4024	5350
123855629	0	5143	3748	4014	5359
123855729	0	5111	3748	4066	5377
123855829	0	5115	3757	4042	5429
123855930	0	5148	3752	4038	5410
123856029	0	5143	3748	4038	5359
123856129	0	5106	3757	4033	5377
123856230	0	5134	3748	4047	5377
123856330	0	5129	3748	4047	5377
123856429	0	5120	3729	4057	5350
123856530	0	5143	3752	4042	5373
123856630	0	5120	3748	4042	5364
123856730	0	5148	3743	4038	5368
123856829	0	5158	3748	4033	5396
123856933	0	5139	3738	4057	5359
123857129	0	5106	3770	4028	5364
123857230	0	5143	3762	4024	5336
123857329	0	5139	3752	4057	5364
123857429	0	5115	3756	4010	5364
123857529	0	5120	3761	4019	5336
123857630	0	5148	3762	4028	5368
123857730	0	5120	3748	4038	5369
123857829	0	5143	3770	4019	5350
123857929	0	5153	3766	4033	5363
123858029	0	5129	3766	4019	5369
123858129	0	5115	3756	4080	5345
123858229	0	5139	3738	4061	5331
123858330	0	5153	3756	4042	5373
123858429	0	5125	3752	4042	5373
123858530	0	5134	3762	4024	5312
123858629	0	5139	3738	4028	5387
123858729	0	5143	3729	4052	5355
123858830	0	5148	3770	4028	5368
123858930	0	5148	3738	4047	5364
123859030	0	5097	3743	4075	5369
123859130	0	5153	3752	4014	5355
123859230	0	5125	3748	4052	5391
123859330	0	5139	3762	4047	5350
123859430	0	5139	3770	4038	5391
123859529	0	5134	3761	4033	5340
123859630	0	5139	3743	4014	5331
123859729	0	5143	3752	4033	5364
123859830	0	5162	3761	4019	5359
123859930	0	5129	3756	4028	5350
123900029	0	5153	3762	4019	5368
123900129	0	5148	3761	4038	5373
123900230	0	5143	3757	4038	5369
123900329	0	5129	3743	4038	5331
123900430	0	5120	3757	4057	5359
123900530	0	5129	3757	4042	5369
123900630	0	5158	3752	4033	5401
123900729	0	5139	3761	4019	5382
123900829	0	5120	3724	4028	5355
123900929	0	5139	3770	4033	5317
123901033	0	5148	3766	4019	5303
123901330	0	5129	3752	4024	5368
123901429	0	5134	3766	4019	5364
123901529	0	5125	3752	4033	5382
123901630	0	5125	3748	4042	5382
123901730	0	5148	3757	4005	5406
123901830	0	5143	3734	4042	5368
123901930	0	5153	3743	4019	5391
123902030	0	5162	3738	4005	5355
123902129	0	5134	3752	4019	5326
123902229	0	5134	3743	4038	5336
123902329	0	5153	3748	4047	5355
123902429	0	5158	3762	4028	5331
123902529	0	5143	3752	4024	5387
123902629	0	5139	3719	4042	5359
123902730	0	5125	3762	4019	5350
123902829	0	5064	3757	4033	5387
123902929	0	5134	3724	4052	5369
123903029	0	5153	3756	4052	5345
123903129	0	5139	3757	4057	5363
123903230	0	5125	3757	4014	5396
123903329	0	5111	3743	4010	5364
123903429	0	5120	3734	4024	5331
123903530	0	5148	3752	4071	5391
123903630	0	5143	3748	4047	5387
123903729	0	5134	3756	4038	5363
123903829	0	5148	3748	4033	5312
123903929	0	5148	3757	4028	5387
123904030	0	5153	3734	4057	5368
123904129	0	5129	3743	4014	5369
123904229	0	5092	3743	4052	5340
123904330	0	5158	3743	4057	5382
123904429	0	5115	3757	4047	5391
123904530	0	5097	3762	4038	5359
123904629	0	5115	3762	4042	5415
123904730	0	5106	3752	4057	5350
123904829	0	5153	3762	4057	5387
123904929	0	5120	3752	4042	5368
123905030	0	5139	3748	4061	5368
123905133	0	5134	3757	4052	5363
123905229	0	5139	3756	4057	5317
123905329	0	5139	3748	4047	5364
123905429	0	5129	3761	4061	5391
123905530	0	5106	3738	4061	5364
123905629	0	5158	3756	4066	5350
123905729	0	5129	3743	4061	5415
123905830	0	5158	3748	4071	5382
123905930	0	5158	3770	4028	5355
123906030	0	5134	3757	4052	5345
123906129	0	5115	3780	4057	5359
123906229	0	5129	3766	4047	5382
123906330	0	5167	3752	4033	5406
123906430	0	5106	3752	4042	5391
123906530	0	5120	3762	4052	5401
123906629	0	5106	3743	4047	5387
123906730	0	5153	3757	4028	5396
123906829	0	5148	3761	4052	5364
123906930	0	5134	3762	4042	5410
123907029	0	5125	3757	4028	5355
123907129	0	5167	3748	4071	5382
123907330	0	5129	3752	4014	5350
123907430	0	5162	3762	4047	5336
123907529	0	5143	3756	4047	5406
123907629	0	5143	3770	4047	5406
123907730	0	5172	3762	4061	5364
123907829	0	5129	3756	4052	5373
123907930	0	5139	3743	4042	5368
123908030	0	5143	3743	4033	5350
123908130	0	5158	3748	4038	5364
123908230	0	5148	3756	4080	5369
123908329	0	5129	3756	4052	5364
123908429	0	5139	3762	4075	5406
123908530	0	5158	3724	4038	5387
123908629	0	5153	3724	4061	5359
123908730	0	5134	3756	4024	5424
123908829	0	5097	3775	4019	5382
123908930	0	5176	3756	4038	5369
123909030	0	5153	3734	4061	5368
123909129	0	5153	3729	4057	5377
123909234	0	5148	3748	4061	5382
123909329	0	5162	3743	4052	5322
123909429	0	5143	3761	4042	5340
123909529	0	5129	3752	4052	5396
123909629	0	5158	3752	4057	5401
123909729	0	5158	3743	4042	5387
123909829	0	5129	3748	4028	5369
123909929	0	5143	3743	4038	5382
123910029	0	5143	3756	4047	5382
123910129	0	5129	3734	4085	5345
123910229	0	5158	3756	4033	5368
123910329	0	5139	3743	4042	5377
123910429	0	5153	3752	4047	5294
123910530	0	5143	3752	4057	5369
123910630	0	5139	3775	4033	5406
123910729	0	5125	3762	4038	5387
123910829	0	5139	3762	4047	5420
123910929	0	5139	3766	4042	5364
123911030	0	5129	3761	4033	5350
123911129	0	5148	3738	4033	5387
123911230	0	5143	3766	4010	5350
123911329	0	5125	3756	4038	5355
123911429	0	5129	3761	4042	5355
123911529	0	5143	3762	4071	5364
123911629	0	5139	3770	4028	5377
123911729	0	5148	3756	4033	5415
123911829	0	5153	3766	4038	5336
123911929	0	5158	3762	4024	5368
123912029	0	5143	3762	4010	5373
123912129	0	5172	3761	4061	5359
123912229	0	5148	3748	4052	5359
123912329	0	5153	3757	4042	5355
123912429	0	5129	3757	4052	5369
123912529	0	5153	3748	4057	5396
123912630	0	5139	3775	4057	5387
123912729	0	5148	3748	4047	5331
123912829	0	5162	3756	4038	5382
123912930	0	5158	3748	4019	5363
123913030	0	5139	3761	4033	5350
123913130	0	5162	3762	4038	5373
123913230	0	5125	3729	4052	5415
123913333	0	5143	3729	4047	5382
123913429	0	5167	3743	4028	5312
123913530	0	5162	3743	4042	5359
123913629	0	5158	3743	4038	5401
123913730	0	5129	3756	4019	5406
123913829	0	5153	3743	4019	5396
123913929	0	5129	3756	4019	5415
123914029	0	5115	3762	4066	5368
123914130	0	5153	3738	4057	5364
123914229	0	5158	3756	4047	5336
123914329	0	5120	3757	4038	5363
123914430	0	5125	3756	4038	5326
123914529	0	5148	3761	4028	5364
123914629	0	5143	3752	4028	5420
123914729	0	5143	3734	4057	5369
123914829	0	5162	3743	4042	5326
123914930	0	5129	3757	4042	5331
123915030	0	5153	3748	4075	5373
123915129	0	5139	3743	4024	5373
123915229	0	5148	3775	4047	5387
123915329	0	5153	3780	4057	5326
123915429	0	5153	3734	4042	5350
123915529	0	5129	3743	4052	5363
123915629	0	5158	3734	4052	5368
123915729	0	5134	3738	4014	5420
123915830	0	5125	3748	4071	5406
123915929	0	5129	3743	4028	5415
123916030	0	5106	3738	4033	5438
123916130	0	5134	3752	4038	5377
123916230	0	5111	3724	4042	5364
123916330	0	5120	3780	4028	5387
123916429	0	5106	3756	4057	5369
123916530	0	5129	3762	4052	5373
123916630	0	5111	3743	4066	5396
123916729	0	5148	3752	4075	5355
123916829	0	5139	3756	4057	5369
123916929	0	5139	3775	4038	5410
123917029	0	5143	3756	4014	5401
123917129	0	5143	3762	4080	5317
123917230	0	5111	3766	4061	5364
123917329	0	5139	3775	4014	5359
123917433	0	5125	3770	4019	5359
123917530	0	5143	3766	4028	5377
123917629	0	5139	3761	4052	5368
123917729	0	5148	3762	4047	5355
123917830	0	5143	3757	4033	5336
123917930	0	5120	3762	4047	5355
123918030	0	5153	3752	4052	5345
123918129	0	5153	3762	4061	5359
123918229	0	5158	3762	4052	5340
123918330	0	5162	3775	4057	5377
123918429	0	5153	3762	4071	5340
123918529	0	5129	3762	4052	5326
123918629	0	5158	3761	4028	5340
123918730	0	5158	3738	4014	5382
123918830	0	5125	3757	4038	5308
123918929	0	5129	3738	4057	5345
123919029	0	5115	3756	4042	5345
123919129	0	5120	3738	4038	5387
123919230	0	5129	3729	4019	5396
123919329	0	5148	3743	4033	5396
123919429	0	5125	3738	4033	5364
123919530	0	5115	3766	4071	5373
123919630	0	5134	3743	4057	5359
123919729	0	5139	3761	4047	5364
123919830	0	5134	3757	4014	5363
123919930	0	5139	3748	4038	5359
123920029	0	5129	3756	4014	5387
123920129	0	5172	3756	4000	5373
123920230	0	5148	3752	4057	5355
123920329	0	5125	3738	4042	5373
123920429	0	5139	3748	4061	5368
123920529	0	5195	3734	4047	5391
123920629	0	5148	3762	4038	5322
123920729	0	5148	3743	4042	5331
123920829	0	5129	3756	4047	5368
123920929	0	5143	3761	4061	5364
123921029	0	5162	3780	4028	5369
123921129	0	5134	3766	4042	5336
123921229	0	5153	3757	4042	5364
123921329	0	5134	3752	4019	5340
123921429	0	5153	3743	4071	5317
123921534	0	5181	3756	4024	5336
123921630	0	5143	3752	4052	5373
123921729	0	5106	3762	4061	5387
123921829	0	5139	3766	4014	5326
123921929	0	5148	3766	4052	5336
123922029	0	5129	3757	4028	5382
123922129	0	5158	3762	4033	5355
123922229	0	5148	3770	4024	5350
123922330	0	5162	3748	4028	5364
123922430	0	5153	3743	4014	5345
123922530	0	5143	3748	4033	5359
123922629	0	5134	3756	4038	5391
123922730	0	5143	3766	4033	5387
123922830	0	5162	3756	4033	5355
123922929	0	5153	3762	4028	5355
123923029	0	5139	3766	4014	5373
123923129	0	5148	3757	4014	5364
123923229	0	5162	3785	4057	5396
123923329	0	5134	3756	4057	5391
123923429	0	5167	3770	4042	5340
123923529	0	5134	3756	4057	5308
123923630	0	5158	3789	4047	5382
123923729	0	5134	3789	4047	5373
123923829	0	5129	3757	4014	5350
123923929	0	5167	3780	4028	5368
123924029	0	5129	3761	4066	5350
123924129	0	5143	3785	4014	5317
123924229	0	5162	3785	4066	5355
123924329	0	5162	3762	4038	5350
123924429	0	5148	3761	4061	5331
123924529	0	5134	3775	4047	5368
123924629	0	5143	3775	4061	5391
123924729	0	5167	3757	4061	5350
123924829	0	5162	3775	4014	5355
123924929	0	5167	3762	4033	5355
123925030	0	5129	3761	4042	5350
123925130	0	5176	3808	4047	5340
123925229	0	5125	3770	4042	5331
123925329	0	5167	3780	4057	5387
123925429	0	5139	3761	4057	5355
123925529	0	5162	3789	4010	5363
123925633	0	5153	3766	4038	5359
123925729	0	5120	3761	4014	5364
123925830	0	5129	3748	4042	5326
123925929	0	5129	3766	4000	5373
123926029	0	5125	3794	4071	5369
123926129	0	5097	3794	4057	5345
123926229	0	5139	3762	4038	5369
123926329	0	5143	3743	4052	5322
123926529	0	5139	3761	4057	5363
123926629	0	5120	3775	4061	5317
123926729	0	5139	3766	4042	5350
123926829	0	5148	3756	4047	5391
123926929	0	5125	3752	4052	5359
123927029	0	5129	3761	4047	5355
123927129	0	5139	3757	4052	5355
123927229	0	5158	3743	4005	5368
123927329	0	5158	3780	4042	5410
123927430	0	5139	3762	4028	5368
123927529	0	5153	3780	4038	5369
123927630	0	5120	3775	4024	5369
123927729	0	5153	3766	4038	5340
123927829	0	5134	3757	4028	5406
123927929	0	5148	3761	4014	5336
123928029	0	5153	3748	4038	5363
123928129	0	5143	3757	4024	5350
123928229	0	5106	3743	4033	5363
123928329	0	5153	3743	4038	5364
123928429	0	5120	3724	4033	5373
123928529	0	5125	3738	4052	5326
123928629	0	5153	3738	4000	5396
123928729	0	5153	3762	4042	5350
123928829	0	5120	3757	4033	5369
123928930	0	5143	3762	4033	5364
123929029	0	5129	3756	4024	5382
123929129	0	5139	3756	4033	5391
123929229	0	5143	3762	4047	5317
123929329	0	5158	3738	4038	5317
123929429	0	5129	3770	4024	5364
123929529	0	5158	3757	4038	5382
123929629	0	5134	3757	4047	5336
123929733	0	5167	3762	4038	5322
123929829	0	5158	3752	4028	5387
123929929	0	5115	3757	4052	5363
123930029	0	5176	3757	4014	5373
123930129	0	5125	3766	4014	5359
123930330	0	5153	3743	4024	5382
123930429	0	5134	3762	4061	5401
123930529	0	5139	3780	4071	5387
123930629	0	5143	3775	4047	5420
123930729	0	5158	3761	4019	5387
123930829	0	5167	3756	4047	5336
123930929	0	5167	3780	4028	5363
123931029	0	5129	3780	4028	5364
123931129	0	5129	3752	4052	5331
123931229	0	5111	3756	4033	5322
123931329	0	5143	3762	4038	5355
123931429	0	5162	3748	4038	5368
123931529	0	5139	3748	4024	5377
123931629	0	5153	3752	4047	5350
123931729	0	5134	3762	4028	5364
123931829	0	5148	3752	4057	5364
123931929	0	5148	3775	4075	5368
123932029	0	5139	3785	4052	5382
123932129	0	5111	3761	4047	5350
123932229	0	5125	3757	4024	5377
123932329	0	5115	3756	4052	5364
123932429	0	5120	3766	4071	5359
123932529	0	5143	3766	4033	5331
123932630	0	5158	3780	4047	5373
123932729	0	5158	3752	4038	5345
123932829	0	5148	3757	4052	5326
123932929	0	5153	3748	4042	5391
123933029	0	5167	3757	4057	5322
123933129	0	5143	3757	4047	5350
123933229	0	5153	3761	4038	5363
123933329	0	5148	3757	4019	5396
123933429	0	5125	3743	4061	5355
123933529	0	5120	3743	4042	5350
123933629	0	5143	3762	4057	5345
123933729	0	5162	3762	4042	5340
123933833	0	5143	3770	4057	5420
123933929	0	5148	3748	4075	5340
123934029	0	5129	3743	4057	5355
123934129	0	5143	3766	4047	5382
123934229	0	5153	3743	4066	5377
123934330	0	5134	3743	4033	5331
123934429	0	5148	3770	4047	5369
123934529	0	5172	3762	4024	5331
123934629	0	5139	3743	4047	5350
123934729	0	5106	3775	4047	5382
123934829	0	5115	3757	4033	5368
123934930	0	5129	3752	4052	5359
123935029	0	5134	3748	4052	5355
123935129	0	5143	3734	4033	5369
123935230	0	5162	3738	4028	5340
123935329	0	5125	3766	4033	5363
123935429	0	5115	3761	4033	5340
123935529	0	5148	3743	4024	5368
123935629	0	5162	3757	4057	5359
123935729	0	5143	3761	4052	5373
123935830	0	5120	3748	4042	5355
123935929	0	5172	3748	4047	5369
123936029	0	5148	3748	4047	5340
123936129	0	5125	3748	4047	5355
123936229	0	5129	3757	4028	5340
123936329	0	5153	3775	4024	5396
123936429	0	5125	3770	4057	5369
123936529	0	5162	3743	4033	5359
123936629	0	5134	3762	4010	5406
123936729	0	5134	3757	4047	5345
123936829	0	5148	3770	4033	5363
123936929	0	5153	3752	4028	5406
123937029	0	5143	3766	4038	5350
123937129	0	5158	3770	4024	5373
123937229	0	5153	3789	4042	5350
123937329	0	5139	3794	4066	5391
123937429	0	5134	3766	4057	5355
123937529	0	5139	3756	4024	5350
123937629	0	5158	3761	4052	5401
123937729	0	5158	3752	4033	5368
123937829	0	5167	3757	4028	5396
123937933	0	5134	3756	4033	5345
123938029	0	5115	3761	4014	5359
123938129	0	5125	3757	4019	5368
123938229	0	5120	3748	4047	5345
123938329	0	5120	3775	4038	5364
123938429	0	5158	3762	4075	5382
123938529	0	5148	3756	4033	5363
123938629	0	5134	3757	4047	5336
123938729	0	5120	3748	4019	5359
123938829	0	5134	3762	4061	5401
123938929	0	5129	3766	4028	5336
123939029	0	5162	3785	4024	5345
123939129	0	5153	3762	4024	5355
123939229	0	5148	3766	4047	5391
123939329	0	5153	3748	4019	5396
123939430	0	5153	3734	4033	5359
123939529	0	5148	3752	4019	5382
123939629	0	5125	3770	4014	5377
123939729	0	5162	3775	4038	5326
123939829	0	5139	3766	4038	5350
123939929	0	5111	3756	4038	5396
123940029	0	5134	3766	4052	5373
123940129	0	5134	3761	4042	5368
123940229	0	5120	3762	4010	5355
123940329	0	5125	3775	4038	5345
123940429	0	5143	3770	4057	5355
123940529	0	5125	3752	4052	5387
123940629	0	5111	3752	4047	5340
123940729	0	5139	3762	4061	5345
123940829	0	5153	3785	4033	5350
123940929	0	5143	3756	4038	5364
123941029	0	5153	3762	4038	5424
123941130	0	5139	3748	4038	5377
123941229	0	5148	3775	4052	5382
123941329	0	5153	3770	4047	5373
123941429	0	5125	3752	4019	5322
123941529	0	5158	3743	4019	5373
123941629	0	5158	3761	4028	5396
123941729	0	5176	3761	4028	5331
123941829	0	5129	3770	4024	5355
123941929	0	5167	3770	4024	5345
123942033	0	5139	3756	4014	5355
123942129	0	5129	3775	4038	5368
123942229	0	5097	3757	4047	5369
123942329	0	5129	3762	4047	5336
123942529	0	5115	3757	4033	5350
123942629	0	5129	3766	4057	5373
123942729	0	5139	3757	4038	5387
123942829	0	5125	3756	4052	5369
123942929	0	5158	3761	4042	5401
123943029	0	5153	3752	4038	5326
123943129	0	5134	3766	4057	5377
123943229	0	5129	3780	4052	5364
123943329	0	5125	3780	4066	5429
123943429	0	5148	3766	4042	5401
123943529	0	5115	3748	4042	5312
123943629	0	5158	3775	4028	5340
123943729	0	5125	3761	4028	5355
123943829	0	5101	3761	4061	5355
123943929	0	5153	3770	4066	5345
123944029	0	5125	3780	3996	5359
123944129	0	5162	3766	4028	5359
123944229	0	5148	3752	4024	5434
123944329	0	5139	3770	4019	5373
123944429	0	5143	3757	4038	5373
123944529	0	5153	3762	4042	5387
123944629	0	5172	3748	4028	5368
123944729	0	5125	3748	4042	5340
123944829	0	5153	3762	4024	5391
123944929	0	5125	3761	4066	5377
123945029	0	5143	3756	4038	5359
123945129	0	5106	3766	4047	5363
123945229	0	5153	3780	4057	5345
123945329	0	5148	3756	4038	5317
123945429	0	5111	3785	4042	5336
123945529	0	5129	3756	4042	5331
123945629	0	5139	3757	4047	5364
123945730	0	5148	3761	4042	5369
123945829	0	5129	3757	4014	5359
123945929	0	5158	3785	4033	5382
123946029	0	5125	3789	4061	5340
123946131	0	5125	3756	4033	5406
123946229	0	5120	3756	4057	5369
123946329	0	5172	3738	4033	5359
123946429	0	5134	3762	4014	5377
123946528	0	5101	3762	4024	5363
123946629	0	5125	3756	4033	5369
123946729	0	5111	3752	3996	5377
123946829	0	5125	3775	4047	5368
123946929	0	5143	3780	4052	5364
123947029	0	5120	3762	4005	5312
123947129	0	5125	3770	4042	5359
123947229	0	5143	3756	4028	5308
123947329	0	5134	3757	4024	5363
123947429	0	5158	3757	4028	5401
123947530	0	5129	3752	4047	5336
123947629	0	5143	3756	4019	5355
123947729	0	5143	3761	4038	5336
123947829	0	5129	3748	4019	5308
123947929	0	5101	3761	4014	5322
123948030	0	5139	3775	4010	5364
123948129	0	5134	3762	4047	5340
123948229	0	5153	3761	4042	5377
123948329	0	5120	3756	4024	5406
123948629	0	5111	3785	4024	5345
123948729	0	5162	3752	4038	5429
123948829	0	5120	3766	4057	5355
123948929	0	5101	3748	4038	5326
123949029	0	5125	3729	4033	5345
123949129	0	5143	3762	4028	5345
123949229	0	5148	3757	4052	5359
123949329	0	5129	3757	4028	5420
123949429	0	5125	3752	4014	5355
123949529	0	5148	3748	4033	5340
123949629	0	5139	3757	4052	5322
123949729	0	5143	3756	4033	5363
123949829	0	5143	3766	4047	5336
123949929	0	5129	3743	4042	5350
123950029	0	5143	3734	4014	5373
123950128	0	5143	3752	4010	5345
123950231	0	5120	3766	4057	5410
123950329	0	5143	3752	4042	5369
123950429	0	5162	3748	4042	5322
123950529	0	5115	3757	4019	5377
123950629	0	5139	3762	4033	5369
123950729	0	5111	3752	4033	5364
123950829	0	5115	3761	4024	5406
123950929	0	5143	3762	4024	5317
123951029	0	5172	3757	4057	5355
123951129	0	5134	3762	4019	5331
123951229	0	5115	3752	4066	5424
123951329	0	5129	3761	4038	5345
123951429	0	5167	3761	4028	5377
123951529	0	5115	3757	4014	5368
123951629	0	5143	3780	4061	5387
123951729	0	5148	3748	4047	5387
123951829	0	5129	3743	4042	5312
123951929	0	5134	3762	4042	5364
123952029	0	5139	3738	4057	5363
123952129	0	5153	3761	4024	5336
123952228	0	5153	3738	4033	5345
123952329	0	5129	3757	4033	5369
123952429	0	5129	3766	4005	5377
123952529	0	5167	3766	4047	5359
123952629	0	5158	3757	4033	5396
123952728	0	5158	3762	4033	5373
123952829	0	5158	3761	4047	5331
123952929	0	5139	3761	4057	5355
123953029	0	5129	3752	4033	5415
123953129	0	5129	3770	4033	5355
123953229	0	5129	3748	4010	5363
123953329	0	5143	3757	4042	5373
123953429	0	5092	3762	4024	5368
123953529	0	5115	3770	4057	5368
123953629	0	5139	3757	4010	5322
123953729	0	5134	3757	4075	5355
123953829	0	5134	3766	4014	5355
123953929	0	5158	3757	4014	5336
123954029	0	5139	3756	4024	5345
123954129	0	5148	3748	4024	5387
123954229	0	5115	3738	4042	5345
123954331	0	5134	3770	4033	5387
123954429	0	5153	3761	4033	5336
123954529	0	5148	3748	4033	5420
123954629	0	5134	3756	4061	5331
123954729	0	5148	3761	4024	5369
123954829	0	5139	3757	4033	5322
123954929	0	5153	3770	4047	5345
123955028	0	5158	3762	4014	5336
123955129	0	5115	3770	4010	5350
123955229	0	5139	3761	4010	5359
123955328	0	5120	3756	4014	5368
123955429	0	5139	3761	4010	5322
123955529	0	5129	3770	4033	5340
123955629	0	5153	3770	4019	5364
123955729	0	5143	3743	4033	5363
123955829	0	5139	3756	4024	5331
123955929	0	5125	3770	4010	5359
123956029	0	5162	3775	4014	5326
123956129	0	5129	3766	3996	5369
123956229	0	5143	3766	4000	5406
123956329	0	5115	3738	4024	5391
123956429	0	5115	3789	4028	5359
123956529	0	5129	3775	4038	5369
123956629	0	5148	3756	4047	5345
123956729	0	5129	3757	4005	5345
123956829	0	5143	3789	4042	5369
123956928	0	5115	3789	3986	5368
123957029	0	5167	3752	3996	5368
123957129	0	5125	3756	4042	5377
123957229	0	5162	3766	4014	5382
123957329	0	5176	3770	4019	5368
123957429	0	5162	3757	4014	5401
123957528	0	5148	3748	4014	5331
123957628	0	5162	3748	4000	5415
123957729	0	5111	3748	4038	5326
123957828	0	5162	3756	4047	5382
123957929	0	5120	3752	4047	5326
123958028	0	5148	3775	4028	5387
123958128	0	5134	3757	4042	5345
123958229	0	5162	3738	4052	5355
123958329	0	5129	3770	4028	5308
123958431	0	5134	3743	4038	5382
123958529	0	5153	3757	4024	5368
123958628	0	5125	3761	4057	5355
123958728	0	5134	3743	4038	5350
123958828	0	5143	3748	4061	5369
123958928	0	5162	3752	4042	5350
123959029	0	5115	3770	4033	5377
123959129	0	5148	3770	4033	5364
123959229	0	5139	3757	4042	5355
123959329	0	5148	3780	4033	5410
123959429	0	5143	3766	4042	5308
123959529	0	5158	3775	4061	5317
123959628	0	5125	3752	4014	5317
123959729	0	5143	3761	4033	5355
123959829	0	5153	3743	4042	5355
123959929	0	5125	3757	4028	5326
124000029	0	5139	3752	4057	5340
124000129	0	5143	3761	4024	5322
124000229	0	5129	3761	4038	5369
124000329	0	5162	3752	4042	5391
124000429	0	5134	3762	4028	5377
124000529	0	5134	3748	4028	5331
124000629	0	5148	3752	4047	5363
124000728	0	5148	3743	4071	5363
124000829	0	5125	3756	4061	5359
124000929	0	5143	3757	4071	5350
124001029	0	5143	3775	4019	5364
124001128	0	5115	3756	4052	5331
124001229	0	5153	3762	4071	5410
124001329	0	5148	3743	4038	5368
124001428	0	5129	3762	4057	5317
124001529	0	5134	3738	4014	5382
124001629	0	5129	3766	4033	5363
124001729	0	5120	3756	4057	5387
124001828	0	5158	3756	4019	5415
124001929	0	5148	3756	4010	5340
124002029	0	5162	3757	4047	5387
124002129	0	5143	3761	4024	5336
124002229	0	5153	3785	4038	5322
124002329	0	5143	3752	4010	5331
124002429	0	5139	3756	4028	5322
124002531	0	5148	3752	4052	5424
124002629	0	5134	3729	4019	5322
124002729	0	5148	3761	4038	5298
124002829	0	5129	3761	4024	5369
124002929	0	5125	3756	4019	5331
124003029	0	5143	3766	4066	5364
124003129	0	5153	3757	4033	5396
124003229	0	5162	3752	4052	5350
124003329	0	5134	3761	4019	5410
124003429	0	5101	3766	4061	5336
124003529	0	5129	3762	4033	5312
124003629	0	5125	3762	4014	5317
124003729	0	5167	3757	4066	5391
124003829	0	5111	3757	4019	5312
124003929	0	5139	3766	4042	5312
124004029	0	5153	3762	4028	5331
124004128	0	5129	3762	4024	5420
124004229	0	5115	3757	4038	5369
124004328	0	5143	3766	4028	5355
124004429	0	5153	3761	4033	5391
124004529	0	5106	3752	4042	5382
124004629	0	5139	3752	4024	5368
124004728	0	5125	3757	4010	5373
124004829	0	5139	3748	4066	5359
124004929	0	5111	3761	4024	5391
124005029	0	5115	3775	4047	5377
124005128	0	5162	3752	4047	5322
124005228	0	5139	3762	4057	5415
124005329	0	5143	3743	4052	5359
124005429	0	5134	3762	4042	5331
124005529	0	5129	3775	4028	5373
124005629	0	5148	3766	4047	5336
124005729	0	5167	3748	4028	5340
124005829	0	5134	3734	4038	5369
124005929	0	5134	3766	4038	5382
124006029	0	5139	3775	4042	5363
124006128	0	5139	3752	4052	5350
124006229	0	5162	3761	4028	5308
124006329	0	5158	3738	4033	5369
124006429	0	5143	3748	4014	5382
124006529	0	5134	3762	4014	5369
124006631	0	5143	3752	4033	5345
124006729	0	5167	3756	4033	5396
124006829	0	5101	3756	4019	5369
124006929	0	5120	3752	4024	5350
124007029	0	5139	3757	4019	5340
124007129	0	5143	3761	4033	5359
124007329	0	5139	3761	4052	5326
124007429	0	5120	3757	4028	5345
124007529	0	5115	3761	4066	5359
124007628	0	5167	3756	4038	5377
124007728	0	5153	3734	4033	5359
124007829	0	5143	3766	4028	5363
124007928	0	5125	3785	4010	5331
124008029	0	5106	3752	4033	5369
124008129	0	5148	3770	4010	5355
124008229	0	5143	3761	4042	5336
124008328	0	5115	3762	4024	5364
124008428	0	5120	3738	4057	5364
124008529	0	5125	3748	4028	5391
124008628	0	5129	3761	4042	5396
124008729	0	5139	3743	4033	5368
124008828	0	5134	3762	4028	5415
124008929	0	5148	3757	4024	5312
124009028	0	5158	3752	4057	5415
124009129	0	5139	3734	4042	5377
124009229	0	5125	3761	4033	5345
124009329	0	5134	3762	4038	5363
124009428	0	5139	3757	4033	5336
124009529	0	5111	3762	4038	5364
124009628	0	5134	3757	4047	5368
124009729	0	5148	3761	4038	5377
124009828	0	5134	3738	4038	5368
124009928	0	5129	3748	4047	5350
124010028	0	5148	3762	4028	5331
124010128	0	5139	3757	4033	5369
124010229	0	5134	3757	4024	5322
124010329	0	5139	3738	4028	5345
124010429	0	5134	3756	4033	5336
124010528	0	5139	3770	4014	5364
124010629	0	5129	3757	4010	5355
124010730	0	5111	3748	4038	5322
124010828	0	5120	3770	4052	5363
124010928	0	5134	3785	4005	5363
124011029	0	5134	3757	4024	5382
124011128	0	5115	3756	4019	5355
124011229	0	5143	3780	4000	5355
124011328	0	5153	3757	4033	5406
124011429	0	5134	3775	4038	5368
124011528	0	5139	3766	4028	5391
124011628	0	5139	3775	4047	5420
124011728	0	5139	3770	4047	5340
124011828	0	5139	3761	4052	5406
124011929	0	5139	3743	4014	5368
124012029	0	5143	3780	4038	5350
124012128	0	5148	3766	4038	5410
124012228	0	5139	3748	4038	5317
124012328	0	5158	3762	4028	5336
124012428	0	5143	3752	4038	5359
124012728	0	5153	3743	4052	5326
124012829	0	5134	3752	4042	5340
124012929	0	5120	3794	4038	5350
124013028	0	5148	3762	4066	5377
124013128	0	5134	3743	4038	5406
124013228	0	5148	3752	4038	5373
124013329	0	5139	3789	4038	5391
124013428	0	5139	3761	4024	5396
124013529	0	5148	3756	4075	5340
124013629	0	5143	3775	4014	5424
124013729	0	5106	3780	4019	5382
124013828	0	5153	3748	4066	5368
124013928	0	5120	3752	4024	5345
124014028	0	5158	3762	4019	5331
124014128	0	5125	3756	4024	5355
124014228	0	5139	3743	4038	5368
124014329	0	5139	3724	4038	5420
124014429	0	5101	3762	4024	5336
124014528	0	5167	3743	4038	5355
124014629	0	5139	3743	4014	5424
124014729	0	5158	3780	4042	5387
124014831	0	5139	3756	4028	5355
124015128	0	5153	3770	4047	5340
124015329	0	5153	3752	4057	5312
124015429	0	5139	3766	4042	5369
124015529	0	5153	3762	4042	5326
124015629	0	5134	3748	4028	5355
124015728	0	5153	3752	4028	5340
124015829	0	5143	3761	4033	5373
124015928	0	5139	3738	4047	5391
124016028	0	5111	3770	4047	5443
124016128	0	5148	3738	4019	5368
124016229	0	5129	3761	4047	5345
124016329	0	5139	3752	4071	5331
124016429	0	5153	3766	4024	5363
124016528	0	5134	3738	4024	5359
124016629	0	5139	3757	4061	5415
124016728	0	5148	3770	4052	5340
124016828	0	5153	3757	4057	5331
124016928	0	5115	3743	4024	5391
124017028	0	5158	3756	4014	5355
124017128	0	5120	3752	4038	5377
124017228	0	5143	3748	4024	5373
124017328	0	5158	3757	4028	5340
124017428	0	5153	3748	4010	5368
124017529	0	5134	3770	4047	5331
124017628	0	5153	3775	4052	5322
124017728	0	5129	3766	4061	5387
124017828	0	5139	3770	4052	5364
124017928	0	5148	3761	4024	5415
124018029	0	5139	3757	4014	5364
124018129	0	5129	3766	4042	5364
124018229	0	5148	3762	4024	5363
124018328	0	5134	3762	4033	5396
124018428	0	5167	3743	4042	5355
124018528	0	5111	3743	4024	5359
124018628	0	5134	3743	4033	5364
124018728	0	5139	3766	4005	5359
124018828	0	5139	3766	4019	5359
124018931	0	5139	3743	4024	5336
124019029	0	5115	3743	4038	5424
124019128	0	5143	3748	4010	5368
124019228	0	5115	3756	4042	5382
124019328	0	5153	3775	4052	5382
124019430	0	5148	3756	4033	5377
124019529	0	5139	3738	4010	5359
124019629	0	5129	3734	4005	5438
124019728	0	5148	3761	4000	5336
124019829	0	5120	3766	4019	5322
124019929	0	5125	3757	4019	5401
124020029	0	5148	3761	4028	5415
124020128	0	5143	3762	4033	5359
124020228	0	5143	3752	4019	5331
124020328	0	5148	3748	4038	5377
124020429	0	5106	3775	4042	5359
124020528	0	5134	3757	4042	5350
124020628	0	5120	3762	4000	5406
124020728	0	5153	3748	4038	5355
124020829	0	5111	3756	4066	5377
124020929	0	5139	3766	4042	5369
124021027	0	5134	3734	4052	5336
124021127	0	5167	3752	4042	5373
124021226	0	5106	3770	3996	5326
124021326	0	5134	3757	4028	5364
124021426	0	5143	3748	4005	5322
124021526	0	5139	3756	4033	5369
124021626	0	5106	3756	4028	5350
124021726	0	5134	3757	4042	5368
124021827	0	5158	3762	4038	5369
124021926	0	5129	3743	4019	5364
124022027	0	5106	3762	4028	5368
124022126	0	5139	3770	4047	5363
124022226	0	5148	3775	4028	5377
124022326	0	5143	3748	4042	5340
124022426	0	5106	3780	4038	5406
124022527	0	5125	3766	4024	5391
124022626	0	5148	3752	4047	5359
124022727	0	5129	3761	4014	5359
124022826	0	5148	3762	4038	5326
124022926	0	5143	3775	4005	5368
124023031	0	5134	3762	4038	5369
124023126	0	5125	3761	4033	5457
124023227	0	5125	3752	4005	5359
124023327	0	5125	3752	4024	5355
124023527	0	5125	3762	4042	5359
124023626	0	5134	3743	4024	5364
124023726	0	5148	3748	4024	5355
124023826	0	5143	3738	4042	5382
124023927	0	5129	3743	4028	5326
124024026	0	5125	3757	4042	5322
124024126	0	5153	3756	4038	5331
124024226	0	5143	3766	4075	5420
124024326	0	5143	3775	4024	5373
124024426	0	5101	3785	4024	5331
124024526	0	5148	3766	4005	5387
124024626	0	5143	3770	4028	5326
124024827	0	5143	3762	4038	5350
124024927	0	5129	3757	4042	5377
124025027	0	5134	3738	4019	5355
124025127	0	5129	3748	4014	5336
124025226	0	5162	3789	4042	5377
124025326	0	5111	3748	4028	5363
124025427	0	5158	3752	4047	5382
124025527	0	5148	3770	4028	5331
124025626	0	5101	3766	4019	5377
124025726	0	5129	3761	4057	5345
124025827	0	5139	3756	4038	5401
124025926	0	5139	3770	4019	5363
124026026	0	5125	3748	4000	5355
124026126	0	5134	3762	4028	5387
124026227	0	5092	3748	4024	5345
124026326	0	5148	3780	4028	5326
124026440	0	5158	3748	4028	5382
124026541	0	5143	3756	4005	5336
124026626	0	5111	3757	4028	5391
124026726	0	5125	3761	4010	5336
124026826	0	5120	3766	4010	5387
124026927	0	5134	3780	4038	5322
124027026	0	5106	3748	4038	5382
124027131	0	5143	3766	4024	5326
124027226	0	5134	3752	4028	5373
124027326	0	5143	3770	4047	5364
124027427	0	5134	3752	4028	5331
124027526	0	5115	3756	4000	5350
124027627	0	5087	3748	4047	5373
124027727	0	5139	3761	4019	5359
124027827	0	5143	3757	4047	5355
124027926	0	5139	3785	4028	5336
124028027	0	5129	3757	4038	5350
124028126	0	5162	3757	4028	5382
124028226	0	5143	3748	4019	5387
124028327	0	5120	3738	4047	5350
124028427	0	5125	3766	4010	5359
124028527	0	5139	3761	4014	5373
124028626	0	5134	3770	4033	5410
124028727	0	5139	3756	4057	5355
124028826	0	5106	3752	4028	5377
124028926	0	5129	3761	4019	5377
124029027	0	5134	3762	4019	5355
124029126	0	5143	3743	4038	5350
124029227	0	5139	3766	4014	5355
124029326	0	5139	3748	4014	5322
124029427	0	5120	3756	4010	5345
124029526	0	5139	3757	4033	5355
124029626	0	5143	3770	4038	5350
124029726	0	5139	3757	4038	5382
124029827	0	5115	3757	4038	5359
124029927	0	5153	3762	4052	5364
124030026	0	5134	3756	4071	5420
124030126	0	5148	3756	4042	5345
124030226	0	5115	3761	4033	5355
124030326	0	5139	3752	4042	5401
124030426	0	5158	3770	4028	5415
124030527	0	5139	3770	4066	5438
124030626	0	5134	3743	4028	5355
124030727	0	5158	3748	4061	5317
124030826	0	5153	3748	4042	5369
124030927	0	5125	3752	4033	5369
124031026	0	5139	3762	4005	5355
124031126	0	5125	3770	4042	5368
124031231	0	5139	3752	4066	5336
124031327	0	5115	3761	4014	5438
124031426	0	5125	3766	4061	5396
124031526	0	5125	3734	4010	5373
124031626	0	5101	3757	4024	5363
124031726	0	5158	3762	4033	5406
124031827	0	5120	3757	4005	5377
124031926	0	5158	3770	4028	5359
124032027	0	5148	3770	4042	5345
124032126	0	5153	3752	4019	5368
124032227	0	5143	3761	4075	5424
124032326	0	5158	3757	4028	5345
124032426	0	5129	3757	4024	5369
124032526	0	5120	3762	4028	5377
124032626	0	5153	3762	4019	5322
124032727	0	5158	3752	4014	5331
124032826	0	5153	3743	4061	5369
124032926	0	5134	3762	4028	5326
124033026	0	5158	3762	4028	5364
124033126	0	5139	3761	4033	5364
124033226	0	5120	3756	4042	5382
124033327	0	5125	3762	4038	5322
124033426	0	5167	3738	4033	5331
124033526	0	5172	3752	4033	5308
124033626	0	5134	3761	4019	5363
124033726	0	5167	3762	4019	5345
124033826	0	5139	3752	4047	5350
124033927	0	5148	3757	4047	5410
124034026	0	5087	3756	4042	5382
124034126	0	5125	3761	4024	5322
124034226	0	5129	3752	4042	5364
124034326	0	5148	3762	4014	5369
124034427	0	5111	3762	4057	5363
124034527	0	5115	3775	4024	5368
124034626	0	5162	3752	4033	5396
124034727	0	5158	3761	4042	5377
124034826	0	5139	3756	4047	5369
124034926	0	5148	3752	4038	5331
124035027	0	5148	3762	4057	5429
124035126	0	5129	3756	4014	5369
124035227	0	5148	3766	4047	5355
124035331	0	5172	3748	4042	5391
124035427	0	5162	3748	4052	5336
124035527	0	5158	3762	4042	5340
124035626	0	5158	3752	4028	5368
124035726	0	5153	3756	4052	5331
124035826	0	5134	3780	4038	5396
124035926	0	5139	3757	4028	5326
124036026	0	5143	3757	4024	5387
124036126	0	5172	3766	4024	5331
124036226	0	5106	3756	4028	5363
124036326	0	5158	3770	4024	5363
124036427	0	5139	3752	4042	5368
124036527	0	5115	3761	4010	5336
124036626	0	5148	3743	4071	5331
124036727	0	5106	3756	4000	5359
124036826	0	5148	3770	4033	5345
124036926	0	5120	3743	4042	5420
124037026	0	5158	3761	4038	5350
124037126	0	5139	3761	4028	5373
124037227	0	5134	3775	4052	5382
124037326	0	5148	3752	4033	5350
124037426	0	5143	3752	4024	5438
124037526	0	5153	3752	4038	5336
124037627	0	5129	3775	4038	5401
124037726	0	5148	3761	4033	5345
124037826	0	5172	3734	4038	5355
124037926	0	5106	3757	4038	5377
124038027	0	5162	3780	4019	5336
124038126	0	5139	3762	4024	5350
124038227	0	5139	3761	4014	5368
124038327	0	5148	3752	4061	5322
124038426	0	5125	3752	4038	5415
124038526	0	5143	3756	4057	5364
124038626	0	5143	3770	4033	5322
124038727	0	5134	3756	4024	5364
124038826	0	5167	3756	4024	5355
124038926	0	5143	3756	4033	5420
124039026	0	5158	3743	4028	5359
124039127	0	5139	3761	4033	5420
124039226	0	5139	3762	4038	5396
124039326	0	5120	3780	4052	5355
124039431	0	5139	3766	4024	5345
124039526	0	5148	3766	4000	5363
124039626	0	5153	3761	4019	5382
124039726	0	5139	3756	4024	5368
124039826	0	5143	3756	4033	5317
124039927	0	5115	3748	4038	5401
124040027	0	5143	3757	4010	5345
124040126	0	5153	3756	4033	5345
124040226	0	5120	3762	4042	5355
124040326	0	5167	3756	4033	5340
124040426	0	5158	3752	4024	5382
124040526	0	5129	3775	4033	5331
124040626	0	5134	3780	4033	5373
124040726	0	5134	3775	4005	5345
124040826	0	5139	3748	4024	5373
124040926	0	5125	3762	4028	5350
124041026	0	5143	3757	4028	5396
124041127	0	5143	3761	4066	5373
124041226	0	5148	3770	4038	5391
124041326	0	5139	3770	4038	5373
124041426	0	5125	3775	4010	5355
124041527	0	5115	3756	4019	5359
124041626	0	5139	3738	4033	5355
124041726	0	5153	3766	4038	5331
124041827	0	5148	3757	4080	5363
124041926	0	5162	3762	4024	5345
124042027	0	5143	3775	4052	5340
124042127	0	5129	3748	4038	5368
124042226	0	5125	3762	4019	5382
124042326	0	5153	3743	4057	5350
124042426	0	5153	3752	4042	5401
124042526	0	5129	3766	4042	5359
124042627	0	5115	3743	4057	5355
124042727	0	5125	3756	4024	5406
124042826	0	5125	3761	4019	5355
124042927	0	5111	3743	4028	5312
124043026	0	5129	3770	4028	5331
124043126	0	5120	3734	4047	5331
124043226	0	5129	3761	4019	5359
124043326	0	5148	3766	4024	5368
124043427	0	5162	3756	4019	5382
124043530	0	5139	3756	4042	5336
124043627	0	5167	3743	4033	5345
124043726	0	5134	3743	4024	5355
124043826	0	5111	3762	4042	5391
124043926	0	5134	3752	4024	5317
124044026	0	5129	3761	4038	5340
124044127	0	5125	3743	4028	5363
124044226	0	5129	3766	4047	5368
124044327	0	5162	3756	4014	5364
124044426	0	5143	3766	4038	5368
124044526	0	5167	3770	4038	5312
124044626	0	5134	3780	4033	5350
124044726	0	5101	3780	4057	5373
124044826	0	5125	3762	4042	5340
124044926	0	5158	3766	4014	5322
124045027	0	5129	3756	4019	5410
124045126	0	5158	3770	4010	5312
124045226	0	5134	3734	4005	5322
124045329	0	5148	3770	4038	5345
124045426	0	5120	3761	4071	5331
124045526	0	5143	3761	4024	5364
124045626	0	5134	3762	4019	5355
124045727	0	5115	3743	4024	5340
124045826	0	5148	3762	4042	5364
124045926	0	5143	3743	4038	5373
124046026	0	5134	3757	4028	5387
124046126	0	5148	3743	4047	5410
124046226	0	5134	3757	4052	5359
124046326	0	5153	3752	4028	5373
124046427	0	5106	3743	4038	5368
124046527	0	5162	3762	4042	5363
124046626	0	5101	3762	4057	5369
124046727	0	5143	3761	4038	5377
124046826	0	5162	3748	4057	5355
124046927	0	5162	3789	4014	5355
124047026	0	5143	3770	4005	5368
124047126	0	5129	3762	3991	5373
124047226	0	5101	3756	3977	5345
124047327	0	5134	3761	3996	5317
124047426	0	5115	3757	4005	5382
124047526	0	5148	3762	3986	5391
124047631	0	5120	3761	4028	5350
124047726	0	5153	3743	4028	5350
124047826	0	5129	3752	4047	5391
124047926	0	5125	3756	4042	5345
124048026	0	5148	3738	4057	5350
124048126	0	5139	3752	4038	5355
124048226	0	5115	3752	4047	5396
124048326	0	5134	3743	4042	5355
124048426	0	5148	3761	4085	5415
124048526	0	5143	3770	4057	5345
124048626	0	5148	3757	4038	5340
124048726	0	5139	3752	4066	5350
124048826	0	5134	3761	4033	5373
124048926	0	5125	3785	4075	5345
124049026	0	5172	3752	4052	5364
124049126	0	5167	3752	4066	5359
124049226	0	5162	3738	4028	5364
124049326	0	5148	3775	4038	5377
124049426	0	5162	3738	4038	5364
124049526	0	5125	3757	4042	5350
124049626	0	5143	3762	4033	5331
124049726	0	5172	3762	4038	5359
124049826	0	5106	3757	4024	5377
124049926	0	5139	3762	4014	5377
124050027	0	5129	3780	4042	5369
124050126	0	5143	3757	4028	5415
124050226	0	5129	3743	4038	5340
124050326	0	5153	3785	4033	5373
124050427	0	5111	3794	4019	5322
124050526	0	5106	3752	4019	5345
124050626	0	5111	3748	4033	5406
124050726	0	5134	3762	4033	5368
124050826	0	5143	3757	4024	5410
124050926	0	5134	3762	4038	5345
124051026	0	5143	3770	4052	5401
124051126	0	5120	3748	4033	5363
124051226	0	5134	3762	4033	5387
124051327	0	5115	3762	4010	5424
124051426	0	5134	3738	4014	5364
124051526	0	5120	3762	4024	5368
124051627	0	5125	3794	4052	5355
124051731	0	5181	3748	4033	5355
124051826	0	5148	3766	4028	5326
124051926	0	5097	3756	4042	5331
124052026	0	5153	3770	4057	5345
124052126	0	5115	3748	4028	5340
124052226	0	5129	3757	4024	5368
124052326	0	5129	3761	4038	5364
124052426	0	5097	3780	4033	5391
124052526	0	5120	3762	4033	5350
124052626	0	5111	3775	4042	5359
124052726	0	5120	3780	4019	5359
124052826	0	5139	3752	4028	5373
124052926	0	5129	3762	4024	5373
124053026	0	5111	3743	4042	5312
124053126	0	5115	3770	4052	5396
124053226	0	5139	3761	4024	5340
124053327	0	5167	3748	4038	5363
124053427	0	5134	3752	4042	5355
124053526	0	5106	3756	4028	5363
124053626	0	5120	3761	4038	5396
124053727	0	5143	3757	4038	5363
124053826	0	5115	3762	4038	5406
124053926	0	5139	3762	4038	5312
124054026	0	5101	3770	4052	5363
124054126	0	5120	3770	4038	5410
124054226	0	5148	3757	4042	5369
124054327	0	5153	3752	4057	5369
124054427	0	5148	3756	4038	5410
124054527	0	5148	3762	4033	5359
124054626	0	5125	3738	4028	5369
124054726	0	5134	3766	4038	5350
124054826	0	5139	3752	4033	5364
124054927	0	5143	3756	4024	5340
124055026	0	5158	3756	4057	5391
124055127	0	5129	3748	4061	5429
124055226	0	5115	3785	4052	5406
124055326	0	5158	3757	4033	5373
124055426	0	5158	3775	4042	5406
124055526	0	5139	3757	4042	5373
124055626	0	5134	3738	4033	5401
124055726	0	5148	3757	4038	5373
124055830	0	5162	3729	4038	5369
124055926	0	5143	3752	4047	5340
124056026	0	5153	3770	4057	5368
124056127	0	5125	3756	4024	5401
124056227	0	5148	3757	4061	5350
124056327	0	5167	3752	4010	5331
124056426	0	5134	3743	4033	5373
124056726	0	5115	3752	4014	5377
124056826	0	5143	3748	4024	5326
124056926	0	5148	3719	4024	5340
124057026	0	5129	3738	4066	5387
124057126	0	5120	3757	4019	5359
124057226	0	5134	3761	4024	5317
124057327	0	5120	3770	4047	5363
124057426	0	5134	3761	4028	5373
124057526	0	5129	3757	4038	5429
124057626	0	5139	3757	4042	5369
124057726	0	5148	3780	4038	5368
124057826	0	5129	3766	4014	5350
124057926	0	5153	3770	4061	5317
124058026	0	5120	3761	4057	5363
124058126	0	5153	3789	4019	5401
124058226	0	5139	3770	4066	5345
124058326	0	5148	3762	4038	5350
124058426	0	5125	3761	4028	5364
124058527	0	5162	3762	4033	5387
124058627	0	5148	3734	4047	5331
124058726	0	5153	3748	4033	5355
124058826	0	5134	3762	4019	5410
124058926	0	5139	3761	4047	5377
124059026	0	5153	3734	4038	5406
124059126	0	5129	3738	4019	5410
124059226	0	5111	3757	4033	5345
124059326	0	5134	3743	4024	5355
124059426	0	5143	3757	4052	5377
124059526	0	5143	3780	4033	5391
124059626	0	5111	3757	4042	5350
124059726	0	5111	3756	4052	5373
124059826	0	5134	3757	4038	5364
124059930	0	5120	3748	4033	5363
124100026	0	5143	3748	4000	5331
124100126	0	5148	3752	4014	5364
124100226	0	5148	3761	4061	5368
124100326	0	5134	3756	4019	5363
124100426	0	5139	3775	4024	5368
124100527	0	5153	3752	4014	5391
124100626	0	5125	3757	4042	5363
124100726	0	5148	3794	4038	5312
124100826	0	5120	3756	4038	5359
124100926	0	5129	3756	4052	5345
124101026	0	5106	3756	4033	5340
124101126	0	5139	3766	4047	5326
124101226	0	5143	3748	4014	5363
124101326	0	5143	3734	4010	5364
124101426	0	5134	3756	4024	5359
124101526	0	5125	3757	4042	5331
124101626	0	5125	3743	4038	5410
124101726	0	5120	3738	4024	5345
124101826	0	5148	3766	4033	5377
124101926	0	5134	3770	4033	5345
124102026	0	5143	3752	4028	5340
124102126	0	5153	3775	4057	5434
124102226	0	5153	3757	4042	5359
124102326	0	5129	3752	4042	5364
124102426	0	5134	3757	4038	5387
124102526	0	5134	3757	4019	5355
124102626	0	5111	3756	4042	5345
124102727	0	5162	3757	4038	5355
124102826	0	5125	3761	4042	5359
124102926	0	5129	3752	4000	5345
124103026	0	5143	3748	4033	5373
124103126	0	5143	3756	4028	5345
124103226	0	5129	3752	4042	5317
124103326	0	5092	3738	4042	5391
124103426	0	5148	3752	4061	5363
124103526	0	5134	3766	4071	5322
124103626	0	5134	3762	4024	5369
124103726	0	5129	3766	4057	5322
124103826	0	5148	3752	4010	5359
124103926	0	5125	3766	4014	5364
124104030	0	5148	3762	4010	5396
124104126	0	5129	3762	4019	5350
124104226	0	5139	3762	4000	5369
124104326	0	5158	3770	4014	5363
124104426	0	5153	3757	4000	5345
124104526	0	5139	3738	4033	5373
124104626	0	5139	3766	4033	5322
124104726	0	5129	3743	4000	5331
124104826	0	5120	3756	4038	5368
124104926	0	5120	3761	4024	5359
124105026	0	5115	3743	4014	5350
124105126	0	5134	3748	4038	5373
124105226	0	5139	3785	4019	5336
124105326	0	5129	3766	4042	5363
124105426	0	5148	3766	4028	5369
124105526	0	5097	3757	4038	5369
124105626	0	5143	3762	4019	5401
124105726	0	5143	3756	4019	5359
124105826	0	5120	3762	4033	5363
124105927	0	5158	3756	4024	5387
124106026	0	5111	3761	4019	5359
124106126	0	5120	3757	4047	5355
124106226	0	5139	3770	4033	5355
124106326	0	5148	3762	4052	5382
124106426	0	5134	3752	4033	5363
124106526	0	5129	3762	4038	5340
124106626	0	5115	3752	4033	5363
124106726	0	5115	3762	4038	5396
124106826	0	5120	3738	4047	5336
124106926	0	5143	3757	4061	5410
124107026	0	5153	3756	4033	5364
124107126	0	5139	3757	4047	5359
124107226	0	5148	3757	4047	5350
124107326	0	5115	3766	4028	5382
124107426	0	5148	3757	4033	5359
124107526	0	5129	3766	4033	5336
124107626	0	5143	3766	4042	5391
124107726	0	5111	3743	4052	5355
124107826	0	5143	3752	4042	5377
124107926	0	5172	3756	4071	5369
124108026	0	5139	3762	4010	5364
124108130	0	5176	3757	4047	5368
124108226	0	5134	3752	4014	5355
124108326	0	5143	3780	4024	5377
124108426	0	5143	3756	4024	5420
124108526	0	5111	3756	4047	5350
124108626	0	5143	3743	4052	5373
124108726	0	5125	3752	4005	5322
124108826	0	5120	3766	4019	5336
124108926	0	5106	3775	4024	5382
124109026	0	5143	3762	4033	5373
124109126	0	5148	3762	4052	5317
124109226	0	5125	3762	4010	5373
124109326	0	5148	3762	4047	5391
124109426	0	5106	3770	4019	5382
124109526	0	5167	3757	4019	5355
124109626	0	5139	3775	4014	5364
124109726	0	5129	3775	4014	5363
124109826	0	5148	3756	4024	5336
124109926	0	5148	3757	4028	5331
124110026	0	5148	3766	4038	5340
124110126	0	5125	3762	4033	5359
124110226	0	5115	3766	4057	5401
124110326	0	5129	3756	4019	5355
124110426	0	5139	3757	3991	5382
124110526	0	5172	3748	4014	5364
124110626	0	5162	3756	4038	5406
124110726	0	5153	3762	4061	5368
124110826	0	5143	3761	4033	5396
124110926	0	5139	3770	4057	5331
124111026	0	5153	3756	4071	5345
124111126	0	5129	3752	4014	5382
124111229	0	5143	3757	4014	5415
124111326	0	5115	3738	4033	5336
124111426	0	5143	3743	4024	5373
124111526	0	5143	3775	4052	5387
124111626	0	5111	3762	4038	5364
124111726	0	5129	3785	4047	5368
124111826	0	5120	3761	4024	5382
124111926	0	5106	3743	4019	5326
124112026	0	5106	3757	4038	5350
124112125	0	5106	3775	4042	5368
124112230	0	5134	3761	4038	5387
124112326	0	5129	3752	4047	5438
124112426	0	5106	3756	4028	5364
124112526	0	5148	3762	4038	5368
124112626	0	5106	3757	4014	5336
124112726	0	5148	3748	4038	5331
124112826	0	5139	3766	4024	5420
124112926	0	5125	3762	4052	5373
124113026	0	5087	3743	4047	5355
124113125	0	5129	3748	4042	5406
124113226	0	5153	3757	4038	5336
124113426	0	5125	3761	4047	5424
124113525	0	5125	3748	4047	5368
124113626	0	5148	3756	4033	5340
124113726	0	5129	3761	4024	5359
124113826	0	5153	3766	4028	5350
124113926	0	5153	3756	4033	5326
124114026	0	5158	3734	4019	5391
124114126	0	5143	3752	4057	5420
124114226	0	5134	3743	4024	5406
124114326	0	5134	3761	4052	5331
124114426	0	5148	3756	4033	5355
124114526	0	5181	3752	4033	5322
124114626	0	5134	3757	4033	5340
124114726	0	5158	3775	4033	5355
124114826	0	5139	3752	4019	5410
124114926	0	5158	3748	4019	5368
124115026	0	5158	3752	4047	5368
124115126	0	5111	3770	4028	5331
124115226	0	5139	3738	4042	5369
124115326	0	5139	3752	4019	5331
124115426	0	5158	3762	4028	5350
124115526	0	5120	3770	4028	5391
124115626	0	5120	3762	4024	5396
124115726	0	5120	3757	4028	5331
124115826	0	5139	3762	4042	5369
124115926	0	5139	3748	4042	5364
124116026	0	5148	3780	4047	5387
124116126	0	5139	3738	4061	5350
124116226	0	5111	3761	4042	5363
124116330	0	5106	3766	4047	5331
124116426	0	5125	3752	4019	5406
124116526	0	5139	3757	4052	5363
124116626	0	5134	3748	4028	5345
124116726	0	5125	3757	4057	5359
124116826	0	5139	3756	4052	5345
124116926	0	5125	3785	4047	5336
124117026	0	5129	3766	4075	5364
124117126	0	5153	3756	4024	5377
124117226	0	5158	3762	4042	5373
124117326	0	5153	3743	4038	5350
124117426	0	5139	3762	4038	5340
124117526	0	5129	3748	4066	5345
124117626	0	5153	3770	4047	5350
124117726	0	5115	3738	4024	5415
124117826	0	5120	3756	4028	5345
124117926	0	5158	3785	4028	5363
124118026	0	5153	3761	4033	5364
124118126	0	5162	3756	4038	5345
124118226	0	5148	3757	4000	5355
124118326	0	5115	3757	4042	5382
124118426	0	5139	3752	4042	5345
124118526	0	5134	3756	4019	5340
124118626	0	5143	3775	4052	5345
124118726	0	5134	3748	4038	5369
124118826	0	5115	3761	4028	5391
124118926	0	5143	3766	4047	5340
124119026	0	5125	3761	4033	5363
124119126	0	5120	3756	4033	5322
124119226	0	5125	3743	4047	5355
124119326	0	5143	3757	4028	5355
124119426	0	5097	3756	4061	5340
124119526	0	5115	3743	4024	5359
124119626	0	5167	3761	4028	5368
124119726	0	5158	3762	4010	5345
124119826	0	5120	3748	4042	5396
124119926	0	5129	3762	4000	5345
124120026	0	5139	3775	4033	5373
124120126	0	5143	3757	4066	5396
124120226	0	5129	3743	4061	5391
124120326	0	5106	3743	4052	5391
124120430	0	5115	3770	4038	5373
124120525	0	5148	3770	4061	5382
124120626	0	5143	3762	4019	5406
124120726	0	5097	3766	4038	5331
124120825	0	5125	3748	4033	5363
124120926	0	5097	3794	4019	5364
124121026	0	5143	3757	4047	5382
124121126	0	5115	3756	4014	5350
124121226	0	5162	3752	4028	5336
124121326	0	5111	3766	4010	5340
124121425	0	5158	3752	4028	5377
124121526	0	5115	3761	4057	5359
124121626	0	5139	3785	4052	5340
124121725	0	5139	3789	4028	5364
124121826	0	5153	3780	4080	5391
124121926	0	5125	3748	4052	5420
124122026	0	5158	3738	4028	5420
124122126	0	5129	3743	4047	5345
124122226	0	5167	3752	4052	5355
124122326	0	5158	3766	4057	5359
124122426	0	5129	3766	4052	5373
124122525	0	5148	3762	4057	5364
124122626	0	5158	3752	4047	5368
124122725	0	5139	3743	4042	5369
124122826	0	5143	3766	4047	5387
124122926	0	5115	3743	4047	5345
124123026	0	5129	3752	4047	5457
124123126	0	5125	3748	4057	5401
124123226	0	5148	3761	4080	5368
124123326	0	5134	3761	4057	5363
124123426	0	5139	3752	4033	5387
124123525	0	5134	3762	4057	5355
124123626	0	5134	3766	4042	5355
124123726	0	5115	3752	4057	5406
124123826	0	5139	3762	4052	5387
124123926	0	5143	3743	4028	5345
124124026	0	5134	3757	4028	5363
124124125	0	5134	3770	4075	5369
124124226	0	5162	3770	4052	5331
124124325	0	5143	3761	4057	5387
124124426	0	5139	3766	4024	5359
124124528	0	5125	3748	4042	5377
124124625	0	5125	3762	4042	5369
124124726	0	5139	3748	4038	5382
124124825	0	5153	3743	4024	5369
124124925	0	5148	3766	4038	5350
124125026	0	5158	3748	4042	5382
124125126	0	5120	3757	4033	5391
124125225	0	5143	3761	4019	5340
124125326	0	5158	3757	4042	5382
124125426	0	5129	3761	4033	5406
124125525	0	5148	3766	4028	5350
124125626	0	5158	3757	4052	5363
124125726	0	5139	3752	4042	5336
124125826	0	5129	3748	4038	5350
124125926	0	5148	3762	4038	5369
124126026	0	5143	3762	4057	5377
124126126	0	5158	3761	4052	5355
124126225	0	5143	3757	4038	5415
124126325	0	5143	3752	4024	5359
124126426	0	5162	3738	4038	5382
124126525	0	5148	3752	4024	5410
124126626	0	5167	3757	4028	5355
124126726	0	5129	3748	4038	5420
124126826	0	5148	3748	4047	5377
124126926	0	5139	3761	4094	5322
124127026	0	5158	3789	4047	5377
124127126	0	5134	3734	4052	5448
124127225	0	5153	3756	4057	5368
124127326	0	5158	3780	4033	5369
124127426	0	5143	3762	4033	5382
124127526	0	5162	3762	4028	5415
124127626	0	5148	3761	4038	5359
124127725	0	5158	3757	4038	5415
124127826	0	5153	3743	4038	5359
124127926	0	5139	3734	4038	5368
124128025	0	5139	3756	4024	5359
124128126	0	5158	3762	4047	5322
124128226	0	5153	3761	4010	5340
124128326	0	5162	3752	4024	5340
124128426	0	5111	3770	4047	5331
124128526	0	5143	3748	4047	5336
124128629	0	5120	3752	4010	5377
124128725	0	5162	3794	4033	5359
124128826	0	5129	3738	4042	5336
124128926	0	5172	3738	4038	5368
124129026	0	5129	3770	4038	5345
124129126	0	5167	3743	4052	5391
124129226	0	5143	3789	4042	5369
124129326	0	5153	3743	4014	5350
124129426	0	5162	3757	4028	5359
124129525	0	5139	3762	4033	5369
124129626	0	5143	3766	4042	5369
124129726	0	5139	3761	4019	5336
124129826	0	5148	3762	4047	5391
124129926	0	5134	3761	4042	5368
124130026	0	5148	3752	4038	5355
124130226	0	5148	3729	4028	5364
124130326	0	5139	3748	4000	5391
124130426	0	5106	3770	4024	5355
124130526	0	5134	3762	4038	5377
124130626	0	5134	3761	4052	5369
124130725	0	5139	3780	4042	5326
124130826	0	5148	3743	4052	5312
124130926	0	5111	3761	4038	5326
124131026	0	5134	3762	4061	5363
124131125	0	5129	3761	4042	5336
124131226	0	5129	3766	4038	5382
124131326	0	5167	3762	4057	5391
124131425	0	5129	3761	4052	5420
124131526	0	5120	3762	4057	5396
124131626	0	5143	3762	4038	5382
124131726	0	5139	3757	4019	5336
124131826	0	5129	3752	4019	5373
124131926	0	5139	3775	4047	5401
124132026	0	5162	3748	4014	5368
124132126	0	5158	3761	4042	5369
124132225	0	5115	3762	4033	5340
124132326	0	5139	3766	3991	5312
124132425	0	5139	3756	4019	5308
124132525	0	5158	3756	4052	5391
124132625	0	5153	3761	4010	5401
124132730	0	5115	3761	4042	5382
124132825	0	5120	3770	4047	5364
124132925	0	5195	3748	4028	5382
124133025	0	5162	3766	4057	5396
124133126	0	5139	3752	4028	5415
124133226	0	5148	3775	4061	5401
124133325	0	5153	3761	4047	5382
124133425	0	5106	3752	4057	5363
124133525	0	5139	3752	4033	5350
124133625	0	5143	3734	4061	5368
124133726	0	5125	3780	4042	5336
124133825	0	5148	3785	4052	5359
124133925	0	5139	3748	4028	5322
124134025	0	5139	3770	4033	5410
124134126	0	5120	3761	4033	5345
124134225	0	5092	3770	4024	5382
124134326	0	5129	3770	4052	5336
124134425	0	5134	3785	4066	5355
124134526	0	5148	3775	4038	5340
124134626	0	5129	3780	4000	5359
124134726	0	5111	3789	4014	5377
124134826	0	5129	3789	4010	5336
124134926	0	5115	3794	4033	5350
124135026	0	5134	3743	4028	5317
124135125	0	5148	3780	4038	5377
124135225	0	5125	3766	4000	5364
124135326	0	5129	3756	4057	5424
124135426	0	5139	3770	4019	5340
124135526	0	5139	3785	4024	5363
124135625	0	5120	3756	4038	5369
124135726	0	5134	3738	4061	5336
124135826	0	5153	3757	4052	5396
124135925	0	5129	3752	4038	5345
124136026	0	5134	3752	4033	5396
124136126	0	5158	3743	4052	5326
124136226	0	5106	3770	4033	5364
124136326	0	5125	3762	4047	5326
124136426	0	5097	3738	4014	5336
124136525	0	5162	3743	4033	5382
124136625	0	5143	3752	4042	5377
124136725	0	5120	3762	4033	5340
124136830	0	5125	3762	3996	5401
124136925	0	5134	3748	4019	5345
124137026	0	5120	3785	4010	5317
124137130	0	5125	3761	4005	5410
124137226	0	5111	3752	4038	5369
124137325	0	5139	3752	4028	5350
124137426	0	5139	3743	4047	5377
124137525	0	5143	3761	4052	5317
124137626	0	5158	3743	4010	5345
124137726	0	5115	3743	4024	5368
124137826	0	5139	3748	4033	5322
124137926	0	5129	3729	4033	5377
124138025	0	5153	3752	4033	5415
124138126	0	5120	3748	4057	5369
124138225	0	5153	3756	3991	5326
124138326	0	5148	3766	4000	5368
124138426	0	5115	3761	4024	5340
124138526	0	5143	3775	4061	5429
124138625	0	5115	3752	4047	5363
124138726	0	5158	3756	4024	5443
124138826	0	5125	3761	4024	5331
124138925	0	5129	3780	4005	5345
124139026	0	5129	3762	4024	5396
124139125	0	5143	3762	4042	5369
124139226	0	5143	3757	4014	5326
124139326	0	5143	3762	4052	5345
124139425	0	5120	3766	4019	5336
124139525	0	5158	3756	4038	5359
124139625	0	5115	3762	4042	5331
124139725	0	5148	3770	4033	5350
124139826	0	5148	3748	4066	5368
124139925	0	5148	3748	4047	5322
124140025	0	5153	3757	4033	5391
124140126	0	5134	3756	4014	5377
124140226	0	5148	3762	4042	5406
124140326	0	5162	3780	4028	5420
124140426	0	5158	3770	4038	5336
124140526	0	5143	3762	4033	5359
124140625	0	5115	3766	4033	5391
124140726	0	5143	3748	4042	5434
124140825	0	5129	3766	4033	5396
124140929	0	5158	3748	4038	5415
124141026	0	5143	3762	4038	5368
124141126	0	5134	3748	4047	5326
124141225	0	5120	3762	4052	5382
124141325	0	5125	3757	4042	5363
124141425	0	5092	3748	4010	5326
124141525	0	5125	3766	4057	5369
124141626	0	5143	3752	4028	5345
124141725	0	5115	3780	4047	5363
124141825	0	5134	3775	4033	5410
124141926	0	5106	3761	4033	5340
124142025	0	5139	3761	4052	5396
124142126	0	5153	3766	4005	5373
124142227	0	5087	3762	4052	5364
124142325	0	5125	3756	4033	5345
124142425	0	5115	3766	4047	5336
124142525	0	5134	3756	4047	5377
124142625	0	5139	3757	4052	5434
124142725	0	5129	3766	4024	5401
124142825	0	5125	3757	4052	5415
124142925	0	5162	3766	4038	5363
124143025	0	5129	3770	4038	5401
124143126	0	5129	3770	4028	5326
124143225	0	5134	3770	4042	5364
124143326	0	5162	3748	4042	5340
124143425	0	5129	3757	4052	5355
124143525	0	5120	3785	4038	5363
124143625	0	5115	3757	4052	5410
124143926	0	5148	3762	4047	5387
124144025	0	5139	3780	4033	5350
124144125	0	5143	3757	4028	5382
124144226	0	5143	3766	4042	5317
124144326	0	5148	3775	4038	5355
124144438	0	5129	3761	4033	5355
124144537	0	5134	3752	4061	5331
124144626	0	5143	3761	4047	5373
124144726	0	5134	3770	4057	5350
124144825	0	5129	3757	4057	5401
124144925	0	5125	3770	4052	5382
124145029	0	5129	3775	4066	5401
124145126	0	5153	3770	4057	5401
124145226	0	5143	3761	4014	5368
124145326	0	5148	3752	4042	5368
124145426	0	5129	3775	4047	5429
124145525	0	5158	3762	4024	5331
124145625	0	5153	3748	4033	5340
124145726	0	5158	3761	4038	5373
124145825	0	5148	3752	4024	5391
124145926	0	5158	3743	4024	5377
124146025	0	5162	3757	4033	5363
124146126	0	5143	3743	4042	5312
124146225	0	5115	3748	4057	5355
124146325	0	5134	3752	4057	5345
124146426	0	5143	3762	4033	5355
124146525	0	5129	3762	4057	5382
124146626	0	5097	3738	4038	5359
124146725	0	5139	3757	4024	5350
124146826	0	5101	3752	4042	5387
124146926	0	5143	3757	4047	5373
124147025	0	5167	3766	4014	5355
124147126	0	5125	3756	4042	5340
124147226	0	5158	3743	4024	5387
124147326	0	5167	3738	4042	5364
124147425	0	5111	3762	4052	5410
124147526	0	5111	3766	4052	5317
124147626	0	5148	3748	4028	5368
124147726	0	5129	3762	4024	5350
124147825	0	5134	3757	4047	5364
124147925	0	5115	3761	4052	5406
124148025	0	5115	3762	4033	5340
124148126	0	5129	3757	4042	5336
124148226	0	5148	3756	4042	5326
124148325	0	5148	3752	4033	5355
124148425	0	5148	3762	4052	5359
124148526	0	5158	3775	4033	5401
124148625	0	5148	3761	4042	5391
124148725	0	5148	3775	4028	5373
124148826	0	5153	3762	4047	5359
124148926	0	5143	3775	4028	5364
124149025	0	5148	3761	4038	5368
124149129	0	5129	3757	4038	5382
124149226	0	5129	3766	4052	5364
124149325	0	5129	3785	4042	5368
124149425	0	5139	3752	4052	5387
124149526	0	5139	3770	4061	5331
124149625	0	5139	3757	4014	5373
124149725	0	5143	3738	4005	5336
124149825	0	5139	3775	4033	5336
124149926	0	5148	3762	4033	5377
124150026	0	5106	3757	4038	5345
124150125	0	5134	3738	4042	5364
124150226	0	5148	3785	4028	5391
124150326	0	5125	3756	4057	5368
124150425	0	5097	3743	4024	5336
124150525	0	5162	3780	4047	5345
124150626	0	5134	3752	4024	5391
124150725	0	5139	3770	4047	5420
124150826	0	5111	3757	4042	5308
124150925	0	5153	3761	4019	5369
124151026	0	5129	3756	4061	5391
124151125	0	5129	3743	4042	5359
124151225	0	5120	3761	4024	5359
124151326	0	5115	3752	4042	5312
124151426	0	5129	3756	4014	5326
124151525	0	5167	3757	4010	5350
124151625	0	5148	3766	4038	5350
124151725	0	5139	3757	4057	5364
124151826	0	5143	3762	4033	5359
124151926	0	5143	3780	4000	5369
124152026	0	5139	3761	4042	5345
124152126	0	5143	3762	4033	5355
124152226	0	5120	3770	4038	5350
124152325	0	5153	3766	4042	5359
124152426	0	5153	3766	4042	5359
124152525	0	5129	3761	4028	5429
124152625	0	5115	3780	4047	5359
124152725	0	5143	3757	4019	5336
124152826	0	5148	3757	4052	5396
124152925	0	5125	3789	4033	5377
124153026	0	5153	3757	4042	5345
124153125	0	5143	3761	4038	5359
124153230	0	5139	3761	4057	5410
124153325	0	5186	3761	4052	5364
124153425	0	5143	3766	4033	5410
124153525	0	5115	3752	4047	5415
124153626	0	5097	3757	4052	5363
124153726	0	5153	3770	4042	5377
124153825	0	5158	3775	4038	5355
124153925	0	5153	3743	4024	5331
124154026	0	5162	3766	4047	5368
124154125	0	5148	3775	4024	5345
124154226	0	5120	3762	4028	5355
124154326	0	5134	3761	4042	5364
124154425	0	5143	3770	4038	5396
124154525	0	5143	3761	4033	5355
124154625	0	5120	3757	4042	5350
124154725	0	5158	3770	4038	5336
124154825	0	5148	3762	4052	5350
124154926	0	5143	3780	4038	5363
124155026	0	5158	3757	4042	5350
124155126	0	5148	3766	4038	5312
124155225	0	5148	3743	4042	5377
124155326	0	5139	3761	4033	5373
124155426	0	5125	3748	4042	5355
124155525	0	5125	3757	4033	5359
124155625	0	5143	3766	4042	5368
124155726	0	5129	3799	4024	5350
124155825	0	5134	3799	4066	5364
124155925	0	5129	3770	4033	5355
124156025	0	5125	3766	4047	5364
124156125	0	5129	3757	4038	5377
124156226	0	5115	3757	4042	5373
124156325	0	5129	3761	4042	5340
124156426	0	5115	3770	4028	5406
124156525	0	5134	3785	4028	5340
124156625	0	5134	3756	4028	5387
124156726	0	5148	3756	4000	5373
124156825	0	5148	3785	4061	5387
124156925	0	5125	3789	4042	5424
124157025	0	5120	3762	4042	5391
124157125	0	5134	3762	4028	5369
124157225	0	5139	3756	4047	5373
124157329	0	5162	3775	4042	5322
124157425	0	5143	3789	4061	5406
124157525	0	5143	3766	4028	5377
124157625	0	5139	3775	4038	5336
124157726	0	5176	3762	4033	5369
124157826	0	5120	3752	4028	5350
124157926	0	5120	3752	4005	5368
124158025	0	5125	3766	4047	5359
124158125	0	5148	3748	4038	5326
124158226	0	5134	3748	4042	5350
124158425	0	5134	3762	4038	5331
124158525	0	5134	3770	4042	5331
124158626	0	5139	3761	4019	5364
124158725	0	5143	3752	4052	5355
124158825	0	5143	3762	4057	5359
124158925	0	5143	3766	4024	5355
124159025	0	5153	3743	4038	5364
124159126	0	5134	3738	4033	5322
124159225	0	5125	3757	4066	5368
124159325	0	5125	3757	4019	5359
124159425	0	5139	3757	4024	5359
124159526	0	5143	3761	4014	5355
124159626	0	5148	3748	4024	5406
124159725	0	5120	3780	4010	5406
124159825	0	5148	3775	4033	5322
124159925	0	5134	3780	4028	5387
124200026	0	5143	3770	4014	5406
124200126	0	5162	3770	4042	5355
124200225	0	5129	3780	4057	5364
124200326	0	5148	3785	4019	5359
124200425	0	5120	3752	4019	5312
124200525	0	5148	3757	4005	5410
124200625	0	5143	3770	4019	5410
124200726	0	5139	3752	4038	5364
124200825	0	5092	3775	4052	5363
124200925	0	5134	3752	4042	5401
124201025	0	5143	3761	4052	5355
124201125	0	5115	3789	4066	5350
124201225	0	5139	3757	4033	5369
124201325	0	5134	3770	4038	5322
124201430	0	5148	3762	4038	5387
124201525	0	5153	3766	4052	5424
124201625	0	5162	3761	4024	5340
124201726	0	5120	3761	4047	5340
124201825	0	5139	3762	4024	5369
124201925	0	5158	3762	4052	5359
124202026	0	5143	3757	4061	5396
124202125	0	5125	3748	4052	5377
124202225	0	5143	3766	4033	5429
124202325	0	5143	3775	4033	5415
124202426	0	5143	3780	4052	5406
124202526	0	5158	3775	4057	5368
124202626	0	5153	3762	4038	5387
124202725	0	5134	3738	4042	5369
124202825	0	5134	3770	4019	5363
124202925	0	5101	3766	4052	5363
124203026	0	5158	3762	4042	5336
124203125	0	5134	3761	4052	5406
124203225	0	5143	3766	4028	5364
124203325	0	5129	3775	4010	5322
124203425	0	5162	3756	4052	5377
124203526	0	5148	3748	4047	5391
124203626	0	5125	3762	4028	5382
124203725	0	5120	3748	4019	5382
124203826	0	5139	3738	4042	5331
124203925	0	5139	3757	4038	5368
124204025	0	5115	3756	4024	5387
124204126	0	5125	3761	4028	5350
124204226	0	5139	3756	4038	5326
124204325	0	5111	3761	4038	5322
124204426	0	5111	3762	4028	5322
124204526	0	5139	3761	4019	5377
124204626	0	5143	3780	4024	5336
124204725	0	5125	3762	4000	5363
124204825	0	5125	3757	4038	5368
124204926	0	5143	3762	4052	5368
124205026	0	5139	3770	4038	5420
124205125	0	5158	3770	4042	5322
124205225	0	5125	3770	4066	5382
124205326	0	5134	3752	4047	5401
124205425	0	5139	3757	4042	5429
124205530	0	5134	3761	4061	5345
124205625	0	5134	3770	4047	5345
124205726	0	5120	3756	4047	5369
124205825	0	5120	3775	4042	5359
124205926	0	5129	3766	4052	5368
124206026	0	5115	3743	4033	5340
124206125	0	5115	3757	4014	5322
124206225	0	5139	3766	4038	5317
124206325	0	5120	3748	4028	5401
124206425	0	5120	3762	4047	5382
124206526	0	5125	3756	4066	5345
124206625	0	5129	3762	4033	5368
124206725	0	5111	3752	4028	5401
124206826	0	5134	3743	4024	5396
124206925	0	5139	3775	4047	5382
124207025	0	5129	3770	4052	5364
124207125	0	5148	3762	4047	5401
124207225	0	5120	3770	4033	5424
124207325	0	5097	3743	4033	5415
124207425	0	5125	3761	4024	5336
124207526	0	5120	3761	4038	5345
124207625	0	5139	3780	4019	5345
124207726	0	5115	3748	4047	5355
124207825	0	5115	3766	4047	5382
124207925	0	5162	3780	4038	5331
124208025	0	5139	3785	4024	5303
124208125	0	5139	3757	4047	5336
124208225	0	5120	3752	4038	5336
124208325	0	5143	3761	4038	5355
124208426	0	5167	3766	4033	5363
124208526	0	5134	3775	4033	5340
124208626	0	5120	3762	4033	5387
124208725	0	5129	3748	4024	5373
124208825	0	5139	3761	4038	5345
124208925	0	5153	3752	4038	5387
124209025	0	5115	3761	4000	5326
124209125	0	5129	3770	4024	5406
124209225	0	5125	3752	4042	5396
124209325	0	5129	3785	4042	5369
124209425	0	5148	3748	4033	5368
124209525	0	5115	3748	4038	5350
124209629	0	5134	3761	4057	5317
124209725	0	5139	3761	4028	5368
124209825	0	5153	3770	4052	5377
124209926	0	5143	3748	4052	5387
124210025	0	5143	3770	4042	5350
124210126	0	5129	3785	4033	5377
124210225	0	5129	3762	4024	5387
124210325	0	5143	3775	4052	5373
124210425	0	5148	3808	4047	5340
124210526	0	5129	3770	4019	5387
124210625	0	5148	3775	4033	5359
124210725	0	5129	3743	4042	5359
124210826	0	5158	3789	4014	5387
124210925	0	5143	3775	4047	5350
124211025	0	5129	3770	4028	5350
124211126	0	5153	3757	4033	5364
124211226	0	5129	3770	4028	5377
124211325	0	5143	3761	4038	5377
124211425	0	5148	3761	4042	5345
124211525	0	5143	3766	4038	5396
124211625	0	5143	3761	4042	5363
124211725	0	5143	3752	4047	5359
124211825	0	5153	3762	4024	5382
124211925	0	5162	3748	4042	5377
124212025	0	5129	3762	4024	5350
124212126	0	5120	3757	4038	5355
124212225	0	5134	3757	4061	5401
124212325	0	5158	3762	4061	5396
124212426	0	5148	3761	4028	5345
124212525	0	5134	3752	4010	5363
124212625	0	5106	3766	4028	5345
124212725	0	5143	3775	4052	5326
124212825	0	5129	3762	4042	5382
124212926	0	5139	3785	4052	5364
124213025	0	5148	3766	4047	5345
124213125	0	5101	3775	4047	5396
124213226	0	5143	3766	4052	5368
124213325	0	5092	3762	4042	5363
124213426	0	5134	3762	4033	5369
124213525	0	5129	3762	4052	5298
124213625	0	5134	3762	4061	5322
124213727	0	5120	3770	4047	5363
124213825	0	5111	3756	4038	5391
124213926	0	5120	3766	4033	5363
124214026	0	5153	3775	4066	5331
124214126	0	5172	3762	4038	5373
124214225	0	5087	3756	4024	5391
124214325	0	5143	3756	4038	5331
124214425	0	5139	3761	4042	5364
124214526	0	5158	3743	4047	5355
124214625	0	5153	3762	4052	5363
124214725	0	5153	3770	4033	5340
124214826	0	5134	3752	4038	5406
124214925	0	5129	3748	4042	5322
124215025	0	5125	3752	4038	5369
124215125	0	5139	3756	4024	5322
124215225	0	5172	3757	4033	5377
124215325	0	5148	3748	4028	5368
124215426	0	5162	3766	4038	5387
124215526	0	5129	3761	4052	5359
124215625	0	5139	3766	4033	5355
124215725	0	5134	3766	4014	5350
124215825	0	5125	3757	4047	5434
124215925	0	5143	3756	4033	5355
124216025	0	5153	3757	4052	5345
124216125	0	5120	3770	4024	5350
124216226	0	5134	3775	4019	5368
124216325	0	5129	3766	4010	5382
124216425	0	5129	3756	4057	5369
124216525	0	5162	3752	4042	5340
124216625	0	5162	3762	4047	5368
124216725	0	5143	3762	4038	5368
124216825	0	5134	3785	4038	5415
124216925	0	5153	3762	4014	5345
124217026	0	5143	3748	4024	5363
124217125	0	5158	3752	4038	5336
124217225	0	5101	3766	4038	5415
124217325	0	5134	3756	4047	5373
124217425	0	5129	3766	4047	5331
124217525	0	5153	3743	4047	5369
124217625	0	5143	3756	4038	5364
124217725	0	5139	3766	4038	5373
124217827	0	5134	3743	4028	5326
124217926	0	5134	3757	4024	5363
124218025	0	5139	3738	4005	5308
124218125	0	5125	3761	4005	5336
124218225	0	5143	3729	4033	5368
124218325	0	5125	3757	4033	5363
124218426	0	5125	3752	4047	5308
124218525	0	5120	3761	4024	5363
124218626	0	5148	3756	4038	5340
124218725	0	5097	3756	4019	5355
124218826	0	5139	3756	4038	5420
124218925	0	5148	3762	4033	5377
124219025	0	5134	3757	4047	5317
124219125	0	5134	3748	4038	5345
124219225	0	5139	3766	4028	5363
124219326	0	5111	3775	4019	5331
124219426	0	5139	3757	4052	5345
124219525	0	5162	3734	4028	5355
124219625	0	5125	3748	4047	5363
124219726	0	5129	3766	4038	5331
124219839	0	5115	3743	4028	5350
124219937	0	5125	3757	4047	5350
124220025	0	5125	3762	4052	5369
124220125	0	5125	3756	4042	5415
124220225	0	5115	3757	4019	5396
124220326	0	5134	3762	4033	5424
124220425	0	5083	3757	4057	5350
124220526	0	5101	3752	4061	5350
124220625	0	5097	3738	4038	5345
124220725	0	5120	3752	4042	5373
124220825	0	5143	3762	4038	5391
124220925	0	5120	3761	4057	5355
124221025	0	5129	3766	4052	5373
124221125	0	5129	3756	4052	5369
124221226	0	5120	3756	4038	5326
124221325	0	5158	3761	4038	5326
124221425	0	5134	3738	4019	5387
124221525	0	5111	3766	4042	5406
124221625	0	5148	3756	4047	5331
124221726	0	5125	3780	4019	5368
124221826	0	5129	3770	4047	5382
124221927	0	5111	3756	4052	5387
124222025	0	5139	3757	4038	5382
124222125	0	5120	3752	4014	5369
124222226	0	5115	3734	4047	5359
124222325	0	5134	3756	4028	5387
124222425	0	5106	3761	4033	5331
124222525	0	5148	3756	4047	5326
124222625	0	5158	3752	4066	5363
124222726	0	5148	3775	4024	5368
124222826	0	5139	3748	4071	5336
124222925	0	5111	3766	4000	5363
124223026	0	5158	3757	4028	5369
124223125	0	5129	3757	4024	5336
124223225	0	5120	3752	4057	5345
124223325	0	5143	3752	4047	5387
124223425	0	5125	3738	4042	5387
124223525	0	5158	3752	4028	5359
124223625	0	5139	3757	4047	5391
124223725	0	5139	3770	4000	5359
124223826	0	5153	3770	4042	5350
124223925	0	5143	3770	4042	5340
124224025	0	5139	3770	4066	5391
124224125	0	5134	3775	4033	5373
124224225	0	5106	3762	3991	5363
124224325	0	5167	3756	4024	5350
124224425	0	5129	3775	4057	5345
124224525	0	5125	3762	4014	5345
124224625	0	5134	3775	4024	5317
124224725	0	5101	3762	4038	5350
124224825	0	5129	3752	4028	5326
124224925	0	5158	3794	4028	5429
124225026	0	5158	3785	4028	5368
124225126	0	5167	3738	4052	5391
124225226	0	5129	3775	4019	5350
124225325	0	5115	3756	4047	5322
124225425	0	5153	3775	4019	5368
124225525	0	5125	3756	4052	5340
124225625	0	5143	3766	4028	5340
124225725	0	5148	3748	4042	5415
124225826	0	5139	3762	4038	5317
124225925	0	5134	3756	4047	5355
124226027	0	5148	3761	4066	5345
124226125	0	5148	3752	4052	5391
124226225	0	5101	3762	4033	5429
124226325	0	5153	3770	4061	5340
124226426	0	5143	3761	4033	5377
124226526	0	5092	3743	4024	5355
124226625	0	5129	3761	4019	5336
124226725	0	5139	3762	4042	5387
124226825	0	5125	3756	4052	5373
124226925	0	5129	3770	4024	5368
124227025	0	5111	3734	4052	5373
124227125	0	5125	3748	4066	5382
124227225	0	5153	3756	4057	5340
124227325	0	5129	3743	4038	5368
124227425	0	5153	3757	4014	5355
124227525	0	5143	3752	4019	5326
124227625	0	5162	3761	4047	5340
124227725	0	5101	3770	4033	5373
124227825	0	5134	3757	4019	5340
124227926	0	5125	3761	4047	5368
124228025	0	5148	3785	4038	5364
124228125	0	5153	3761	4019	5317
124228226	0	5125	3756	4000	5350
124228325	0	5101	3752	3996	5364
124228425	0	5087	3756	4038	5355
124228525	0	5139	3761	4010	5363
124228625	0	5162	3770	4042	5340
124228725	0	5115	3752	4024	5322
124228825	0	5125	3752	4047	5369
124228929	0	5115	3756	4010	5359
124229025	0	5139	3766	4033	5364
124229125	0	5143	3757	3996	5317
124229225	0	5158	3748	4019	5369
124229325	0	5158	3761	4014	5345
124229425	0	5162	3770	4024	5364
124229525	0	5158	3775	4019	5359
124229625	0	5167	3756	4010	5331
124229725	0	5139	3794	4010	5369
124229825	0	5148	3756	4010	5369
124229925	0	5129	3752	4028	5369
124230025	0	5153	3775	4019	5345
124230127	0	5129	3770	4014	5369
124230225	0	5153	3762	4028	5331
124230325	0	5158	3756	4042	5363
124230425	0	5158	3752	4019	5364
124230525	0	5125	3756	4038	5359
124230625	0	5153	3757	4047	5355
124230725	0	5148	3762	4019	5377
124230825	0	5106	3757	4024	5340
124230925	0	5111	3762	4005	5336
124231025	0	5120	3762	4014	5364
124231125	0	5120	3762	4019	5364
124231225	0	5134	3757	4042	5345
124231323	0	5134	3766	4019	5355
124231425	0	5115	3748	4010	5322
124231523	0	5106	3743	4000	5355
124231623	0	5106	3748	4028	5387
124231723	0	5125	3762	4038	5355
124231823	0	5120	3756	4033	5317
124231923	0	5125	3748	4024	5294
124232023	0	5111	3734	4024	5340
124232123	0	5167	3748	4019	5317
124232223	0	5125	3766	4014	5355
124232322	0	5120	3770	4014	5364
124232423	0	5115	3757	4005	5355
124232523	0	5106	3752	4024	5345
124232623	0	5120	3761	4005	5350
124232723	0	5087	3766	4019	5364
124232823	0	5129	3757	4038	5401
124232923	0	5129	3757	4047	5336
124233023	0	5129	3761	4005	5382
124233123	0	5139	3748	4028	5369
124233223	0	5153	3762	4024	5336
124233323	0	5143	3761	4033	5377
124233523	0	5153	3761	4024	5382
124233623	0	5111	3766	4014	5369
124233723	0	5148	3756	4028	5368
124233824	0	5139	3766	4028	5368
124233923	0	5101	3761	4028	5364
124234023	0	5134	3770	4014	5345
124234123	0	5129	3770	4000	5369
124234227	0	5153	3770	4052	5382
124234323	0	5111	3752	4038	5363
124234423	0	5125	3775	4042	5350
124234523	0	5134	3752	4028	5363
124234623	0	5143	3756	4005	5322
124234723	0	5129	3756	4057	5359
124234823	0	5134	3743	4038	5326
124234923	0	5097	3761	4019	5336
124235023	0	5162	3780	4042	5369
124235123	0	5134	3761	4028	5345
124235223	0	5125	3756	4000	5326
124235323	0	5125	3766	4019	5340
124235423	0	5106	3775	4014	5345
124235523	0	5111	3762	4010	5336
124235623	0	5106	3775	4024	5308
124235723	0	5125	3738	4019	5406
124235823	0	5125	3766	4028	5369
124235923	0	5148	3766	4047	5336
124236023	0	5143	3756	4010	5364
124236123	0	5139	3756	4014	5363
124236223	0	5134	3757	4028	5387
124236323	0	5134	3766	4019	5340
124236423	0	5139	3762	4014	5345
124236523	0	5143	3743	4005	5410
124236623	0	5106	3757	4005	5345
124236723	0	5115	3766	4019	5364
124236824	0	5125	3752	4033	5387
124236923	0	5115	3766	4010	5359
124237024	0	5143	3766	4019	5387
124237123	0	5129	3761	4019	5364
124237223	0	5143	3775	4028	5391
124237323	0	5115	3762	4019	5359
124237423	0	5158	3756	4019	5355
124237523	0	5129	3766	4042	5369
124237623	0	5143	3762	4024	5326
124237723	0	5125	3775	4057	5340
124237824	0	5129	3748	4038	5369
124237923	0	5158	3766	4038	5345
124238023	0	5134	3785	4033	5340
124238123	0	5120	3775	4000	5368
124238223	0	5115	3762	4019	5391
124238327	0	5143	3756	4019	5368
124238423	0	5139	3762	4010	5406
124238523	0	5134	3775	4014	5373
124238623	0	5120	3775	4014	5331
124238723	0	5134	3757	4014	5326
124238823	0	5134	3756	4028	5350
124238924	0	5106	3770	4024	5377
124239024	0	5143	3762	4019	5340
124239123	0	5101	3761	4028	5355
124239223	0	5153	3761	4024	5406
124239323	0	5158	3762	4014	5289
124239423	0	5106	3757	4000	5331
124239523	0	5111	3762	4010	5368
124239623	0	5129	3752	4010	5326
124239723	0	5111	3770	4019	5355
124239823	0	5115	3770	4033	5355
124239923	0	5120	3756	4005	5377
124240023	0	5148	3756	4019	5340
124240123	0	5143	3756	4024	5369
124240223	0	5158	3770	4028	5368
124240323	0	5143	3766	4052	5340
124240423	0	5115	3756	4033	5359
124240523	0	5101	3743	4038	5396
124240623	0	5139	3756	4024	5363
124240723	0	5134	3762	4010	5359
124240823	0	5148	3761	4033	5401
124240923	0	5115	3743	4028	5331
124241023	0	5087	3770	4047	5336
124241123	0	5111	3752	4047	5369
124241223	0	5158	3748	4028	5373
124241323	0	5134	3762	4014	5355
124241423	0	5134	3762	4028	5336
124241523	0	5097	3761	4033	5331
124241623	0	5106	3757	4024	5382
124241723	0	5134	3757	4038	5373
124241823	0	5125	3757	4047	5391
124241923	0	5139	3757	4047	5382
124242023	0	5125	3734	4033	5331
124242123	0	5158	3757	4028	5377
124242223	0	5101	3757	4075	5382
124242323	0	5143	3752	4042	5391
124242427	0	5148	3752	4052	5368
124242523	0	5120	3757	4052	5345
124242623	0	5125	3762	4024	5420
124242723	0	5153	3743	4042	5303
124242823	0	5139	3756	4042	5373
124242923	0	5111	3761	4038	5326
124243023	0	5129	3756	4028	5382
124243123	0	5125	3757	4085	5368
