153255340	0	3270	4740	6090	4900
153255447	0	3232	4834	6100	4857
153255539	0	3279	4829	6118	4862
153255642	0	3228	4750	6133	4867
153255741	0	3256	4806	6109	4867
153255841	0	3251	4829	6109	4825
153255941	0	3270	4806	6090	4876
153256039	0	3265	4796	6109	4886
153256139	0	3251	4825	6100	4886
153256241	0	3326	4764	6123	4867
153256341	0	3298	4764	6095	4862
153256440	0	3317	4843	6109	4886
153256539	0	3354	4839	6118	4881
153256640	0	3438	4834	6109	4839
153256739	0	3462	4764	6090	4839
153256841	0	3452	4825	6090	4871
153256939	0	3368	4801	6090	4867
153257039	0	3312	4820	6076	4904
153257139	0	3462	4792	6109	4881
153257240	0	3359	4867	6118	4820
153257341	0	3204	4871	6081	4904
153257439	0	3246	4796	6128	4942
153257543	0	3190	4881	6086	4862
153257641	0	3223	4867	6095	4843
153257739	0	3228	4806	6128	4834
153257840	0	3335	4810	6109	4867
153257940	0	3368	4806	6109	4862
153258039	0	3368	4853	6086	4839
153258139	0	3340	4857	6118	4881
153258240	0	3396	4796	6081	4853
153258339	0	3246	4867	6114	4881
153258439	0	3354	4796	6133	4839
153258539	0	3443	4848	6118	4909
153258639	0	3466	4829	6128	4848
153258740	0	3494	4801	6104	4853
153258839	0	3485	4853	6109	4871
153258939	0	3439	4750	6109	4867
153259040	0	3331	4825	6076	4839
153259140	0	3546	4829	6104	4839
153259239	0	3279	4857	6114	4895
153259339	0	3331	4759	6109	4867
153259439	0	3275	4773	6137	4843
153259539	0	3331	4806	6100	4881
153259640	0	3396	4764	6128	4857
153259739	0	3415	4843	6104	4876
153259839	0	3457	4834	6095	4857
153259940	0	3499	4782	6123	4867
153300040	0	3565	4820	6095	4843
153300139	0	3312	4750	6090	4876
153300239	0	3443	4750	6086	4839
153300339	0	3583	4778	6109	4848
153300439	0	3532	4796	6086	4886
153300539	0	3532	4825	6114	4890
153300640	0	3532	4792	6076	4876
153300740	0	3504	4853	6095	4871
153300839	0	3574	4764	6109	4857
153300939	0	3513	4759	6114	4909
153301040	0	3499	4764	6095	4909
153301139	0	3490	4773	6081	4881
153301239	0	3392	4773	6090	4909
153301340	0	3518	4764	6123	4890
153301439	0	3508	4778	6109	4876
153301540	0	3462	4862	6114	4857
153301643	0	3494	4853	6100	4890
153301739	0	3499	4796	6104	4862
153301840	0	3480	4782	6114	4881
153301939	0	3583	4768	6123	4871
153302039	0	3434	4853	6109	4834
153302139	0	3485	4839	6090	4886
153302240	0	3485	4853	6067	4886
153302339	0	3508	4782	6104	4871
153302439	0	3317	4857	6114	4881
153302540	0	3476	4810	6095	4923
153302639	0	3303	4853	6095	4895
153302739	0	3298	4871	6095	4900
153302839	0	3490	4839	6104	4876
153302940	0	3480	4787	6109	4862
153303039	0	3504	4820	6081	4871
153303140	0	3537	4834	6137	4881
153303239	0	3537	4834	6104	4881
153303340	0	3480	4778	6086	4918
153303440	0	3569	4801	6086	4890
153303540	0	3499	4857	6090	4876
153303640	0	3499	4834	6095	4853
153303739	0	3499	4829	6076	4867
153303840	0	3345	4829	6118	4876
153303940	0	3532	4810	6095	4881
153304039	0	3560	4810	6100	4886
153304139	0	3321	4871	6109	4876
153304239	0	3382	4806	6095	4923
153304340	0	3541	4801	6104	4848
153304439	0	3518	4834	6081	4904
153304539	0	3560	4834	6086	4867
153304639	0	3508	4782	6086	4829
153304740	0	3471	4773	6118	4867
153304839	0	3485	4801	6076	4914
153304939	0	3518	4806	6086	4909
153305039	0	3476	4857	6114	4909
153305140	0	3312	4843	6104	4890
153305240	0	3406	4829	6104	4881
153305340	0	3490	4806	6118	4862
153305439	0	3429	4764	6081	4857
153305540	0	3447	4829	6072	4853
153305640	0	3471	4829	6086	4862
153305743	0	3490	4829	6104	4881
153305840	0	3471	4745	6076	4839
153305939	0	3434	4848	6137	4895
153306039	0	3504	4787	6114	4867
153306139	0	3513	4754	6123	4876
153306239	0	3480	4834	6095	4904
153306339	0	3476	4825	6095	4867
153306439	0	3522	4825	6076	4871
153306539	0	3532	4787	6109	4942
153306640	0	3480	4796	6104	4904
153306739	0	3504	4764	6104	4881
153306840	0	3537	4768	6109	4867
153306939	0	3541	4782	6123	4867
153307039	0	3588	4792	6100	4857
153307139	0	3518	4768	6109	4862
153307239	0	3579	4754	6086	4871
153307339	0	3546	4857	6095	4871
153307439	0	3532	4876	6114	4871
153307539	0	3537	4848	6072	4886
153307639	0	3537	4829	6109	4914
153307739	0	3551	4820	6123	4843
153307839	0	3546	4768	6118	4848
153307939	0	3518	4801	6118	4843
153308039	0	3527	4773	6118	4900
153308140	0	3532	4768	6090	4923
153308240	0	3555	4754	6128	4895
153308340	0	3546	4820	6114	4895
153308439	0	3546	4825	6104	4857
153308539	0	3522	4787	6095	4834
153308639	0	3583	4839	6118	4843
153308739	0	3518	4759	6109	4853
153308839	0	3541	4773	6100	4871
153308939	0	3532	4787	6133	4871
153309039	0	3457	4740	6123	4857
153309140	0	3499	4843	6128	4876
153309239	0	3518	4787	6118	4900
153309340	0	3476	4768	6118	4914
153309439	0	3462	4773	6109	4881
153309539	0	3546	4787	6104	4857
153309639	0	3513	4839	6104	4825
153309740	0	3518	4820	6095	4886
153309843	0	3513	4862	6123	4890
153309939	0	3537	4815	6100	4862
153310039	0	3537	4848	6104	4895
153310139	0	3574	4764	6128	4839
153310239	0	3527	4820	6104	4871
153310340	0	3602	4778	6114	4820
153310439	0	3616	4853	6123	4876
153310539	0	3565	4843	6109	4904
153310639	0	3621	4843	6090	4848
153310739	0	3602	4806	6081	4862
153310839	0	3527	4853	6081	4857
153310939	0	3574	4787	6081	4890
153311039	0	3583	4862	6104	4825
153311139	0	3560	4810	6109	4881
153311240	0	3574	4843	6118	4867
153311339	0	3560	4796	6128	4862
153311439	0	3551	4792	6081	4871
153311539	0	3466	4848	6109	4928
153311639	0	3494	4768	6086	4867
153311740	0	3452	4825	6133	4876
153311839	0	3321	4801	6081	4810
153311939	0	3176	4792	6090	4881
153312039	0	3368	4782	6095	4895
153312139	0	3317	4782	6086	4876
153312239	0	3354	4792	6090	4895
153312340	0	3289	4839	6128	4862
153312440	0	3289	4871	6095	4867
153312540	0	3335	4862	6100	4876
153312639	0	3335	4778	6095	4886
153312739	0	3396	4857	6086	4839
153312839	0	3447	4843	6090	4853
153312939	0	3522	4871	6109	4895
153313039	0	3527	4815	6100	4848
153313139	0	3447	4871	6100	4862
153313239	0	3518	4862	6128	4862
153313339	0	3518	4881	6086	4843
153313440	0	3499	4787	6128	4834
153313539	0	3602	4857	6114	4857
153313639	0	3583	4796	6090	4853
153313739	0	3588	4857	6090	4857
153313839	0	3583	4825	6100	4848
153313943	0	3565	4825	6081	4843
153314039	0	3583	4871	6090	4890
153314139	0	3508	4778	6100	4843
153314239	0	3532	4768	6095	4867
153314339	0	3569	4867	6114	4886
153314439	0	3522	4843	6095	4886
153314539	0	3518	4801	6095	4890
153314639	0	3508	4778	6086	4829
153314739	0	3527	4853	6137	4918
153314839	0	3546	4857	6123	4862
153314939	0	3518	4778	6114	4895
153315039	0	3494	4834	6133	4876
153315140	0	3494	4782	6128	4871
153315239	0	3527	4759	6123	4839
153315339	0	3443	4843	6109	4886
153315440	0	3466	4773	6095	4871
153315540	0	3560	4810	6118	4886
153315639	0	3541	4815	6090	4853
153315744	0	3504	4764	6109	4890
153315839	0	3490	4773	6095	4904
153315939	0	3504	4782	6086	4928
153316039	0	3494	4829	6118	4867
153316139	0	3480	4810	6109	4862
153316239	0	3462	4820	6081	4876
153316339	0	3499	4750	6114	4886
153316439	0	3406	4745	6123	4895
153316539	0	3368	4750	6095	4871
153316639	0	3457	4820	6114	4886
153316739	0	3462	4768	6118	4867
153316839	0	3387	4820	6104	4881
153316939	0	3345	4834	6142	4900
153317039	0	3434	4815	6076	4857
153317139	0	3438	4848	6123	4867
153317239	0	3364	4843	6118	4843
153317339	0	3476	4815	6114	4886
153317439	0	3457	4825	6072	4914
153317539	0	3452	4820	6114	4895
153317639	0	3476	4834	6128	4890
153317739	0	3480	4862	6114	4909
153317839	0	3560	4754	6128	4904
153317939	0	3508	4825	6072	4871
153318043	0	3504	4829	6128	4918
153318139	0	3466	4820	6095	4928
153318239	0	3401	4768	6095	4834
153318339	0	3443	4829	6095	4886
153318439	0	3406	4839	6109	4923
153318539	0	3359	4829	6128	4918
153318639	0	3490	4768	6090	4886
153318739	0	3518	4787	6109	4914
153318839	0	3471	4801	6104	4890
153318939	0	3480	4834	6114	4886
153319039	0	3434	4843	6090	4900
153319139	0	3335	4782	6076	4848
153319239	0	3466	4778	6072	4900
153319339	0	3439	4778	6123	4839
153319439	0	3298	4857	6090	4867
153319539	0	3335	4834	6109	4867
153319639	0	3439	4829	6090	4867
153319739	0	3378	4801	6104	4909
153319840	0	3401	4839	6128	4857
153319939	0	3214	4843	6086	4881
153320039	0	3279	4792	6165	4862
153320139	0	3490	4796	6067	4876
153320239	0	3504	4759	6062	4848
153320339	0	3439	4778	6095	4857
153320439	0	3373	4848	6100	4867
153320539	0	3340	4820	6118	4876
153320639	0	3312	4778	6114	4895
153320739	0	3331	4782	6090	4853
153320839	0	3260	4801	6104	4895
153320939	0	3326	4848	6090	4853
153321039	0	3293	4806	6076	4857
153321139	0	3293	4792	6114	4871
153321239	0	3335	4871	6109	4876
153321339	0	3392	4806	6151	4876
153321439	0	3298	4764	6062	4862
153321539	0	3199	4745	6062	4862
153321639	0	3204	4764	6137	4932
153321739	0	3181	4815	6109	4923
153321839	0	3092	4834	6161	4857
153321939	0	3088	4778	6118	4881
153322039	0	3083	4848	6118	4853
153322143	0	3148	4764	6114	4843
153322239	0	3195	4796	6104	4867
153322339	0	3223	4745	6109	4881
153322439	0	3256	4829	6104	4890
153322539	0	3335	4825	6095	4914
153322639	0	3401	4759	6109	4890
153322739	0	3415	4801	6118	4871
153322839	0	3279	4820	6118	4867
153322939	0	3275	4829	6104	4862
153323040	0	3382	4806	6076	4867
153323139	0	3340	4810	6090	4857
153323239	0	3317	4796	6095	4886
153323339	0	3298	4862	6118	4904
153323439	0	3340	4848	6100	4871
153323539	0	3265	4815	6128	4904
153323639	0	3246	4820	6095	4890
153323739	0	3251	4792	6090	4881
153323839	0	3256	4857	6118	4871
153323939	0	3293	4773	6114	4895
153324039	0	3335	4754	6100	4881
153324139	0	3326	4848	6086	4881
153324239	0	3359	4857	6109	4904
153324339	0	3270	4862	6104	4914
153324439	0	3303	4806	6114	4848
153324539	0	3354	4848	6114	4876
153324639	0	3429	4815	6104	4904
153324739	0	3350	4750	6095	4853
153324839	0	3373	4787	6095	4900
153324939	0	3447	4759	6081	4857
153325039	0	3452	4782	6095	4900
153325139	0	3462	4848	6067	4881
153325239	0	3485	4754	6114	4876
153325339	0	3462	4839	6109	4871
153325439	0	3490	4834	6123	4900
153325539	0	3396	4848	6067	4890
153325639	0	3415	4853	6100	4853
153325739	0	3457	4768	6123	4886
153325839	0	3504	4843	6118	4843
153325939	0	3443	4773	6118	4853
153326039	0	3443	4768	6114	4876
153326139	0	3466	4801	6095	4904
153326243	0	3490	4834	6123	4867
153326339	0	3452	4843	6076	4900
153326439	0	3546	4834	6100	4886
153326539	0	3499	4759	6090	4834
153326639	0	3499	4782	6086	4853
153326739	0	3508	4843	6109	4867
153326840	0	3513	4778	6081	4848
153326939	0	3518	4820	6114	4886
153327039	0	3555	4787	6128	4909
153327139	0	3518	4764	6137	4834
153327239	0	3522	4843	6118	4862
153327339	0	3485	4806	6067	4848
153327439	0	3508	4787	6081	4848
153327539	0	3579	4871	6104	4890
153327639	0	3537	4810	6118	4895
153327739	0	3499	4862	6109	4857
153327839	0	3527	4871	6095	4890
153327939	0	3476	4787	6147	4890
153328039	0	3480	4787	6114	4839
153328138	0	3476	4787	6123	4890
153328239	0	3532	4764	6095	4876
153328339	0	3522	4853	6123	4839
153328439	0	3439	4825	6109	4895
153328539	0	3457	4834	6137	4853
153328639	0	3335	4829	6104	4871
153328740	0	3331	4778	6109	4862
153328839	0	3331	4782	6095	4848
153328939	0	3350	4810	6100	4857
153329039	0	3199	4848	6128	4834
153329139	0	3293	4773	6095	4862
153329239	0	3340	4848	6090	4834
153329339	0	3439	4806	6118	4881
153329439	0	3494	4782	6095	4862
153329539	0	3447	4829	6118	4932
153329638	0	3452	4843	6090	4871
153329739	0	3317	4829	6081	4895
153329839	0	3218	4759	6123	4900
153329939	0	3466	4843	6095	4871
153330039	0	3490	4820	6095	4881
153330139	0	3466	4778	6095	4886
153330239	0	3518	4764	6090	4871
153330343	0	3508	4825	6086	4886
153330539	0	3485	4839	6095	4876
153330638	0	3579	4820	6057	4895
153330739	0	3569	4787	6109	4853
153330839	0	3541	4810	6086	4843
153330939	0	3518	4834	6090	4834
153331039	0	3541	4735	6100	4862
153331139	0	3555	4820	6100	4829
153331239	0	3560	4750	6104	4810
153331339	0	3602	4754	6114	4857
153331439	0	3588	4759	6123	4810
153331539	0	3612	4792	6081	4881
153331639	0	3673	4773	6114	4895
153331739	0	3719	4825	6109	4834
153331839	0	3705	4750	6118	4843
153331939	0	3673	4787	6086	4825
153332039	0	3659	4778	6100	4857
153332139	0	3569	4745	6109	4871
153332239	0	3541	4768	6133	4876
153332339	0	3522	4796	6118	4843
153332439	0	3551	4839	6100	4881
153332539	0	3387	4820	6114	4876
153332639	0	3452	4829	6142	4796
153332739	0	3438	4834	6086	4825
153332839	0	3368	4806	6118	4829
153332939	0	3237	4745	6104	4853
153333039	0	3382	4773	6142	4853
153333139	0	3411	4782	6095	4857
153333239	0	3411	4876	6095	4853
153333339	0	3462	4759	6090	4867
153333439	0	3415	4787	6100	4881
153333539	0	3265	4857	6067	4871
153333639	0	3270	4857	6067	4895
153333739	0	3373	4810	6104	4871
153333839	0	3438	4792	6081	4857
153333940	0	3598	4862	6123	4871
153334039	0	3579	4862	6076	4848
153334139	0	3546	4792	6109	4862
153334239	0	3598	4820	6086	4843
153334339	0	3499	4825	6104	4862
153334443	0	3439	4820	6114	4923
153334539	0	3425	4773	6090	4881
153334639	0	3350	4778	6100	4853
153334739	0	3298	4792	6090	4862
153334839	0	3289	4848	6104	4853
153334939	0	3289	4843	6100	4857
153335039	0	3251	4782	6114	4876
153335139	0	3242	4759	6114	4857
153335239	0	3251	4825	6100	4914
153335339	0	3303	4759	6057	4918
153335439	0	3223	4815	6057	4843
153335538	0	3171	4820	6057	4886
153335639	0	3181	4829	6095	4825
153335739	0	3232	4843	6104	4895
153335839	0	3293	4810	6109	4857
153335939	0	3199	4829	6109	4820
153336039	0	3284	4745	6114	4839
153336139	0	3485	4848	6100	4871
153336239	0	3387	4764	6076	4815
153336339	0	3429	4768	6100	4900
153336439	0	3466	4796	6100	4834
153336539	0	3457	4806	6095	4862
153336639	0	3499	4843	6095	4871
153336739	0	3387	4764	6109	4890
153336839	0	3490	4829	6076	4900
153336939	0	3447	4843	6072	4871
153337039	0	3284	4848	6095	4876
153337139	0	3373	4848	6062	4862
153337239	0	3471	4825	6095	4867
153337339	0	3443	4764	6067	4881
153337439	0	3387	4787	6109	4909
153337539	0	3396	4782	6076	4848
153337639	0	3411	4806	6090	4843
153337739	0	3378	4853	6123	4895
153337839	0	3228	4792	6076	4918
153337939	0	3396	4796	6081	4881
153338039	0	3476	4801	6081	4839
153338139	0	3443	4782	6100	4867
153338239	0	3275	4787	6076	4886
153338339	0	3279	4848	6081	4825
153338439	0	3279	4782	6100	4857
153338543	0	3260	4768	6090	4853
153338639	0	3439	4778	6114	4914
153338739	0	3345	4801	6123	4881
153338839	0	3373	4764	6057	4857
153338939	0	3331	4764	6095	4853
153339039	0	3462	4829	6076	4848
153339139	0	3462	4857	6072	4876
153339239	0	3447	4815	6081	4848
153339339	0	3518	4825	6104	4834
153339438	0	3462	4853	6104	4886
153339539	0	3471	4857	6109	4829
153339639	0	3504	4857	6090	4857
153339739	0	3387	4815	6128	4881
153339839	0	3494	4796	6090	4867
153339939	0	3616	4768	6114	4853
153340039	0	3546	4778	6086	4857
153340138	0	3518	4839	6057	4834
153340239	0	3499	4768	6104	4820
153340339	0	3508	4853	6095	4867
153340439	0	3490	4796	6076	4871
153340539	0	3466	4768	6100	4871
153340639	0	3485	4782	6100	4857
153340739	0	3447	4829	6062	4890
153340839	0	3411	4750	6081	4871
153340939	0	3480	4796	6104	4853
153341039	0	3387	4839	6072	4857
153341139	0	3401	4801	6109	4871
153341239	0	3439	4876	6081	4890
153341339	0	3471	4862	6072	4806
153341439	0	3518	4825	6081	4829
153341539	0	3560	4806	6067	4839
153341639	0	3494	4834	6081	4862
153341738	0	3546	4839	6095	4881
153341839	0	3499	4857	6076	4871
153341939	0	3471	4778	6081	4895
153342039	0	3476	4759	6100	4857
153342140	0	3447	4792	6086	4848
153342239	0	3476	4825	6090	4886
153342339	0	3457	4825	6095	4881
153342439	0	3476	4796	6095	4895
153342539	0	3485	4792	6100	4890
153342641	0	3499	4820	6072	4886
153342739	0	3471	4787	6053	4881
153342839	0	3532	4848	6076	4900
153342939	0	3466	4768	6095	4862
153343039	0	3452	4773	6086	4853
153343139	0	3494	4801	6086	4876
153343239	0	3462	4773	6072	4857
153343339	0	3401	4796	6095	4895
153343439	0	3476	4792	6081	4857
153343539	0	3411	4787	6104	4876
153343639	0	3457	4834	6076	4895
153343739	0	3443	4773	6090	4853
153343839	0	3411	4773	6086	4867
153343939	0	3443	4857	6062	4839
153344039	0	3429	4839	6095	4881
153344139	0	3415	4773	6086	4886
153344239	0	3466	4848	6076	4862
153344339	0	3434	4853	6095	4848
153344439	0	3480	4829	6086	4829
153344539	0	3462	4792	6067	4881
153344639	0	3583	4829	6095	4857
153344739	0	3532	4834	6109	4881
153344839	0	3541	4792	6086	4848
153344939	0	3541	4796	6086	4843
153345039	0	3541	4792	6090	4857
153345139	0	3532	4829	6095	4843
153345239	0	3583	4867	6090	4815
153345339	0	3541	4815	6104	4839
153345439	0	3593	4764	6118	4862
153345538	0	3551	4820	6090	4853
153345638	0	3518	4796	6100	4862
153345739	0	3565	4825	6095	4904
153345839	0	3513	4801	6081	4829
153345939	0	3494	4773	6090	4871
153346039	0	3560	4829	6086	4853
153346138	0	3574	4792	6057	4834
153346239	0	3504	4792	6095	4853
153346339	0	3499	4792	6072	4867
153346439	0	3494	4801	6053	4871
153346539	0	3494	4848	6048	4909
153346639	0	3537	4820	6048	4857
153346741	0	3480	4815	6081	4834
153346839	0	3522	4773	6086	4857
153346939	0	3518	4810	6104	4867
153347039	0	3480	4886	6095	4853
153347139	0	3494	4768	6072	4881
153347239	0	3494	4857	6086	4843
153347338	0	3476	4820	6076	4853
153347439	0	3522	4782	6100	4843
153347539	0	3527	4778	6104	4871
153347639	0	3541	4862	6100	4886
153347740	0	3513	4829	6090	4886
153347839	0	3499	4750	6081	4829
153347939	0	3551	4806	6090	4848
153348038	0	3518	4825	6100	4857
153348139	0	3551	4773	6076	4853
153348239	0	3480	4792	6095	4890
153348339	0	3480	4782	6090	4871
153348439	0	3476	4848	6090	4862
153348539	0	3466	4787	6086	4867
153348639	0	3518	4857	6076	4923
153348739	0	3490	4820	6067	4886
153348839	0	3490	4787	6090	4825
153348939	0	3490	4778	6095	4853
153349039	0	3527	4750	6104	4867
153349139	0	3532	4792	6118	4853
153349239	0	3490	4782	6090	4895
153349339	0	3537	4857	6114	4853
153349439	0	3551	4806	6095	4881
153349539	0	3626	4829	6123	4867
153349639	0	3612	4815	6076	4895
153349739	0	3593	4853	6104	4881
153349839	0	3612	4768	6100	4923
153349939	0	3607	4829	6104	4890
153350038	0	3574	4796	6128	4881
153350139	0	3583	4801	6104	4848
153350239	0	3588	4796	6104	4881
153350338	0	3602	4829	6086	4867
153350439	0	3612	4834	6090	4900
153350539	0	3588	4862	6114	4881
153350639	0	3607	4848	6081	4900
153350739	0	3593	4820	6081	4843
153350841	0	3602	4853	6076	4829
153350939	0	3579	4787	6090	4848
153351039	0	3598	4857	6072	4862
153351139	0	3630	4820	6081	4857
153351238	0	3612	4778	6109	4843
153351339	0	3626	4782	6095	4871
153351439	0	3630	4778	6104	4871
153351539	0	3705	4782	6123	4848
153351639	0	3682	4820	6109	4886
153351738	0	3677	4806	6104	4862
153351839	0	3663	4778	6109	4881
153351939	0	3677	4787	6090	4853
153352038	0	3696	4810	6095	4876
153352138	0	3654	4773	6109	4862
153352238	0	3659	4764	6090	4815
153352339	0	3630	4764	6109	4834
153352439	0	3663	4825	6114	4839
153352539	0	3677	4773	6100	4876
153352639	0	3719	4750	6100	4839
153352739	0	3668	4782	6090	4829
153352839	0	3659	4759	6095	4839
153352939	0	3626	4810	6109	4820
153353039	0	3659	4750	6086	4881
153353138	0	3635	4792	6109	4848
153353239	0	3640	4796	6118	4839
153353339	0	3635	4843	6133	4886
153353438	0	3649	4825	6133	4853
153353538	0	3635	4825	6095	4834
153353639	0	3640	4853	6095	4900
153353739	0	3644	4848	6090	4904
153353839	0	3612	4853	6081	4900
153353939	0	3626	4768	6100	4890
153354039	0	3649	4862	6109	4881
153354138	0	3621	4796	6100	4867
153354239	0	3635	4768	6123	4867
153354339	0	3626	4881	6123	4867
153354439	0	3598	4820	6095	4886
153354539	0	3621	4886	6086	4843
153354639	0	3607	4787	6109	4857
153354739	0	3616	4782	6114	4862
153354839	0	3612	4792	6095	4862
153354940	0	3602	4881	6095	4862
153355039	0	3598	4778	6128	4867
153355138	0	3588	4815	6104	4806
153355238	0	3602	4871	6100	4881
153355339	0	3607	4778	6086	4839
153355438	0	3630	4806	6118	4867
153355539	0	3593	4881	6109	4867
153355639	0	3616	4853	6109	4867
153355739	0	3602	4871	6104	4825
153355838	0	3612	4867	6095	4881
153355938	0	3607	4862	6123	4862
153356039	0	3593	4862	6090	4895
153356139	0	3612	4862	6090	4871
153356239	0	3607	4862	6100	4839
153356339	0	3598	4862	6114	4867
153356438	0	3593	4862	6128	4853
153356538	0	3607	4801	6142	4881
153356639	0	3598	4843	6100	4871
153356738	0	3588	4801	6137	4867
153356839	0	3598	4871	6109	4857
153356939	0	3612	4834	6123	4843
153357039	0	3612	4853	6114	4867
153357139	0	3602	4876	6100	4862
153357238	0	3602	4825	6048	4848
153357338	0	3593	4825	6104	4843
153357438	0	3583	4829	6114	4862
153357539	0	3607	4829	6109	4853
153357639	0	3593	4810	6086	4843
153357739	0	3593	4857	6118	4829
153357839	0	3588	4867	6123	4843
153357938	0	3588	4839	6062	4839
153358039	0	3583	4862	6086	4843
153358139	0	3593	4796	6114	4876
153358239	0	3612	4839	6086	4843
153358338	0	3565	4848	6100	4848
153358438	0	3555	4810	6095	4839
153358539	0	3588	4857	6076	4843
153358639	0	3541	4843	6067	4871
153358739	0	3537	4815	6076	4881
153358839	0	3555	4787	6057	4876
153358939	0	3583	4871	6086	4862
153359041	0	3560	4782	6100	4886
153359138	0	3569	4810	6076	4876
153359238	0	3560	4801	6090	4857
153359338	0	3518	4782	6072	4900
153359438	0	3579	4876	6072	4862
153359539	0	3513	4876	6100	4871
153359639	0	3513	4871	6067	4839
153359739	0	3527	4857	6057	4895
153359839	0	3513	4839	6090	4900
153359939	0	3522	4801	6086	4900
153400038	0	3499	4773	6086	4839
153400138	0	3494	4848	6086	4857
153400238	0	3494	4834	6086	4886
153400339	0	3583	4787	6104	4890
153400439	0	3471	4787	6104	4848
153400538	0	3490	4867	6086	4867
153400639	0	3471	4867	6081	4867
153400738	0	3513	4796	6057	4895
153400838	0	3466	4825	6100	4946
153400939	0	3565	4862	6095	4886
153401038	0	3504	4857	6100	4848
153401138	0	3499	4773	6086	4871
153401238	0	3541	4862	6104	4834
153401339	0	3583	4881	6072	4895
153401439	0	3588	4853	6086	4895
153401539	0	3560	4834	6076	4886
153401638	0	3583	4815	6100	4867
153401739	0	3560	4806	6100	4900
153401838	0	3579	4764	6086	4876
153401939	0	3537	4782	6086	4881
153402039	0	3532	4801	6090	4867
153402139	0	3569	4810	6072	4871
153402239	0	3546	4848	6095	4928
153402339	0	3555	4857	6081	4857
153402438	0	3518	4881	6076	4871
153402539	0	3541	4820	6081	4900
153402639	0	3546	4782	6081	4876
153402738	0	3513	4862	6076	4801
153402838	0	3537	4801	6114	4876
153402939	0	3476	4773	6095	4862
153403038	0	3527	4773	6072	4881
153403143	0	3513	4867	6100	4867
153403238	0	3565	4871	6104	4867
153403339	0	3494	4848	6100	4843
153403438	0	3457	4853	6081	4857
153403538	0	3504	4848	6076	4876
153403638	0	3532	4796	6072	4881
153403738	0	3494	4782	6114	4857
153403839	0	3471	4810	6081	4900
153403938	0	3434	4796	6114	4867
153404039	0	3490	4773	6057	4810
153404139	0	3560	4796	6090	4923
153404239	0	3532	4829	6062	4890
153404339	0	3490	4815	6067	4918
153404438	0	3499	4862	6090	4839
153404538	0	3462	4792	6090	4871
153404639	0	3490	4857	6072	4951
153404739	0	3476	4796	6109	4876
153404839	0	3546	4782	6090	4857
153404938	0	3476	4782	6095	4862
153405039	0	3560	4867	6086	4871
153405138	0	3532	4792	6090	4839
153405238	0	3546	4787	6095	4862
153405339	0	3490	4853	6133	4857
153405439	0	3485	4801	6090	4857
153405538	0	3532	4778	6095	4820
153405639	0	3499	4862	6095	4886
153405739	0	3551	4848	6095	4900
153405839	0	3490	4853	6090	4881
153405938	0	3494	4778	6090	4848
153406038	0	3504	4792	6086	4904
153406138	0	3522	4796	6062	4904
153406238	0	3555	4796	6095	4848
153406339	0	3579	4796	6072	4918
153406439	0	3499	4801	6081	4839
153406538	0	3494	4839	6081	4867
153406639	0	3532	4815	6043	4867
153406739	0	3574	4815	6086	4900
153406839	0	3546	4839	6067	4881
153406939	0	3532	4862	6104	4815
153407038	0	3522	4843	6072	4871
153407138	0	3574	4867	6100	4867
153407242	0	3537	4810	6081	4848
153407338	0	3555	4782	6081	4876
153407438	0	3504	4876	6076	4871
153407544	0	3598	4857	6062	4853
153407638	0	3583	4792	6062	4886
153407738	0	3499	4801	6114	4862
153407839	0	3518	4853	6062	4857
153407938	0	3546	4848	6072	4857
153408038	0	3522	4768	6062	4890
153408139	0	3560	4857	6095	4876
153408238	0	3522	4857	6081	4876
153408339	0	3541	4778	6086	4876
153408439	0	3504	4787	6053	4886
153408539	0	3527	4867	6090	4900
153408638	0	3527	4876	6090	4862
153408739	0	3513	4834	6067	4871
153408839	0	3513	4871	6081	4853
153408938	0	3574	4867	6081	4881
153409039	0	3541	4829	6076	4886
153409139	0	3569	4857	6072	4857
153409238	0	3508	4801	6081	4886
153409339	0	3537	4820	6090	4867
153409439	0	3429	4773	6104	4871
153409539	0	3462	4843	6109	4857
153409638	0	3443	4839	6072	4820
153409738	0	3457	4867	6081	4886
153409839	0	3382	4862	6062	4857
153409939	0	3373	4801	6067	4918
153410038	0	3373	4782	6076	4890
153410139	0	3298	4796	6076	4932
153410238	0	3350	4853	6095	4867
153410339	0	3401	4857	6076	4867
153410439	0	3434	4848	6100	4871
153410539	0	3359	4787	6072	4853
153410639	0	3415	4815	6076	4839
153410738	0	3364	4782	6114	4853
153410838	0	3443	4820	6133	4886
153410938	0	3415	4810	6062	4909
153411038	0	3340	4787	6095	4839
153411139	0	3457	4796	6081	4876
153411238	0	3415	4853	6090	4848
153411343	0	3359	4810	6086	4857
153411439	0	3420	4839	6104	4909
153411538	0	3401	4782	6072	4909
153411638	0	3447	4848	6057	4871
153411739	0	3452	4862	6090	4848
153411838	0	3429	4787	6109	4904
153411938	0	3425	4801	6100	4871
153412039	0	3415	4768	6076	4932
153412138	0	3438	4773	6100	4876
153412238	0	3364	4862	6072	4881
153412338	0	3411	4853	6100	4857
153412438	0	3504	4825	6081	4867
153412538	0	3466	4829	6081	4876
153412638	0	3471	4867	6086	4890
153412739	0	3406	4778	6062	4928
153412838	0	3457	4848	6095	4853
153412939	0	3471	4750	6072	4904
153413039	0	3452	4787	6118	4871
153413138	0	3471	4843	6090	4806
153413238	0	3490	4792	6067	4886
153413339	0	3480	4787	6053	4886
153413438	0	3551	4829	6090	4900
153413538	0	3485	4829	6057	4900
153413638	0	3476	4829	6090	4881
153413738	0	3494	4834	6086	4867
153413838	0	3490	4853	6057	4857
153413938	0	3490	4825	6081	4881
153414039	0	3504	4881	6076	4867
153414139	0	3494	4862	6081	4867
153414238	0	3499	4815	6072	4867
153414338	0	3504	4778	6072	4862
153414438	0	3490	4810	6086	4909
153414539	0	3490	4862	6095	4867
153414639	0	3551	4806	6086	4867
153414738	0	3485	4782	6057	4876
153414838	0	3476	4801	6057	4881
153414938	0	3452	4848	6118	4857
153415038	0	3499	4839	6100	4871
153415138	0	3522	4787	6057	4876
153415238	0	3485	4848	6067	4871
153415339	0	3508	4796	6072	4862
153415442	0	3532	4815	6072	4900
153415538	0	3518	4867	6109	4848
153415639	0	3499	4834	6081	4829
153415738	0	3490	4886	6072	4862
153415838	0	3485	4848	6086	4825
153415939	0	3490	4829	6081	4867
153416039	0	3452	4815	6100	4881
153416138	0	3494	4773	6100	4867
153416239	0	3462	4773	6076	4890
153416338	0	3579	4792	6072	4876
153416439	0	3546	4881	6086	4904
153416538	0	3462	4848	6090	4890
153416639	0	3466	4815	6095	4909
153416738	0	3560	4857	6095	4890
153416839	0	3499	4787	6072	4928
153416938	0	3504	4778	6104	4881
153417038	0	3485	4871	6118	4904
153417138	0	3513	4773	6118	4834
153417239	0	3532	4871	6081	4871
153417339	0	3532	4810	6062	4890
153417439	0	3537	4801	6067	4876
153417539	0	3504	4810	6104	4909
153417639	0	3551	4857	6062	4928
153417739	0	3579	4862	6081	4857
153417839	0	3546	4806	6072	4904
153417939	0	3518	4782	6076	4881
153418039	0	3504	4810	6067	4918
153418138	0	3560	4796	6086	4862
153418239	0	3490	4871	6104	4867
153418339	0	3480	4829	6114	4867
153418439	0	3513	4857	6109	4848
153418539	0	3508	4871	6086	4871
153418639	0	3522	4839	6048	4886
153418739	0	3457	4773	6128	4876
153418836	0	3476	4848	6081	4853
153418938	0	3490	4857	6072	4862
153419039	0	3494	4871	6086	4815
153419136	0	3513	4801	6104	4825
153419238	0	3537	4862	6072	4876
153419339	0	3494	4778	6095	4881
153419438	0	3522	4782	6109	4829
153419542	0	3508	4759	6100	4918
153419636	0	3476	4750	6067	4853
153419738	0	3508	4768	6104	4867
153419838	0	3551	4867	6104	4876
153419936	0	3541	4792	6090	4843
153420039	0	3494	4820	6104	4848
153420136	0	3527	4853	6090	4853
153420238	0	3490	4787	6104	4829
153420339	0	3471	4768	6053	4857
153420438	0	3447	4768	6114	4871
153420536	0	3452	4843	6095	4839
153420638	0	3537	4792	6090	4867
153420738	0	3466	4773	6118	4853
153420838	0	3508	4740	6114	4857
153420936	0	3476	4759	6128	4839
153421039	0	3490	4806	6104	4857
153421138	0	3476	4768	6090	4862
153421239	0	3518	4792	6100	4829
153421338	0	3522	4778	6118	4815
153421438	0	3485	4810	6100	4829
153421537	0	3494	4792	6100	4839
153421638	0	3494	4778	6100	4881
153421736	0	3485	4782	6118	4853
153421838	0	3537	4839	6109	4843
153421938	0	3499	4796	6118	4792
153422038	0	3499	4829	6062	4848
153422139	0	3480	4773	6104	4848
153422238	0	3476	4792	6118	4820
153422336	0	3504	4787	6086	4857
153422438	0	3518	4853	6114	4857
153422539	0	3499	4792	6100	4848
153422639	0	3537	4778	6118	4881
153422736	0	3504	4778	6095	4918
153422838	0	3494	4773	6100	4886
153422936	0	3508	4764	6104	4871
153423038	0	3439	4759	6123	4862
153423139	0	3490	4829	6081	4853
153423238	0	3462	4768	6095	4876
153423336	0	3471	4768	6095	4839
153423439	0	3485	4764	6114	4881
153423538	0	3476	4745	6109	4886
153423640	0	3518	4820	6114	4857
153423739	0	3466	4843	6081	4876
153423838	0	3504	4782	6086	4815
153423939	0	3504	4764	6086	4904
153424036	0	3447	4857	6104	4848
153424137	0	3447	4834	6118	4881
153424238	0	3490	4829	6114	4876
153424338	0	3364	4839	6072	4853
153424439	0	3452	4867	6114	4890
153424536	0	3466	4857	6118	4886
153424637	0	3466	4848	6086	4946
153424738	0	3513	4764	6100	4862
153424837	0	3494	4768	6100	4815
153424937	0	3443	4862	6123	4867
153425037	0	3466	4825	6104	4862
153425138	0	3574	4848	6104	4857
153425236	0	3466	4843	6100	4871
153425338	0	3494	4848	6114	4839
153425439	0	3499	4764	6100	4848
153425537	0	3457	4848	6123	4839
153425638	0	3443	4834	6095	4848
153425738	0	3439	4810	6072	4857
153425839	0	3466	4829	6109	4876
153425939	0	3466	4782	6114	4871
153426039	0	3382	4782	6147	4853
153426136	0	3340	4834	6128	4853
153426238	0	3406	4815	6100	4853
153426336	0	3392	4857	6100	4843
153426439	0	3298	4862	6128	4890
153426538	0	3312	4834	6109	4834
153426636	0	3279	4750	6109	4876
153426736	0	3443	4754	6123	4853
153426839	0	3387	4815	6109	4843
153426937	0	3396	4825	6090	4862
153427039	0	3354	4782	6100	4834
153427138	0	3387	4764	6118	4853
153427236	0	3270	4801	6109	4857
153427338	0	3340	4820	6109	4853
153427438	0	3331	4820	6123	4825
153427538	0	3466	4773	6100	4857
153427638	0	3256	4768	6123	4843
153427741	0	3452	4764	6118	4848
153427838	0	3326	4782	6142	4801
153427937	0	3368	4773	6118	4848
153428038	0	3387	4857	6086	4862
153428136	0	3307	4750	6104	4862
153428238	0	3466	4768	6090	4867
153428339	0	3471	4839	6104	4848
153428438	0	3471	4740	6095	4871
153428536	0	3471	4782	6104	4871
153428637	0	3425	4745	6095	4867
153428738	0	3415	4759	6100	4815
153428838	0	3415	4782	6090	4825
153428938	0	3387	4750	6128	4876
153429036	0	3411	4848	6100	4867
153429136	0	3396	4862	6142	4900
153429236	0	3387	4839	6095	4810
153429336	0	3406	4796	6095	4857
153429438	0	3457	4764	6081	4862
153429538	0	3368	4782	6095	4848
153429638	0	3439	4815	6133	4871
153429736	0	3447	4759	6114	4764
153429838	0	3462	4778	6128	4862
153429936	0	3443	4759	6128	4886
153430036	0	3447	4843	6095	4857
153430138	0	3429	4792	6109	4876
153430238	0	3396	4825	6114	4867
153430338	0	3443	4759	6086	4862
153430437	0	3411	4810	6118	4834
153430538	0	3420	4801	6072	4839
153430636	0	3480	4862	6109	4853
153430737	0	3499	4773	6137	4839
153430836	0	3476	4745	6128	4862
153430938	0	3396	4768	6095	4825
153431038	0	3438	4764	6133	4867
153431136	0	3457	4848	6109	4843
153431238	0	3447	4754	6090	4881
153431338	0	3565	4815	6109	4825
153431439	0	3485	4825	6118	4886
153431538	0	3466	4848	6133	4862
153431636	0	3392	4801	6133	4857
153431738	0	3392	4778	6137	4848
153431841	0	3392	4754	6123	4853
153431936	0	3429	4839	6114	4857
153432038	0	3480	4768	6118	4834
153432138	0	3466	4787	6128	4867
153432239	0	3438	4787	6095	4839
153432336	0	3466	4834	6095	4829
153432438	0	3457	4768	6114	4881
153432536	0	3284	4810	6114	4857
153432636	0	3293	4820	6118	4862
153432738	0	3378	4834	6114	4876
153432836	0	3434	4825	6118	4862
153432938	0	3382	4825	6100	4871
153433036	0	3443	4796	6114	4862
153433138	0	3345	4848	6114	4900
153433236	0	3438	4750	6128	4848
153433336	0	3382	4834	6114	4839
153433444	0	3494	4759	6104	4848
153433538	0	3447	4810	6128	4848
153433638	0	3466	4773	6118	4843
153433739	0	3494	4754	6147	4820
153433838	0	3447	4764	6123	4801
153433936	0	3518	4829	6128	4862
153434037	0	3518	4782	6118	4867
153434138	0	3490	4806	6114	4843
153434238	0	3490	4764	6118	4862
153434336	0	3466	4806	6109	4853
153434438	0	3490	4829	6109	4825
153434538	0	3513	4778	6104	4834
153434638	0	3541	4792	6104	4886
153434739	0	3476	4829	6109	4848
153434836	0	3471	4787	6118	4829
153434939	0	3415	4787	6123	4890
153435038	0	3425	4792	6133	4871
153435136	0	3354	4829	6109	4890
153435238	0	3471	4815	6118	4857
153435339	0	3439	4764	6123	4871
153435437	0	3457	4843	6156	4834
153435538	0	3476	4825	6086	4815
153435636	0	3447	4787	6114	4843
153435738	0	3429	4787	6109	4895
153435836	0	3438	4768	6109	4886
153435940	0	3522	4862	6114	4839
153436036	0	3466	4750	6081	4867
153436138	0	3527	4810	6095	4857
153436236	0	3476	4843	6128	4834
153436338	0	3532	4773	6133	4843
153436438	0	3494	4787	6109	4881
153436538	0	3466	4857	6095	4876
153436638	0	3476	4848	6095	4886
153436739	0	3447	4773	6133	4862
153436838	0	3354	4806	6109	4857
153436938	0	3555	4820	6128	4862
153437038	0	3457	4843	6123	4857
153437136	0	3321	4764	6114	4867
153437239	0	3490	4843	6104	4843
153437338	0	3429	4839	6090	4839
153437438	0	3452	4764	6104	4857
153437538	0	3471	4792	6076	4928
153437638	0	3490	4820	6100	4909
153437738	0	3508	4839	6118	4834
153437836	0	3471	4829	6137	4853
153437938	0	3504	4839	6109	4839
153438038	0	3541	4787	6109	4853
153438139	0	3551	4754	6118	4862
153438238	0	3490	4834	6118	4839
153438338	0	3508	4787	6081	4853
153438438	0	3508	4843	6095	4871
153438538	0	3504	4801	6095	4895
153438636	0	3527	4768	6123	4806
153438738	0	3504	4796	6109	4848
153438837	0	3593	4778	6095	4871
153438936	0	3518	4773	6109	4862
153439038	0	3504	4829	6095	4829
153439138	0	3485	4843	6118	4871
153439238	0	3508	4834	6090	4834
153439338	0	3527	4782	6100	4848
153439438	0	3574	4843	6142	4867
153439538	0	3354	4839	6114	4876
153439638	0	3522	4829	6095	4843
153439738	0	3574	4782	6109	4848
153439836	0	3480	4773	6109	4843
153439938	0	3335	4782	6114	4825
153440041	0	3494	4768	6086	4871
153440138	0	3490	4825	6104	4843
153440237	0	3494	4750	6123	4815
153440339	0	3504	4834	6137	4801
153440436	0	3494	4801	6123	4881
153440538	0	3494	4796	6095	4871
153440638	0	3471	4764	6114	4867
153440737	0	3466	4825	6137	4848
153440836	0	3508	4764	6104	4820
153440936	0	3480	4754	6118	4871
153441036	0	3504	4829	6090	4862
153441139	0	3555	4782	6133	4834
153441238	0	3537	4810	6118	4867
153441336	0	3439	4829	6123	4881
153441437	0	3508	4764	6086	4825
153441539	0	3499	4829	6090	4848
153441636	0	3438	4857	6104	4862
153441738	0	3532	4839	6081	4862
153441838	0	3485	4792	6118	4825
153441938	0	3527	4820	6090	4923
153442039	0	3532	4782	6086	4862
153442139	0	3513	4792	6076	4867
153442239	0	3490	4792	6104	4871
153442338	0	3485	4806	6118	4900
153442436	0	3466	4796	6133	4839
153442539	0	3457	4843	6086	4857
153442636	0	3443	4773	6137	4886
153442738	0	3551	4801	6128	4853
153442838	0	3574	4834	6137	4867
153442938	0	3494	4792	6123	4857
153443036	0	3546	4820	6090	4853
153443138	0	3532	4825	6090	4843
153443238	0	3579	4778	6062	4886
153443338	0	3569	4820	6128	4857
153443436	0	3537	4792	6118	4853
153443538	0	3579	4768	6090	4881
153443638	0	3574	4806	6133	4881
153443738	0	3537	4815	6086	4857
153443838	0	3565	4787	6118	4900
153443936	0	3565	4871	6118	4881
153444039	0	3565	4778	6128	4886
153444140	0	3612	4782	6062	4900
153444238	0	3522	4782	6128	4900
153444338	0	3401	4796	6133	4848
153444438	0	3555	4857	6081	4890
153444536	0	3569	4764	6090	4820
153444638	0	3120	4806	6086	4867
153444736	0	3438	4820	6114	4853
153444838	0	3761	4853	6072	4867
153444938	0	3701	4768	6086	4876
153445038	0	3607	4764	6095	4834
153445138	0	3588	4764	6081	4853
153445238	0	3593	4740	6104	4839
153445336	0	3555	4764	6137	4886
153445438	0	3588	4764	6086	4876
153445538	0	3574	4759	6095	4857
153445638	0	3541	4773	6095	4862
153445738	0	3569	4778	6109	4862
153445838	0	3579	4862	6104	4796
153445938	0	3607	4815	6118	4886
153446038	0	3588	4843	6095	4834
153446138	0	3532	4825	6081	4871
153446238	0	3546	4848	6104	4862
153446338	0	3565	4876	6067	4876
153446439	0	3551	4764	6100	4829
153446538	0	3574	4768	6133	4853
153446639	0	3579	4801	6114	4810
153446738	0	3616	4834	6095	4871
153446839	0	3415	4778	6095	4886
153446938	0	3687	4825	6081	4881
153447038	0	3396	4778	6114	4886
153447138	0	3527	4810	6100	4881
153447238	0	3508	4834	6109	4862
153447339	0	3499	4848	6109	4825
153447438	0	3513	4857	6118	4895
153447538	0	3504	4782	6100	4871
153447638	0	3513	4792	6128	4853
153447738	0	3494	4810	6109	4857
153447838	0	3593	4792	6086	4853
153447938	0	3546	4820	6104	4853
153448038	0	3565	4792	6090	4871
153448138	0	3565	4843	6100	4834
153448240	0	3537	4778	6114	4876
153448338	0	3579	4857	6104	4890
153448439	0	3583	4782	6109	4867
153448538	0	3607	4848	6118	4923
153448638	0	3593	4773	6086	4857
153448738	0	3616	4862	6081	4923
153448838	0	3565	4825	6072	4914
153448938	0	3555	4815	6100	4876
153449038	0	3612	4871	6072	4918
153449138	0	3593	4871	6109	4881
153449238	0	3565	4848	6076	4876
153449338	0	3598	4829	6081	4853
153449438	0	3537	4862	6100	4829
153449538	0	3583	4867	6114	4876
153449638	0	3555	4787	6086	4909
153449739	0	3569	4871	6104	4909
153449838	0	3565	4796	6090	4867
153449938	0	3555	4867	6090	4876
153450038	0	3537	4834	6095	4895
153450138	0	3579	4843	6072	4825
153450238	0	3598	4857	6086	4839
153450338	0	3569	4825	6081	4853
153450438	0	3593	4839	6081	4857
153450538	0	3537	4839	6086	4825
153450638	0	3537	4834	6072	4871
153450738	0	3513	4810	6123	4871
153450838	0	3490	4801	6095	4904
153450938	0	3485	4871	6081	4904
153451038	0	3527	4778	6104	4890
153451138	0	3513	4792	6090	4871
153451238	0	3494	4857	6123	4853
153451338	0	3532	4871	6090	4876
153451439	0	3522	4810	6086	4839
153451538	0	3532	4867	6076	4843
153451638	0	3569	4867	6076	4871
153451738	0	3504	4862	6086	4876
153451838	0	3579	4806	6100	4918
153451939	0	3569	4871	6100	4862
153452038	0	3541	4792	6104	4853
153452138	0	3574	4848	6100	4862
153452238	0	3607	4764	6076	4871
153452340	0	3579	4825	6095	4825
153452438	0	3598	4829	6123	4871
153452538	0	3593	4834	6095	4862
153452638	0	3551	4810	6114	4881
153452738	0	3602	4857	6086	4867
153452838	0	3551	4787	6114	4810
153452938	0	3612	4886	6086	4876
153453039	0	3579	4792	6076	4886
153453138	0	3588	4853	6076	4904
153453238	0	3588	4796	6081	4946
153453338	0	3598	4857	6076	4839
153453438	0	3616	4862	6114	4876
153453538	0	3607	4806	6095	4904
153453638	0	3593	4787	6104	4857
153453738	0	3616	4801	6067	4932
153453838	0	3598	4825	6100	4876
153453938	0	3640	4778	6095	4862
153454038	0	3644	4825	6086	4890
153454138	0	3626	4820	6090	4876
153454239	0	3593	4750	6086	4867
153454338	0	3588	4806	6086	4815
153454438	0	3583	4778	6067	4923
153454538	0	3593	4782	6104	4876
153454638	0	3583	4867	6072	4825
153454739	0	3588	4768	6114	4909
153454838	0	3593	4834	6104	4923
153454938	0	3574	4848	6081	4881
153455038	0	3565	4848	6095	4829
153455138	0	3574	4834	6095	4848
153455238	0	3593	4848	6104	4900
153455338	0	3555	4843	6086	4862
153455438	0	3565	4839	6072	4862
153455538	0	3583	4801	6081	4857
153455638	0	3532	4862	6095	4848
153455738	0	3574	4792	6090	4829
153455838	0	3555	4829	6086	4909
153455938	0	3569	4876	6104	4871
153456038	0	3560	4787	6090	4857
153456138	0	3565	4843	6123	4848
153456238	0	3560	4810	6109	4871
153456338	0	3588	4848	6100	4871
153456440	0	3574	4876	6100	4876
153456538	0	3565	4782	6100	4815
153456638	0	3537	4778	6090	4848
153456738	0	3551	4787	6081	4857
153456838	0	3532	4867	6086	4886
153456938	0	3546	4825	6081	4839
153457038	0	3565	4825	6109	4876
153457138	0	3574	4825	6123	4857
153457238	0	3560	4806	6095	4862
153457338	0	3560	4871	6109	4829
153457438	0	3560	4806	6104	4904
153457538	0	3551	4815	6095	4904
153457638	0	3546	4825	6104	4834
153457738	0	3574	4857	6062	4900
153457838	0	3593	4778	6100	4871
153457938	0	3574	4778	6067	4881
153458038	0	3583	4857	6081	4862
153458138	0	3588	4796	6100	4904
153458238	0	3579	4829	6090	4876
153458338	0	3602	4862	6114	4890
153458438	0	3612	4829	6100	4890
153458538	0	3602	4857	6057	4857
153458638	0	3574	4853	6104	4937
153458738	0	3593	4782	6114	4890
153458838	0	3569	4839	6109	4881
153458938	0	3583	4773	6104	4876
153459038	0	3583	4871	6072	4862
153459138	0	3560	4871	6076	4871
153459238	0	3555	4843	6104	4853
153459344	0	3546	4853	6095	4862
153459438	0	3612	4782	6109	4848
153459538	0	3569	4768	6090	4871
153459638	0	3537	4890	6086	4932
153459738	0	3551	4848	6109	4871
153459838	0	3555	4796	6090	4914
153459938	0	3598	4876	6090	4867
153500038	0	3537	4834	6090	4867
153500138	0	3537	4787	6081	4867
153500238	0	3546	4834	6086	4871
153500338	0	3541	4881	6081	4853
153500438	0	3555	4806	6072	4881
153500540	0	3532	4853	6100	4886
153500638	0	3555	4857	6086	4862
153500738	0	3522	4815	6123	4834
153500838	0	3518	4839	6100	4862
153500938	0	3518	4773	6095	4895
153501038	0	3546	4796	6095	4825
153501138	0	3532	4839	6114	4928
153501238	0	3551	4857	6114	4895
153501338	0	3579	4843	6104	4876
153501438	0	3551	4815	6114	4928
153501538	0	3569	4787	6076	4862
153501638	0	3560	4834	6067	4815
153501736	0	3560	4867	6062	4834
153501836	0	3537	4782	6076	4862
153501938	0	3527	4815	6067	4848
153502036	0	3541	4848	6128	4890
153502136	0	3555	4801	6072	4881
153502238	0	3518	4806	6104	4843
153502338	0	3560	4862	6114	4853
153502436	0	3513	4839	6086	4843
153502536	0	3518	4792	6114	4876
153502636	0	3551	4857	6109	4867
153502736	0	3574	4810	6104	4853
153502836	0	3546	4853	6081	4848
153502936	0	3546	4796	6095	4886
153503036	0	3499	4773	6109	4895
153503135	0	3518	4801	6067	4848
153503236	0	3551	4787	6076	4853
153503336	0	3541	4806	6086	4862
153503436	0	3555	4796	6109	4886
153503538	0	3588	4801	6095	4839
153503636	0	3593	4829	6100	4876
153503736	0	3598	4773	6118	4843
153503836	0	3555	4857	6118	4857
153503936	0	3598	4839	6118	4900
153504038	0	3593	4843	6076	4876
153504136	0	3555	4801	6100	4871
153504236	0	3616	4820	6114	4834
153504338	0	3588	4810	6114	4862
153504438	0	3551	4792	6118	4876
153504536	0	3565	4843	6100	4796
153504640	0	3537	4834	6090	4862
153504735	0	3527	4857	6104	4862
153504836	0	3522	4867	6133	4867
153504935	0	3532	4867	6090	4862
153505036	0	3532	4867	6100	4867
153505136	0	3490	4853	6109	4839
153505236	0	3457	4773	6118	4857
153505338	0	3471	4796	6095	4876
153505436	0	3439	4796	6109	4871
153505536	0	3447	4820	6095	4890
153505638	0	3504	4759	6100	4843
153505736	0	3527	4857	6100	4871
153505836	0	3485	4857	6095	4867
153505936	0	3476	4857	6095	4843
153506038	0	3494	4862	6109	4829
153506137	0	3527	4839	6104	4871
153506236	0	3537	4787	6123	4857
153506336	0	3565	4848	6104	4871
153506438	0	3532	4853	6128	4876
153506536	0	3537	4820	6095	4857
153506636	0	3560	4801	6100	4871
153506738	0	3569	4796	6123	4886
153506838	0	3555	4853	6086	4848
153506936	0	3537	4867	6076	4876
153507037	0	3522	4778	6086	4857
153507135	0	3560	4853	6104	4871
153507236	0	3532	4862	6123	4857
153507336	0	3546	4829	6067	4876
153507436	0	3551	4829	6095	4853
153507536	0	3490	4801	6100	4881
153507636	0	3532	4839	6104	4876
153507736	0	3522	4820	6104	4881
153507836	0	3532	4876	6081	4815
153507936	0	3522	4801	6081	4834
153508036	0	3541	4825	6095	4853
153508136	0	3518	4853	6100	4857
153508236	0	3522	4834	6086	4862
153508336	0	3508	4857	6090	4848
153508436	0	3555	4857	6100	4862
153508536	0	3513	4839	6095	4867
153508636	0	3546	4843	6090	4904
153508740	0	3537	4848	6100	4890
153508836	0	3508	4871	6090	4867
153508936	0	3513	4876	6104	4825
153509036	0	3546	4862	6100	4871
153509135	0	3522	4825	6086	4881
153509236	0	3555	4834	6081	4876
153509336	0	3508	4801	6100	4876
153509436	0	3537	4801	6067	4857
153509536	0	3551	4782	6086	4909
153509636	0	3532	4796	6090	4853
153509736	0	3532	4839	6114	4857
153509836	0	3569	4876	6114	4914
153509935	0	3560	4853	6100	4876
153510036	0	3565	4867	6081	4909
153510136	0	3593	4886	6086	4909
153510236	0	3583	4782	6090	4871
153510336	0	3574	4857	6072	4904
153510436	0	3565	4876	6090	4918
153510536	0	3565	4857	6086	4857
153510636	0	3574	4857	6081	4871
153510736	0	3607	4862	6090	4886
153510836	0	3541	4792	6090	4843
153510936	0	3537	4881	6076	4867
153511036	0	3602	4810	6081	4890
153511136	0	3659	4796	6086	4834
153511236	0	3701	4792	6090	4886
153511335	0	3663	4867	6109	4876
153511436	0	3682	4825	6081	4881
153511536	0	3682	4857	6100	4857
153511636	0	3659	4825	6128	4909
153511736	0	3565	4848	6057	4881
153511836	0	3579	4867	6104	4862
153511936	0	3579	4843	6081	4914
153512036	0	3569	4778	6072	4839
153512136	0	3551	4862	6076	4904
153512235	0	3579	4801	6118	4932
153512336	0	3602	4815	6086	4900
153512436	0	3598	4867	6109	4895
153512536	0	3607	4759	6137	4843
153512636	0	3602	4820	6123	4923
153512736	0	3593	4773	6118	4904
153512840	0	3621	4871	6104	4862
153512936	0	3612	4801	6090	4895
153513036	0	3574	4825	6128	4914
153513135	0	3569	4871	6109	4900
153513236	0	3602	4853	6100	4909
153513335	0	3602	4787	6114	4871
153513436	0	3579	4754	6128	4932
153513535	0	3569	4853	6109	4876
153513636	0	3612	4787	6090	4890
153513736	0	3583	4782	6090	4881
153513836	0	3612	4834	6086	4881
153513935	0	3593	4782	6090	4932
153514036	0	3579	4853	6100	4871
153514136	0	3602	4834	6114	4862
153514235	0	3579	4806	6090	4862
153514338	0	3579	4820	6137	4876
153514436	0	3574	4857	6086	4871
153514535	0	3551	4782	6128	4932
153514636	0	3560	4839	6076	4914
153514736	0	3569	4768	6118	4886
153514836	0	3574	4829	6114	4876
153514936	0	3541	4834	6100	4881
153515036	0	3560	4773	6090	4848
153515135	0	3555	4787	6137	4876
153515236	0	3602	4806	6114	4848
153515335	0	3602	4768	6114	4890
153515436	0	3555	4900	6072	4904
153515535	0	3560	4829	6104	4881
153515636	0	3598	4829	6109	4862
153515735	0	3579	4871	6123	4904
153515836	0	3579	4857	6104	4886
153515935	0	3583	4825	6104	4839
153516036	0	3588	4815	6123	4853
153516137	0	3583	4778	6109	4886
153516236	0	3593	4834	6104	4890
153516335	0	3560	4787	6118	4857
153516436	0	3565	4787	6128	4867
153516536	0	3574	4834	6104	4900
153516636	0	3569	4853	6118	4825
153516736	0	3579	4820	6090	4881
153516836	0	3574	4787	6109	4909
153516940	0	3583	4848	6114	4918
153517036	0	3583	4848	6128	4862
153517136	0	3555	4871	6123	4876
153517236	0	3565	4782	6133	4918
153517336	0	3551	4876	6100	4881
153517436	0	3598	4848	6090	4895
153517536	0	3565	4815	6086	4886
153517636	0	3555	4867	6095	4886
153517736	0	3574	4862	6109	4881
153517836	0	3555	4853	6081	4881
153517936	0	3555	4834	6109	4886
153518036	0	3579	4867	6104	4876
153518136	0	3527	4801	6086	4914
153518236	0	3551	4853	6072	4904
153518336	0	3522	4825	6109	4848
153518435	0	3546	4801	6104	4942
153518535	0	3569	4815	6118	4825
153518635	0	3508	4764	6081	4810
153518736	0	3569	4834	6104	4857
153518836	0	3494	4876	6072	4857
153518936	0	3551	4815	6086	4843
153519036	0	3522	4834	6109	4895
153519135	0	3527	4881	6086	4918
153519236	0	3522	4857	6114	4881
153519336	0	3522	4881	6123	4890
153519436	0	3527	4834	6090	4928
153519536	0	3569	4857	6100	4876
153519636	0	3569	4834	6067	4862
153519736	0	3541	4862	6090	4862
153519836	0	3588	4853	6062	4881
153519936	0	3527	4843	6104	4843
153520036	0	3574	4857	6072	4876
153520136	0	3565	4862	6076	4867
153520236	0	3569	4862	6081	4904
153520336	0	3565	4796	6086	4886
153520436	0	3598	4839	6142	4867
153520535	0	3579	4787	6128	4876
153520636	0	3602	4853	6118	4918
153520736	0	3546	4829	6067	4895
153520835	0	3569	4792	6123	4886
153520936	0	3565	4801	6067	4876
153521040	0	3569	4834	6118	4937
153521135	0	3579	4876	6104	4871
153521236	0	3537	4839	6067	4876
153521336	0	3569	4862	6081	4904
153521436	0	3560	4810	6123	4890
153521535	0	3598	4867	6090	4886
153521636	0	3537	4848	6104	4843
153521735	0	3602	4801	6062	4881
153521836	0	3565	4782	6081	4895
153521936	0	3555	4796	6086	4918
153522036	0	3560	4792	6090	4843
153522135	0	3583	4792	6090	4914
153522236	0	3598	4848	6081	4900
153522336	0	3574	4792	6072	4890
153522436	0	3579	4796	6086	4876
153522535	0	3579	4764	6090	4862
153522636	0	3569	4792	6090	4848
153522736	0	3555	4839	6090	4890
153522836	0	3583	4829	6109	4857
153522936	0	3565	4862	6081	4914
153523036	0	3621	4773	6090	4923
153523135	0	3551	4848	6123	4862
153523235	0	3565	4857	6109	4890
153523335	0	3602	4829	6114	4881
153523436	0	3588	4787	6114	4829
153523535	0	3583	4801	6081	4862
153523636	0	3574	4782	6100	4890
153523735	0	3588	4764	6137	4890
153523836	0	3588	4764	6123	4890
153523936	0	3616	4829	6114	4862
153524036	0	3565	4801	6090	4956
153524135	0	3583	4768	6104	4932
153524236	0	3593	4782	6090	4853
153524335	0	3574	4806	6123	4848
153524436	0	3588	4839	6095	4961
153524536	0	3537	4815	6100	4881
153524636	0	3583	4857	6123	4839
153524735	0	3569	4867	6081	4871
153524836	0	3602	4853	6109	4829
153524936	0	3522	4876	6081	4890
153525036	0	3537	4881	6104	4881
153525139	0	3555	4820	6104	4932
153525236	0	3569	4871	6104	4871
153525336	0	3598	4876	6081	4843
153525436	0	3560	4810	6081	4904
153525535	0	3593	4820	6109	4932
153525636	0	3588	4792	6100	4951
153525736	0	3593	4829	6114	4871
153525835	0	3574	4843	6095	4890
153525935	0	3565	4810	6133	4876
153526035	0	3574	4862	6114	4853
153526135	0	3574	4806	6081	4890
153526236	0	3574	4839	6104	4886
153526336	0	3607	4810	6114	4862
153526436	0	3560	4829	6109	4829
153526536	0	3583	4796	6090	4857
153526636	0	3546	4857	6109	4886
153526736	0	3612	4792	6114	4843
153526836	0	3593	4857	6076	4881
153526936	0	3574	4796	6086	4876
153527036	0	3565	4848	6114	4895
153527135	0	3569	4782	6100	4871
153527235	0	3569	4867	6109	4867
153527335	0	3579	4829	6109	4871
153527435	0	3593	4848	6100	4890
153527536	0	3598	4778	6095	4918
153527636	0	3598	4810	6081	4918
153527736	0	3598	4862	6072	4853
153527836	0	3616	4778	6133	4914
153527936	0	3574	4796	6086	4862
153528035	0	3588	4843	6072	4862
153528135	0	3588	4801	6118	4848
153528236	0	3588	4782	6086	4904
153528336	0	3607	4848	6067	4853
153528436	0	3546	4782	6104	4857
153528536	0	3579	4857	6086	4829
153528636	0	3593	4792	6109	4867
153528736	0	3583	4867	6086	4848
153528836	0	3579	4825	6104	4848
153528935	0	3565	4848	6081	4881
153529036	0	3598	4839	6072	4862
153529135	0	3541	4792	6100	4839
153529240	0	3579	4787	6057	4890
153529336	0	3593	4787	6072	4862
153529436	0	3602	4792	6123	4909
153529535	0	3569	4825	6086	4895
153529735	0	3574	4778	6090	4853
153529836	0	3569	4820	6095	4853
153529936	0	3588	4871	6076	4881
153530035	0	3579	4871	6109	4909
153530136	0	3588	4857	6128	4886
153530236	0	3607	4871	6118	4886
153530335	0	3621	4806	6123	4834
153530436	0	3579	4853	6114	4876
153530536	0	3598	4839	6095	4853
153530635	0	3593	4867	6123	4839
153530736	0	3621	4886	6118	4867
153530835	0	3598	4778	6118	4867
153530935	0	3583	4876	6076	4834
153531036	0	3612	4839	6133	4848
153531135	0	3602	4848	6100	4942
153531235	0	3598	4848	6118	4895
153531335	0	3621	4862	6114	4848
153531436	0	3593	4876	6123	4876
153531536	0	3602	4810	6137	4871
153531636	0	3612	4843	6090	4853
153531735	0	3588	4853	6100	4890
153531836	0	3607	4857	6100	4890
153531936	0	3598	4834	6123	4820
153532035	0	3602	4782	6067	4843
153532136	0	3579	4787	6109	4923
153532236	0	3612	4857	6067	4867
153532536	0	3602	4857	6067	4904
153532635	0	3583	4853	6076	4867
153532735	0	3583	4881	6081	4881
153532835	0	3602	4871	6123	4853
153532935	0	3593	4792	6076	4825
153533036	0	3621	4782	6095	4914
153533135	0	3579	4787	6072	4862
153533236	0	3588	4834	6081	4871
153533339	0	3565	4886	6114	4890
153533435	0	3593	4857	6100	4871
153533535	0	3621	4867	6128	4928
153533635	0	3583	4815	6086	4900
153533735	0	3602	4796	6100	4900
153533836	0	3607	4778	6118	4914
153533936	0	3607	4876	6128	4881
153534236	0	3626	4853	6109	4909
153534335	0	3583	4871	6118	4871
153534435	0	3616	4848	6109	4853
153534536	0	3612	4848	6109	4867
153534635	0	3607	4810	6090	4918
153534736	0	3588	4792	6109	4867
153534836	0	3598	4839	6072	4900
153535135	0	3602	4815	6081	4946
153535235	0	3593	4810	6109	4867
153535336	0	3598	4867	6137	4867
153535435	0	3569	4843	6104	4881
153535535	0	3612	4862	6090	4876
153535636	0	3583	4801	6104	4881
153535736	0	3588	4834	6133	4881
153535835	0	3588	4848	6086	4886
153535936	0	3574	4796	6090	4886
153536036	0	3565	4778	6128	4867
153536135	0	3668	4787	6072	4871
153536235	0	3663	4810	6109	4886
153536335	0	3583	4862	6095	4853
153536435	0	3541	4829	6095	4857
153536535	0	3513	4829	6109	4853
153536636	0	3480	4834	6100	4853
153536736	0	3415	4796	6109	4862
153536835	0	3382	4792	6109	4843
153536936	0	3677	4848	6090	4871
153537036	0	3649	4862	6095	4853
153537135	0	3583	4796	6104	4829
153537235	0	3518	4843	6090	4857
153537335	0	3560	4787	6081	4886
153537439	0	3574	4839	6100	4871
153537535	0	3630	4853	6090	4876
153537636	0	3644	4862	6133	4839
153537735	0	3673	4834	6128	4876
153537835	0	3682	4881	6067	4890
153537935	0	3691	4801	6090	4886
153538036	0	3687	4853	6118	4890
153538135	0	3687	4857	6067	4932
153538236	0	3719	4867	6104	4820
153538335	0	3701	4806	6100	4923
153538435	0	3705	4787	6100	4848
153538536	0	3701	4768	6086	4867
153538636	0	3710	4857	6090	4848
153538735	0	3701	4857	6090	4857
153538835	0	3719	4768	6114	4867
153538936	0	3715	4815	6118	4862
153539035	0	3715	4843	6100	4848
153539135	0	3734	4876	6123	4900
153539235	0	3687	4796	6086	4871
153539336	0	3705	4862	6090	4857
153539435	0	3494	4848	6086	4843
153539535	0	3490	4806	6095	4876
153539636	0	3532	4773	6123	4862
153539735	0	3598	4825	6076	4876
153539835	0	3583	4796	6104	4876
153539936	0	3565	4834	6090	4900
153540035	0	3593	4853	6076	4904
153540336	0	3593	4792	6109	4839
153540436	0	3696	4848	6081	4871
153540535	0	3659	4867	6100	4904
153540635	0	3626	4853	6090	4871
153540736	0	3588	4843	6086	4839
153540835	0	3635	4857	6118	4876
153540936	0	3621	4876	6090	4890
153541036	0	3551	4843	6057	4881
153541136	0	3522	4801	6067	4914
153541235	0	3537	4834	6086	4862
153541336	0	3485	4871	6118	4904
153541436	0	3443	4867	6109	4904
153541539	0	3340	4867	6128	4881
153541635	0	3401	4810	6095	4942
153541736	0	3378	4792	6072	4881
153541835	0	3246	4796	6090	4871
153541935	0	3279	4839	6067	4857
153542035	0	3232	4853	6104	4871
153542136	0	3199	4843	6109	4839
153542236	0	3476	4806	6095	4900
153542336	0	3359	4764	6123	4918
153542435	0	3438	4806	6123	4895
153542536	0	3326	4806	6095	4834
153542636	0	3279	4815	6086	4876
153542736	0	3265	4806	6123	4867
153542835	0	3270	4759	6104	4834
153542936	0	3293	4829	6128	4848
153543035	0	3251	4806	6123	4881
153543136	0	3260	4787	6109	4862
153543236	0	3364	4853	6118	4876
153543336	0	3415	4857	6086	4871
153543436	0	3443	4778	6095	4867
153543535	0	3447	4782	6095	4853
153543636	0	3438	4853	6095	4886
153543736	0	3326	4764	6090	4881
153543835	0	3307	4792	6142	4881
153543935	0	3204	4829	6109	4867
153544035	0	3185	4848	6118	4890
153544135	0	3199	4782	6090	4857
153544235	0	3228	4773	6128	4895
153544335	0	3232	4764	6123	4857
153544435	0	3354	4782	6100	4871
153544535	0	3303	4834	6118	4904
153544636	0	3434	4839	6123	4881
153544736	0	3382	4848	6100	4881
153544835	0	3406	4820	6137	4843
153544935	0	3382	4820	6137	4900
153545035	0	3312	4754	6109	4853
153545136	0	3326	4876	6095	4881
153545235	0	3425	4848	6100	4857
153545335	0	3265	4782	6133	4857
153545436	0	3480	4871	6128	4895
153545536	0	3452	4792	6114	4904
153545639	0	3382	4773	6128	4928
153545735	0	3522	4857	6090	4890
153545836	0	3504	4843	6104	4881
153545936	0	3555	4829	6118	4862
153546035	0	3480	4778	6123	4867
153546136	0	3499	4754	6114	4900
153546236	0	3583	4768	6118	4932
153546335	0	3490	4867	6100	4876
153546436	0	3508	4843	6128	4806
153546535	0	3518	4862	6123	4895
153546635	0	3504	4768	6109	4942
153546735	0	3551	4857	6095	4904
153546836	0	3583	4829	6151	4918
153546936	0	3532	4773	6100	4871
153547035	0	3508	4796	6104	4890
153547136	0	3546	4820	6086	4881
153547236	0	3518	4853	6104	4909
153547335	0	3607	4778	6104	4867
153547436	0	3588	4862	6109	4923
153547535	0	3616	4834	6109	4867
153547636	0	3616	4886	6104	4890
153547735	0	3588	4848	6104	4857
153547835	0	3593	4778	6076	4886
153547935	0	3640	4848	6114	4918
153548035	0	3640	4853	6142	4876
153548136	0	3630	4848	6100	4909
153548236	0	3630	4839	6109	4871
153548335	0	3635	4787	6114	4839
153548435	0	3640	4862	6095	4871
153548535	0	3635	4871	6123	4914
153548635	0	3644	4867	6142	4923
153548736	0	3616	4867	6109	4895
153548836	0	3621	4768	6109	4890
153548935	0	3630	4792	6137	4848
153549035	0	3607	4857	6109	4914
153549135	0	3602	4862	6128	4871
153549235	0	3598	4862	6072	4834
153549336	0	3612	4853	6118	4881
153549436	0	3607	4806	6123	4848
153549536	0	3583	4881	6086	4867
153549636	0	3593	4876	6118	4871
153549739	0	3612	4801	6114	4857
153549835	0	3574	4773	6100	4848
153549935	0	3565	4881	6133	4909
153550035	0	3565	4782	6109	4881
153550136	0	3579	4848	6076	4886
153550236	0	3537	4862	6081	4843
153550336	0	3546	4810	6062	4862
153550435	0	3522	4881	6072	4914
153550536	0	3560	4801	6090	4871
153550635	0	3546	4815	6114	4848
153550735	0	3537	4886	6095	4834
153550836	0	3513	4871	6114	4839
153550935	0	3532	4829	6067	4900
153551035	0	3555	4815	6090	4904
153551136	0	3527	4853	6090	4843
153551235	0	3522	4810	6081	4876
153551336	0	3546	4853	6076	4867
153551435	0	3518	4810	6081	4876
153551535	0	3555	4867	6095	4843
153551636	0	3546	4857	6086	4886
153551735	0	3508	4848	6104	4918
153551835	0	3565	4862	6095	4853
153551936	0	3555	4810	6076	4914
153552035	0	3546	4782	6053	4876
153552136	0	3541	4867	6081	4871
153552235	0	3541	4876	6104	4909
153552335	0	3537	4848	6095	4895
153552435	0	3602	4876	6100	4871
153552536	0	3593	4862	6104	4886
153552636	0	3560	4801	6067	4881
153552735	0	3583	4806	6100	4839
153552835	0	3565	4871	6100	4881
153553036	0	3569	4886	6109	4867
153553136	0	3588	4792	6123	4890
153553235	0	3569	4857	6128	4848
153553335	0	3602	4862	6095	4843
153553436	0	3602	4782	6100	4881
153553535	0	3565	4820	6095	4895
153553635	0	3555	4839	6118	4900
153553735	0	3560	4792	6118	4839
153553840	0	3602	4834	6109	4867
153553935	0	3546	4848	6090	4895
153554035	0	3583	4792	6114	4900
153554135	0	3579	4867	6072	4876
153554235	0	3541	4848	6086	4848
153554335	0	3541	4825	6123	4867
153554435	0	3551	4778	6086	4876
153554535	0	3579	4843	6104	4890
153554635	0	3593	4778	6123	4820
153554736	0	3588	4848	6109	4904
153554835	0	3588	4810	6104	4862
153554935	0	3607	4796	6142	4876
153555036	0	3593	4834	6090	4886
153555136	0	3612	4853	6095	4871
153555236	0	3583	4848	6095	4876
153555335	0	3602	4806	6095	4829
153555436	0	3579	4876	6090	4900
153555535	0	3579	4796	6090	4876
153555635	0	3598	4810	6133	4886
153555735	0	3583	4796	6118	4886
153555835	0	3579	4848	6142	4867
153555935	0	3607	4815	6057	4857
153556035	0	3607	4857	6104	4895
153556135	0	3644	4862	6114	4904
153556235	0	3626	4853	6090	4867
153556336	0	3635	4773	6104	4829
153556435	0	3616	4848	6118	4867
153556535	0	3616	4839	6114	4932
153556635	0	3602	4839	6151	4890
153556735	0	3616	4843	6109	4867
153556835	0	3579	4857	6109	4928
153556935	0	3588	4848	6090	4848
153557035	0	3612	4867	6109	4834
153557135	0	3607	4815	6104	4867
153557236	0	3579	4848	6086	4871
153557336	0	3593	4810	6090	4862
153557435	0	3583	4787	6095	4876
153557536	0	3579	4857	6123	4904
153557635	0	3560	4815	6123	4857
153557736	0	3574	4857	6090	4876
153557836	0	3607	4792	6081	4890
153557940	0	3616	4857	6114	4932
153558035	0	3551	4839	6104	4881
153558135	0	3602	4881	6090	4886
153558235	0	3579	4787	6072	4881
153558336	0	3598	4862	6128	4825
153558436	0	3569	4825	6123	4867
153558535	0	3607	4848	6104	4890
153558636	0	3569	4871	6128	4871
153558735	0	3555	4787	6090	4886
153558835	0	3574	4839	6109	4900
153558935	0	3555	4782	6095	4876
153559035	0	3593	4890	6090	4867
153559135	0	3579	4773	6090	4839
153559236	0	3508	4857	6072	4853
153559335	0	3579	4871	6086	4867
153559436	0	3546	4867	6090	4881
153559535	0	3598	4848	6100	4867
153559635	0	3522	4839	6081	4848
153559735	0	3527	4876	6095	4881
153559835	0	3598	4848	6095	4862
153559936	0	3602	4862	6086	4876
153600036	0	3569	4810	6100	4876
153600135	0	3532	4810	6090	4895
153600235	0	3602	4862	6095	4825
153600335	0	3555	4829	6118	4820
153600436	0	3541	4848	6109	4848
153600535	0	3569	4881	6109	4843
153600635	0	3546	4881	6057	4867
153600735	0	3593	4886	6095	4862
153600835	0	3532	4810	6086	4886
153600935	0	3565	4834	6100	4871
153601035	0	3551	4843	6076	4876
153601135	0	3574	4773	6104	4848
153601235	0	3522	4796	6086	4895
153601336	0	3607	4848	6086	4834
153601435	0	3546	4806	6090	4890
153601535	0	3522	4768	6104	4881
153601636	0	3537	4787	6114	4834
153601735	0	3574	4801	6090	4853
153601836	0	3485	4825	6086	4853
153601935	0	3541	4857	6086	4815
153602037	0	3504	4792	6100	4843
153602135	0	3490	4834	6090	4904
153602235	0	3546	4782	6090	4876
153602335	0	3522	4820	6090	4857
153602435	0	3378	4876	6076	4862
153602536	0	3551	4834	6100	4834
153602635	0	3579	4787	6095	4810
153602735	0	3574	4829	6095	4857
153602835	0	3602	4862	6100	4853
153602936	0	3569	4820	6072	4862
153603035	0	3598	4801	6076	4834
153603135	0	3537	4796	6090	4829
153603235	0	3532	4815	6095	4867
153603336	0	3612	4853	6086	4839
153603435	0	3602	4867	6109	4895
153603636	0	3593	4825	6081	4871
153603735	0	3593	4857	6081	4843
153603835	0	3598	4848	6104	4829
153603936	0	3593	4787	6104	4862
153604035	0	3593	4796	6086	4890
153604135	0	3649	4867	6104	4853
153604235	0	3607	4782	6114	4904
153604335	0	3612	4825	6104	4867
153604435	0	3612	4857	6095	4848
153604536	0	3602	4862	6123	4857
153604635	0	3635	4853	6114	4881
153604735	0	3640	4825	6081	4886
153604835	0	3630	4848	6095	4857
153604935	0	3640	4801	6109	4886
153605035	0	3682	4829	6095	4848
153605135	0	3649	4801	6123	4890
153605235	0	3659	4778	6076	4843
153605335	0	3701	4848	6095	4876
153605435	0	3654	4810	6081	4886
153605535	0	3677	4810	6104	4946
153605635	0	3659	4853	6114	4857
153605735	0	3649	4867	6109	4890
153605836	0	3635	4839	6109	4871
153605935	0	3635	4839	6137	4857
153606035	0	3630	4792	6118	4867
153606138	0	3644	4867	6104	4848
153606235	0	3612	4801	6118	4834
153606335	0	3616	4862	6118	4923
153606435	0	3649	4839	6104	4923
153606535	0	3635	4857	6104	4862
153606635	0	3616	4792	6109	4829
153606736	0	3630	4834	6133	4909
153606836	0	3630	4867	6109	4876
153606935	0	3602	4867	6100	4857
153607035	0	3598	4839	6095	4876
153607135	0	3621	4806	6118	4867
153607236	0	3579	4862	6100	4829
153607335	0	3612	4801	6100	4815
153607435	0	3602	4839	6109	4900
153607535	0	3555	4848	6100	4848
153607635	0	3616	4792	6104	4895
153607736	0	3565	4839	6109	4853
153607835	0	3569	4867	6100	4839
153607935	0	3541	4787	6095	4857
153608035	0	3598	4792	6114	4881
153608135	0	3546	4881	6109	4857
153608235	0	3527	4782	6072	4848
153608335	0	3593	4792	6104	4857
153608436	0	3569	4839	6095	4876
153608535	0	3555	4871	6081	4853
153608636	0	3551	4839	6090	4853
153608736	0	3598	4806	6086	4867
153608835	0	3555	4810	6081	4886
153608935	0	3588	4871	6072	4815
153609235	0	3569	4834	6090	4881
153609335	0	3574	4778	6109	4853
153609435	0	3527	4796	6118	4881
153609535	0	3541	4834	6072	4914
153609635	0	3522	4848	6081	4867
153609736	0	3522	4782	6090	4890
153609835	0	3513	4853	6086	4857
153609935	0	3537	4825	6114	4834
153610035	0	3518	4773	6086	4881
153610135	0	3504	4778	6076	4862
153610237	0	3522	4825	6090	4862
153610335	0	3527	4787	6090	4900
153610435	0	3527	4848	6081	4890
153610535	0	3527	4806	6109	4829
153610636	0	3522	4857	6095	4871
153610735	0	3565	4834	6072	4867
153610836	0	3560	4810	6118	4857
153610935	0	3569	4778	6076	4815
153611035	0	3518	4825	6095	4853
153611135	0	3560	4839	6100	4886
153611335	0	3588	4810	6100	4871
153611435	0	3579	4857	6086	4853
153611535	0	3560	4862	6086	4853
153611635	0	3513	4768	6095	4857
153611735	0	3537	4876	6081	4829
153611836	0	3583	4862	6076	4914
153611935	0	3508	4871	6072	4829
153612035	0	3546	4815	6081	4895
153612135	0	3551	4848	6076	4825
153612235	0	3527	4787	6072	4867
153612335	0	3541	4801	6076	4876
153612435	0	3546	4848	6114	4876
153612535	0	3588	4787	6104	4862
153612635	0	3574	4796	6123	4895
153612735	0	3593	4796	6133	4890
153612835	0	3537	4871	6095	4914
153612935	0	3579	4853	6128	4871
153613035	0	3579	4867	6118	4839
153613135	0	3532	4853	6133	4843
153613235	0	3588	4881	6100	4881
153613335	0	3527	4862	6081	4904
153613435	0	3555	4881	6076	4918
153613536	0	3532	4867	6104	4886
153613635	0	3565	4862	6090	4867
153613735	0	3560	4886	6109	4904
153613835	0	3598	4862	6156	4862
153613935	0	3612	4839	6081	4951
153614035	0	3593	4862	6095	4871
153614135	0	3588	4829	6095	4946
153614235	0	3612	4876	6104	4876
153614337	0	3607	4853	6104	4839
153614435	0	3593	4867	6104	4825
153614535	0	3560	4881	6086	4871
153614635	0	3560	4843	6100	4862
153614735	0	3593	4843	6114	4937
153614836	0	3598	4853	6100	4871
153614935	0	3588	4796	6128	4881
153615035	0	3504	4853	6128	4886
153615135	0	3574	4876	6090	4909
153615235	0	3569	4876	6104	4876
153615335	0	3513	4829	6100	4862
153615435	0	3598	4787	6104	4848
153615535	0	3588	4782	6086	4914
153615635	0	3583	4867	6086	4886
153615735	0	3583	4857	6072	4853
153615835	0	3565	4862	6086	4918
153615936	0	3593	4839	6104	4928
153616035	0	3537	4839	6095	4839
153616135	0	3569	4876	6057	4951
153616235	0	3583	4867	6123	4904
153616336	0	3588	4792	6081	4881
153616435	0	3588	4862	6086	4857
153616535	0	3560	4782	6090	4867
153616635	0	3537	4796	6086	4871
153616735	0	3565	4801	6090	4876
153616835	0	3598	4782	6104	4839
153616935	0	3574	4853	6109	4857
153617036	0	3574	4886	6104	4839
153617135	0	3532	4778	6090	4867
153617235	0	3598	4843	6104	4853
153617335	0	3588	4876	6086	4848
153617435	0	3588	4857	6100	4942
153617535	0	3598	4801	6142	4928
153617636	0	3607	4867	6090	4871
153617735	0	3588	4829	6109	4946
153617835	0	3616	4792	6109	4857
153617935	0	3616	4867	6118	4857
153618035	0	3616	4806	6090	4843
153618135	0	3607	4834	6156	4881
153618235	0	3626	4834	6095	4843
153618335	0	3630	4773	6156	4867
153618437	0	3626	4862	6133	4867
153618535	0	3626	4796	6100	4895
153618635	0	3626	4834	6156	4932
153618735	0	3621	4867	6118	4890
153618835	0	3593	4810	6128	4876
153618935	0	3621	4787	6086	4857
153619035	0	3607	4801	6133	4857
153619135	0	3607	4801	6128	4871
153619236	0	3598	4862	6114	4867
153619335	0	3574	4881	6086	4867
153619435	0	3583	4834	6109	4843
153619536	0	3598	4792	6095	4848
153619635	0	3598	4778	6086	4867
153619735	0	3555	4867	6123	4871
153619835	0	3555	4881	6076	4867
153619935	0	3537	4853	6104	4900
153620035	0	3598	4801	6081	4895
153620135	0	3555	4801	6072	4909
153620235	0	3504	4773	6090	4876
153620335	0	3518	4796	6104	4881
153620435	0	3508	4862	6086	4867
153620535	0	3508	4848	6086	4881
153620635	0	3522	4792	6090	4857
153620735	0	3565	4778	6100	4909
153620835	0	3504	4820	6100	4895
153620936	0	3513	4853	6090	4881
153621035	0	3560	4778	6109	4904
153621135	0	3518	4829	6109	4918
153621235	0	3513	4782	6090	4876
153621335	0	3504	4778	6090	4825
153621435	0	3494	4792	6095	4820
153621535	0	3522	4857	6104	4904
153621635	0	3490	4773	6100	4881
153621735	0	3485	4876	6081	4862
153621835	0	3438	4839	6090	4932
153621935	0	3471	4782	6090	4857
153622035	0	3476	4806	6095	4881
153622135	0	3411	4900	6095	4853
153622235	0	3476	4829	6086	4871
153622335	0	3443	4801	6086	4900
153622435	0	3401	4787	6062	4918
153622537	0	3476	4853	6081	4871
153622635	0	3485	4815	6081	4886
153622735	0	3443	4782	6072	4848
153622835	0	3466	4810	6109	4857
153622935	0	3471	4857	6081	4876
153623035	0	3359	4787	6081	4853
153623135	0	3447	4787	6095	4881
153623235	0	3350	4853	6086	4867
153623335	0	3551	4778	6076	4876
153623435	0	3476	4796	6090	4857
153623535	0	3443	4829	6081	4871
153623635	0	3480	4796	6057	4871
153623735	0	3480	4857	6100	4867
153623835	0	3471	4900	6086	4881
153623935	0	3466	4778	6053	4871
153624035	0	3518	4862	6114	4881
153624135	0	3527	4796	6095	4900
153624235	0	3527	4792	6095	4862
153624335	0	3494	4886	6104	4862
153624435	0	3527	4782	6109	4857
153624535	0	3513	4857	6100	4886
153624635	0	3569	4792	6090	4871
153624735	0	3588	4782	6128	4853
153624835	0	3555	4815	6109	4876
153624935	0	3527	4792	6090	4857
153625035	0	3490	4862	6114	4871
153625135	0	3537	4787	6133	4876
153625235	0	3508	4839	6104	4909
153625335	0	3518	4853	6104	4843
153625435	0	3560	4796	6090	4834
153625535	0	3527	4881	6114	4801
153625635	0	3565	4796	6104	4923
153625735	0	3522	4806	6100	4876
153625835	0	3499	4806	6104	4900
153625935	0	3476	4787	6081	4834
153626035	0	3560	4810	6095	4871
153626135	0	3560	4825	6114	4853
153626235	0	3541	4787	6090	4862
153626335	0	3579	4796	6104	4862
153626435	0	3546	4768	6076	4806
153626535	0	3565	4848	6095	4886
153626637	0	3513	4815	6095	4900
153626735	0	3569	4867	6104	4900
153626835	0	3574	4881	6090	4867
153626935	0	3373	4815	6104	4829
153627035	0	3532	4820	6128	4881
153627135	0	3494	4857	6137	4881
153627235	0	3485	4839	6081	4834
153627335	0	3508	4857	6095	4918
153627435	0	3532	4853	6118	4867
153627535	0	3476	4871	6109	4881
153627635	0	3579	4853	6095	4890
153627735	0	3602	4886	6114	4886
153627833	0	3598	4787	6118	4857
153627933	0	3602	4834	6118	4890
153628033	0	3607	4787	6151	4876
153628133	0	3541	4853	6123	4876
153628233	0	3593	4862	6104	4857
153628333	0	3612	4857	6118	4881
153628433	0	3598	4778	6123	4867
153628533	0	3499	4867	6142	4871
153628633	0	3583	4857	6086	4867
153628733	0	3551	4876	6118	4871
153628833	0	3480	4815	6090	4848
153628935	0	3476	4848	6095	4871
153629035	0	3429	4867	6086	4848
153629133	0	3438	4787	6104	4834
153629233	0	3415	4862	6100	4857
153629333	0	3429	4857	6109	4886
153629435	0	3490	4778	6090	4890
153629535	0	3420	4787	6081	4862
153629633	0	3406	4768	6086	4886
153629733	0	3447	4862	6057	4886
153629833	0	3392	4881	6100	4886
153629935	0	3415	4782	6090	4867
153630035	0	3579	4834	6090	4834
153630133	0	3251	4839	6100	4862
153630233	0	3443	4853	6067	4886
153630333	0	3438	4829	6090	4829
153630433	0	3447	4787	6100	4881
153630535	0	3574	4810	6100	4834
153630633	0	3588	4862	6076	4843
153630737	0	3480	4796	6114	4871
153630833	0	3565	4876	6100	4853
153630935	0	3471	4801	6118	4848
153631035	0	3569	4778	6118	4886
153631133	0	3565	4862	6095	4876
153631233	0	3485	4857	6104	4848
153631333	0	3574	4764	6095	4829
153631435	0	3494	4848	6123	4895
153631533	0	3555	4829	6109	4853
153631633	0	3518	4853	6090	4876
153631735	0	3499	4829	6095	4825
153631833	0	3513	4768	6086	4843
153631933	0	3583	4801	6100	4862
153632038	0	3504	4778	6057	4853
153632133	0	3565	4834	6081	4843
153632233	0	3490	4778	6100	4857
153632333	0	3574	4782	6123	4876
153632433	0	3499	4825	6100	4853
153632533	0	3452	4806	6109	4839
153632633	0	3504	4862	6095	4829
153632733	0	3555	4862	6095	4881
153632835	0	3527	4815	6081	4853
153632935	0	3490	4778	6095	4876
153633033	0	3364	4801	6095	4914
153633133	0	3373	4862	6104	4862
153633233	0	3457	4853	6114	4848
153633333	0	3499	4825	6090	4848
153633433	0	3443	4871	6086	4853
153633533	0	3494	4829	6123	4853
153633633	0	3574	4857	6086	4886
153633733	0	3499	4853	6100	4895
153633833	0	3569	4862	6081	4853
153633933	0	3569	4871	6123	4886
153634033	0	3565	4848	6095	4839
153634133	0	3588	4857	6118	4843
153634233	0	3588	4829	6114	4895
153634333	0	3532	4806	6072	4862
153634433	0	3569	4843	6123	4890
153634533	0	3565	4853	6100	4890
153634633	0	3569	4782	6123	4839
153634733	0	3551	4867	6104	4900
153634837	0	3560	4778	6109	4876
153634933	0	3621	4862	6142	4900
153635033	0	3593	4839	6067	4871
153635133	0	3555	4853	6128	4853
153635333	0	3598	4792	6123	4871
153635433	0	3560	4825	6067	4871
153635533	0	3588	4810	6109	4886
153635633	0	3588	4801	6095	4853
153635733	0	3579	4900	6128	4862
153635833	0	3574	4867	6086	4918
153635933	0	3541	4820	6123	4862
153636033	0	3598	4810	6081	4871
153636133	0	3602	4782	6133	4853
153636233	0	3551	4806	6123	4876
153636333	0	3621	4857	6086	4810
153636433	0	3574	4796	6133	4843
153636533	0	3616	4839	6104	4862
153636633	0	3616	4801	6081	4843
153636732	0	3616	4867	6128	4914
153636833	0	3583	4825	6100	4820
153636933	0	3607	4792	6137	4914
153637033	0	3630	4768	6090	4834
153637133	0	3579	4839	6104	4876
153637233	0	3579	4792	6095	4904
153637332	0	3602	4810	6090	4862
153637433	0	3635	4848	6100	4853
153637533	0	3616	4867	6128	4848
153637633	0	3630	4792	6104	4886
153637733	0	3612	4867	6128	4881
153637833	0	3593	4806	6118	4857
153637933	0	3598	4796	6156	4862
153638033	0	3588	4801	6100	4881
153638133	0	3630	4862	6104	4848
153638233	0	3607	4815	6104	4876
153638333	0	3612	4773	6118	4932
153638433	0	3513	4853	6109	4857
153638533	0	3546	4857	6133	4853
153638633	0	3583	4839	6128	4862
153638732	0	3612	4862	6086	4881
153638833	0	3593	4839	6137	4890
153638937	0	3607	4895	6104	4834
153639033	0	3574	4768	6090	4895
153639133	0	3602	4796	6128	4829
153639232	0	3593	4787	6095	4815
153639333	0	3616	4796	6090	4876
153639433	0	3527	4853	6090	4900
153639533	0	3602	4806	6095	4876
153639633	0	3579	4773	6114	4876
153639733	0	3551	4857	6086	4862
153639833	0	3579	4843	6100	4881
153639933	0	3588	4862	6100	4853
153640033	0	3598	4773	6086	4881
153640133	0	3574	4857	6095	4839
153640233	0	3616	4796	6114	4867
153640333	0	3598	4867	6086	4904
153640433	0	3537	4853	6118	4853
153640532	0	3560	4778	6114	4843
153640633	0	3607	4820	6104	4839
153640733	0	3583	4853	6114	4871
153640833	0	3588	4871	6109	4839
153640933	0	3546	4839	6114	4871
153641033	0	3607	4871	6104	4867
153641133	0	3569	4768	6118	4839
153641233	0	3569	4773	6104	4862
153641333	0	3569	4825	6109	4843
153641433	0	3504	4857	6109	4867
153641533	0	3537	4848	6109	4857
153641633	0	3588	4857	6114	4825
153641733	0	3598	4825	6109	4857
153641833	0	3541	4862	6090	4890
153641933	0	3565	4848	6133	4876
153642033	0	3607	4829	6104	4871
153642133	0	3560	4787	6109	4839
153642233	0	3588	4871	6100	4886
153642333	0	3527	4810	6118	4876
153642433	0	3612	4787	6100	4834
153642533	0	3602	4792	6104	4909
153642633	0	3518	4857	6104	4853
153642733	0	3583	4843	6081	4843
153642833	0	3593	4829	6123	4853
153642933	0	3583	4773	6118	4862
153643037	0	3560	4857	6095	4876
153643133	0	3537	4843	6090	4867
153643233	0	3569	4796	6095	4857
153643333	0	3569	4792	6100	4871
153643433	0	3522	4787	6067	4853
153643533	0	3546	4801	6118	4862
153643632	0	3574	4773	6081	4886
153643733	0	3499	4876	6104	4843
153643833	0	3499	4843	6123	4853
153643932	0	3527	4848	6081	4834
153644033	0	3504	4778	6100	4871
153644133	0	3504	4796	6100	4867
153644233	0	3504	4886	6104	4862
153644332	0	3504	4862	6067	4862
153644433	0	3480	4876	6100	4862
153644533	0	3462	4796	6086	4881
153644633	0	3490	4787	6095	4843
153644733	0	3452	4853	6104	4862
153644832	0	3466	4792	6081	4928
153644932	0	3452	4787	6067	4876
153645033	0	3447	4857	6095	4867
153645133	0	3452	4848	6086	4848
153645233	0	3429	4834	6104	4867
153645333	0	3462	4839	6114	4867
153645433	0	3443	4787	6123	4857
153645633	0	3443	4843	6095	4857
153645733	0	3462	4787	6104	4876
153645832	0	3447	4796	6090	4904
153645933	0	3504	4778	6104	4862
153646033	0	3494	4792	6104	4928
153646133	0	3551	4796	6128	4900
153646233	0	3598	4773	6086	4876
153646333	0	3513	4848	6109	4853
153646433	0	3588	4792	6114	4853
153646533	0	3588	4853	6128	4853
153646632	0	3612	4782	6133	4904
153646733	0	3607	4839	6090	4871
153646833	0	3546	4843	6114	4829
153646933	0	3583	4848	6095	4848
153647032	0	3579	4867	6072	4853
153647137	0	3593	4787	6086	4871
153647233	0	3565	4829	6095	4839
153647333	0	3555	4829	6076	4862
153647433	0	3555	4862	6104	4871
153647533	0	3532	4782	6086	4853
153647633	0	3555	4778	6100	4890
153647733	0	3555	4815	6100	4853
153647832	0	3583	4839	6095	4820
153647933	0	3527	4778	6072	4904
153648032	0	3537	4792	6114	4876
153648133	0	3522	4829	6086	4904
153648233	0	3579	4787	6086	4886
153648333	0	3546	4787	6081	4848
153648433	0	3574	4787	6095	4900
153648533	0	3508	4796	6067	4834
153648633	0	3546	4867	6090	4867
153648733	0	3546	4825	6095	4890
153648833	0	3583	4876	6123	4829
153648932	0	3598	4815	6100	4843
153649033	0	3546	4820	6095	4810
153649133	0	3598	4796	6109	4843
153649232	0	3555	4810	6095	4843
153649333	0	3532	4792	6114	4825
153649433	0	3527	4787	6114	4881
153649532	0	3593	4829	6123	4848
153649633	0	3518	4867	6118	4834
153649732	0	3541	4796	6109	4876
153649832	0	3527	4778	6086	4801
153649933	0	3607	4801	6114	4843
153650033	0	3551	4876	6086	4857
153650133	0	3583	4820	6118	4881
153650233	0	3546	4782	6114	4843
153650333	0	3588	4867	6104	4848
153650433	0	3537	4778	6095	4839
153650533	0	3560	4848	6100	4857
153650632	0	3537	4867	6118	4806
153650733	0	3574	4778	6090	4825
153650833	0	3551	4843	6114	4815
153650933	0	3574	4792	6104	4867
153651033	0	3522	4829	6114	4904
153651132	0	3598	4839	6118	4843
153651237	0	3574	4857	6100	4871
153651333	0	3602	4862	6114	4876
153651433	0	3569	4853	6100	4909
153651533	0	3565	4839	6104	4848
153651632	0	3522	4778	6104	4839
153651733	0	3593	4857	6114	4839
153651833	0	3551	4839	6128	4857
153651933	0	3588	4839	6100	4820
153652033	0	3583	4843	6104	4890
153652133	0	3565	4871	6104	4886
153652233	0	3579	4787	6100	4843
153652333	0	3551	4857	6104	4834
153652433	0	3560	4815	6072	4839
153652532	0	3569	4782	6090	4871
153652632	0	3537	4782	6109	4871
153652733	0	3579	4796	6114	4862
153652833	0	3439	4825	6086	4834
153652933	0	3555	4792	6100	4834
153653032	0	3504	4792	6100	4853
153653133	0	3494	4768	6114	4895
153653233	0	3480	4871	6095	4881
153653332	0	3396	4834	6095	4867
153653433	0	3612	4871	6090	4848
153653532	0	3508	4778	6123	4857
153653633	0	3392	4848	6109	4820
153653733	0	3317	4782	6081	4886
153653833	0	3289	4853	6137	4839
153653933	0	3303	4820	6109	4871
153654033	0	3452	4843	6123	4881
153654133	0	3457	4853	6076	4876
153654233	0	3251	4853	6118	4881
153654333	0	3691	4853	6076	4862
153654433	0	3612	4834	6086	4923
153654533	0	3275	4815	6114	4862
153654633	0	3626	4792	6133	4909
153654732	0	3326	4778	6133	4886
153654833	0	3415	4834	6123	4857
153654933	0	3373	4867	6095	4862
153655033	0	3565	4853	6133	4853
153655133	0	3644	4843	6086	4829
153655232	0	3626	4792	6076	4820
153655337	0	3607	4829	6133	4853
153655433	0	3583	4857	6081	4862
153655533	0	3612	4820	6104	4881
153655633	0	3588	4815	6090	4876
153655733	0	3579	4834	6090	4862
153655833	0	3588	4782	6104	4857
153655933	0	3560	4801	6095	4853
153656032	0	3616	4862	6081	4857
153656132	0	3616	4862	6095	4867
153656232	0	3565	4834	6109	4834
153656333	0	3560	4778	6118	4829
153656433	0	3593	4843	6114	4871
153656533	0	3626	4848	6100	4820
153656633	0	3635	4796	6109	4881
153656733	0	3649	4773	6081	4876
153656833	0	3621	4825	6090	4890
153656932	0	3635	4834	6100	4843
153657033	0	3621	4787	6114	4848
153657132	0	3635	4810	6109	4843
153657232	0	3598	4815	6086	4829
153657333	0	3616	4857	6104	4839
153657433	0	3598	4764	6095	4857
153657532	0	3626	4750	6095	4909
153657632	0	3612	4843	6118	4848
153657733	0	3616	4848	6090	4881
153657832	0	3607	4787	6081	4867
153657932	0	3621	4848	6104	4890
153658033	0	3626	4829	6118	4871
153658132	0	3626	4768	6114	4871
153658233	0	3602	4871	6123	4843
153658333	0	3593	4857	6100	4886
153658433	0	3616	4806	6076	4862
153658532	0	3630	4787	6090	4871
153658632	0	3598	4839	6100	4857
153658733	0	3602	4796	6114	4909
153658833	0	3607	4862	6095	4848
153658932	0	3607	4759	6123	4825
153659032	0	3612	4862	6072	4839
153659133	0	3598	4853	6104	4900
153659233	0	3612	4848	6118	4853
153659332	0	3593	4867	6109	4900
153659436	0	3602	4839	6081	4862
153659532	0	3607	4815	6123	4886
153659633	0	3626	4853	6128	4834
153659733	0	3626	4787	6109	4904
153659833	0	3626	4759	6095	4876
153659933	0	3598	4806	6118	4886
153700033	0	3602	4848	6133	4876
153700132	0	3630	4843	6095	4853
153700233	0	3635	4782	6109	4857
153700333	0	3616	4778	6104	4923
153700433	0	3630	4857	6104	4843
153700533	0	3626	4876	6118	4895
153700633	0	3644	4834	6114	4871
153700732	0	3616	4825	6114	4871
153700832	0	3663	4806	6095	4867
153700933	0	3644	4853	6104	4871
153701033	0	3607	4829	6109	4857
153701133	0	3621	4782	6090	4848
153701232	0	3649	4825	6114	4871
153701332	0	3602	4853	6114	4834
153701432	0	3621	4796	6118	4871
153701533	0	3630	4764	6100	4848
153701632	0	3579	4773	6086	4857
153701733	0	3612	4778	6081	4876
153701833	0	3598	4778	6076	4834
153701932	0	3560	4773	6104	4876
153702033	0	3602	4787	6104	4871
153702132	0	3583	4801	6090	4829
153702233	0	3574	4843	6100	4825
