150825489	0	5181	3770	3958	5551
150825594	0	5143	3762	3958	5579
150825687	0	5148	3756	3949	5551
150825787	0	5167	3761	3939	5560
150825887	0	5129	3761	3944	5523
150825987	0	5143	3780	3953	5546
150826087	0	5153	3794	3953	5546
150826187	0	5129	3762	3963	5532
150826287	0	5111	3789	3963	5542
150826387	0	5158	3756	3944	5546
150826488	0	5125	3752	3953	5565
150826587	0	5158	3756	3977	5551
150826687	0	5148	3757	3958	5570
150826787	0	5153	3770	3958	5560
150826887	0	5162	3761	3963	5527
150826987	0	5186	3762	3949	5560
150827087	0	5158	3757	3972	5523
150827187	0	5158	3789	3949	5532
150827287	0	5148	3757	3953	5481
150827387	0	5125	3780	3944	5537
150827487	0	5143	3756	3953	5551
150827587	0	5153	3785	3949	5546
150827687	0	5101	3762	3963	5518
150827787	0	5158	3756	3930	5579
150827887	0	5134	3756	3944	5570
150827988	0	5176	3799	3977	5570
150828087	0	5111	3756	3967	5584
150828188	0	5172	3780	3967	5565
150828287	0	5158	3766	3967	5532
150828387	0	5167	3803	3953	5551
150828488	0	5143	3794	3958	5551
150828588	0	5129	3822	3967	5570
150828688	0	5153	3775	3953	5542
150828887	0	5153	3762	3963	5556
150828987	0	5162	3761	3963	5532
150829088	0	5129	3780	3967	5546
150829187	0	5162	3756	3977	5551
150829287	0	5181	3785	3953	5546
150829388	0	5172	3770	3953	5537
150829487	0	5172	3752	3972	5579
150829589	0	5148	3799	3958	5542
150829687	0	5153	3761	3958	5523
150829787	0	5115	3780	3972	5560
150829887	0	5125	3756	3944	5542
150829987	0	5143	3756	3949	5560
150830087	0	5125	3780	3963	5537
150830187	0	5167	3761	3944	5556
150830287	0	5101	3766	3944	5570
150830387	0	5106	3762	3953	5527
150830487	0	5167	3762	3953	5574
150830588	0	5139	3775	3967	5579
150830687	0	5190	3775	3939	5551
150830787	0	5148	3789	3939	5579
150830888	0	5153	3775	3972	5588
150830987	0	5176	3775	3953	5579
150831088	0	5162	3752	3944	5565
150831187	0	5158	3761	3949	5527
150831287	0	5111	3756	3958	5570
150831387	0	5162	3775	3949	5513
150831488	0	5153	3780	3944	5542
150831587	0	5158	3743	3944	5551
150831687	0	5167	3756	3967	5527
150831787	0	5143	3766	3972	5565
150831887	0	5143	3757	3944	5546
150831987	0	5120	3775	3958	5542
150832088	0	5181	3757	3958	5570
150832187	0	5167	3761	3944	5570
150832287	0	5148	3794	3944	5574
150832387	0	5153	3757	3939	5570
150832487	0	5158	3761	3953	5513
150832587	0	5167	3762	3958	5570
150832687	0	5162	3766	3953	5584
150832787	0	5125	3756	3949	5579
150832887	0	5143	3766	3972	5537
150832987	0	5162	3775	3953	5579
150833087	0	5115	3766	3953	5546
150833187	0	5167	3761	3944	5551
150833287	0	5158	3743	3949	5565
150833387	0	5115	3794	3967	5556
150833488	0	5186	3766	3949	5574
150833587	0	5153	3761	3967	5542
150833689	0	5125	3813	3944	5574
150833787	0	5115	3775	3949	5551
150833885	0	5125	3775	3939	5551
150833987	0	5125	3780	3949	5537
150834085	0	5158	3770	3953	5556
150834185	0	5167	3766	3944	5565
150834285	0	5120	3780	3944	5598
150834387	0	5111	3785	3949	5565
150834485	0	5139	3752	3958	5584
150834585	0	5158	3785	3939	5542
150834685	0	5167	3799	3944	5584
150834785	0	5158	3780	3953	5560
150834888	0	5134	3780	3949	5556
150834987	0	5101	3761	3958	5584
150835085	0	5181	3785	3953	5570
150835185	0	5120	3756	3939	5556
150835287	0	5167	3775	3953	5565
150835385	0	5148	3756	3953	5565
150835486	0	5158	3757	3953	5598
150835585	0	5158	3780	3949	5560
150835685	0	5148	3752	3963	5588
150835785	0	5139	3761	3939	5542
150835885	0	5111	3770	3953	5551
150835985	0	5125	3785	3963	5556
150836085	0	5148	3780	3967	5546
150836187	0	5162	3762	3949	5546
150836287	0	5148	3794	3953	5565
150836385	0	5101	3770	3939	5565
150836485	0	5106	3785	3949	5551
150836585	0	5143	3756	3944	5612
150836685	0	5148	3775	3958	5570
150836787	0	5153	3762	3958	5584
150836885	0	5125	3789	3967	5579
150836987	0	5129	3794	3949	5551
150837085	0	5153	3789	3958	5598
150837185	0	5125	3780	3953	5584
150837287	0	5148	3775	3953	5570
150837385	0	5129	3808	3944	5617
150837485	0	5120	3770	3958	5570
150837685	0	5176	3785	3949	5579
150837789	0	5167	3761	3944	5593
150837887	0	5167	3813	3949	5579
150837985	0	5143	3761	3958	5603
150838088	0	5162	3785	3944	5598
150838185	0	5176	3762	3949	5593
150838285	0	5172	3799	3953	5593
150838386	0	5148	3785	3949	5588
150838485	0	5153	3766	3949	5579
150838587	0	5162	3780	3953	5607
150838685	0	5181	3761	3958	5593
150838785	0	5181	3780	3967	5645
150838888	0	5167	3775	3953	5579
150838985	0	5143	3775	3930	5603
150839085	0	5167	3775	3958	5588
150839185	0	5167	3780	3963	5607
150839285	0	5158	3775	3953	5593
150839385	0	5167	3785	3949	5607
150839485	0	5167	3756	3949	5612
150839585	0	5181	3761	3958	5607
150839685	0	5148	3761	3963	5626
150839785	0	5139	3775	3958	5645
150839885	0	5167	3761	3949	5607
150839985	0	5120	3756	3963	5584
150840085	0	5158	3752	3967	5565
150840185	0	5176	3761	3972	5574
150840285	0	5162	3752	3963	5603
150840385	0	5153	3780	3958	5607
150840485	0	5139	3761	3944	5603
150840585	0	5153	3757	3949	5593
150840685	0	5129	3761	3963	5593
150840785	0	5167	3756	3958	5607
150840885	0	5172	3770	3953	5593
150840985	0	5101	3789	3963	5607
150841085	0	5139	3775	3972	5603
150841185	0	5162	3780	3963	5560
150841285	0	5120	3789	3963	5621
150841385	0	5129	3756	3958	5584
150841485	0	5162	3780	3944	5607
150841585	0	5087	3789	3949	5584
150841685	0	5162	3770	3939	5612
150841785	0	5162	3789	3958	5603
150841889	0	5167	3799	3949	5654
150841985	0	5162	3770	3953	5612
150842085	0	5143	3775	3944	5635
150842185	0	5111	3780	3953	5588
150842285	0	5129	3775	3958	5584
150842385	0	5125	3789	3944	5640
150842485	0	5186	3770	3958	5579
150842585	0	5129	3775	3958	5617
150842685	0	5153	3803	3949	5612
150842785	0	5143	3803	3963	5612
150842885	0	5129	3756	3944	5626
150842985	0	5125	3780	3944	5617
150843085	0	5092	3775	3963	5612
150843185	0	5158	3780	3953	5607
150843285	0	5172	3775	3944	5607
150843386	0	5120	3757	3953	5603
150843485	0	5167	3785	3953	5607
150843585	0	5125	3770	3949	5607
150843685	0	5190	3770	3958	5635
150843785	0	5143	3789	3949	5560
150843885	0	5120	3780	3953	5603
150843985	0	5148	3756	3963	5607
150844085	0	5148	3757	3953	5560
150844185	0	5148	3785	3944	5584
150844285	0	5129	3794	3953	5574
150844385	0	5167	3785	3963	5584
150844485	0	5167	3775	3949	5570
150844585	0	5158	3789	3944	5607
150844685	0	5134	3775	3963	5607
150844785	0	5148	3775	3953	5574
150844885	0	5101	3766	3972	5560
150844985	0	5176	3775	3949	5570
150845091	0	5115	3785	3972	5588
150845185	0	5125	3762	3958	5603
150845285	0	5153	3780	3967	5593
150845385	0	5153	3785	3958	5598
150845485	0	5143	3775	3958	5621
150845585	0	5129	3780	3944	5588
150845685	0	5176	3794	3958	5570
150845785	0	5181	3757	3967	5635
150845885	0	5148	3780	3944	5598
150845989	0	5115	3794	3963	5635
150846085	0	5120	3803	3953	5584
150846185	0	5172	3794	3963	5612
150846285	0	5172	3785	3939	5593
150846385	0	5139	3799	3944	5570
150846485	0	5148	3770	3939	5607
150846585	0	5162	3803	3944	5565
150846685	0	5153	3785	3949	5579
150846785	0	5078	3789	3949	5584
150846885	0	5115	3757	3944	5588
150846985	0	5153	3799	3939	5570
150847085	0	5148	3780	3944	5588
150847185	0	5143	3780	3963	5570
150847285	0	5158	3808	3944	5635
150847385	0	5148	3813	3953	5588
150847485	0	5129	3780	3949	5621
150847585	0	5148	3808	3944	5607
150847685	0	5153	3780	3944	5645
150847785	0	5125	3775	3939	5584
150847885	0	5153	3770	3939	5574
150847985	0	5162	3799	3925	5631
150848085	0	5143	3799	3944	5649
150848185	0	5172	3785	3944	5584
150848285	0	5148	3803	3967	5598
150848385	0	5158	3803	3953	5978
150848485	0	5125	3799	3939	5997
150848585	0	5162	3789	3939	5584
150848685	0	5115	3756	3953	5598
150848785	0	5158	3813	3949	5556
150848885	0	5153	3762	3949	5532
150848985	0	5143	3766	3935	5978
150849085	0	5120	3761	3949	5574
150849185	0	5167	3794	3949	5546
150849285	0	5129	3780	3953	5542
150849385	0	5162	3803	3939	5537
150849485	0	5106	3756	3944	5635
150849585	0	5143	3761	3949	5617
150849685	0	5129	3808	3949	5579
150849785	0	5148	3789	3982	5593
150849885	0	5153	3785	3953	5612
150849985	0	5106	3803	3949	5551
150850089	0	5143	3794	3939	5593
150850185	0	5134	3789	3949	5640
150850285	0	5120	3770	3944	5570
150850385	0	5148	3789	3939	5593
150850485	0	5125	3780	3972	5603
150850585	0	5162	3789	3982	5612
150850685	0	5143	3780	3944	5631
150850785	0	5139	3803	3958	5612
150850885	0	5148	3799	3967	5659
150850985	0	5134	3799	3958	5621
150851085	0	5148	3799	3949	5621
150851185	0	5139	3780	3953	5617
150851285	0	5153	3785	3953	5617
150851385	0	5162	3785	3958	5570
150851485	0	5176	3761	3963	5631
150851585	0	5153	3780	3967	5565
150851685	0	5134	3752	3963	5570
150851785	0	5153	3761	3982	5598
150851885	0	5120	3794	3949	5560
150851985	0	5153	3770	3953	5560
150852085	0	5129	3761	3991	5570
150852185	0	5186	3770	3972	5579
150852285	0	5120	3766	3963	5588
150852385	0	5129	3789	3991	5570
150852485	0	5153	3761	3958	5584
150852585	0	5172	3775	3953	5588
150852685	0	5158	3756	3996	5584
150852785	0	5153	3762	3953	5570
150852885	0	5176	3762	3953	5598
150852985	0	5139	3756	3953	5560
150853085	0	5148	3762	3958	5560
150853185	0	5172	3761	3953	5579
150853285	0	5129	3770	3967	5593
150853385	0	5167	3770	3958	5603
150853485	0	5139	3762	3977	5593
150853585	0	5158	3756	3953	5542
150853685	0	5167	3762	3958	5593
150853785	0	5143	3770	3953	5546
150853885	0	5153	3757	3991	5551
150853985	0	5143	3762	3949	5565
150854084	0	5148	3757	3958	5621
150854189	0	5129	3757	3982	5588
150854285	0	5092	3766	3967	5584
150854385	0	5172	3780	3953	5556
150854485	0	5120	3780	3967	5584
150854585	0	5092	3780	3972	5607
150854685	0	5092	3757	3958	5574
150854785	0	5162	3794	3991	5607
150854885	0	5087	3757	3963	5598
150854985	0	5148	3785	3977	5593
150855085	0	5167	3789	3949	5565
150855185	0	5129	3794	3963	5546
150855285	0	5167	3748	3972	5570
150855385	0	5134	3770	3953	5579
150855485	0	5176	3770	3963	5584
150855585	0	5162	3762	3986	5556
150855685	0	5162	3789	3967	5570
150855785	0	5162	3756	3953	5556
150855884	0	5143	3775	3958	5626
150855985	0	5153	3785	3963	5579
150856085	0	5153	3789	3944	5612
150856185	0	5158	3780	3986	5565
150856285	0	5111	3756	3949	5546
150856385	0	5162	3785	3967	5584
150856485	0	5167	3770	3953	5607
150856585	0	5153	3766	3953	5570
150856685	0	5153	3762	3963	5603
150856785	0	5129	3756	3944	5570
150856885	0	5101	3780	3958	5579
150856985	0	5186	3785	3953	5598
150857085	0	5162	3762	3949	5584
150857185	0	5106	3785	3953	5574
150857285	0	5162	3785	3958	5588
150857385	0	5143	3770	3972	5598
150857485	0	5115	3817	3953	5603
150857585	0	5111	3770	3967	5574
150857684	0	5120	3799	3949	5617
150857784	0	5115	3789	3958	5621
150857885	0	5120	3794	3953	5598
150857985	0	5106	3808	3972	5635
150858085	0	5143	3770	3935	5612
150858185	0	5092	3789	3939	5584
150858288	0	5148	3808	3986	5631
150858385	0	5153	3761	3972	5570
150858485	0	5139	3785	3953	5607
150858585	0	5120	3770	3953	5621
150858685	0	5158	3785	3967	5617
150858785	0	5143	3799	3982	5603
150858885	0	5125	3770	3953	5635
150858985	0	5186	3789	3944	5612
150859085	0	5139	3780	3982	5565
150859185	0	5143	3794	3958	5560
150859285	0	5129	3780	3953	5584
150859385	0	5106	3770	3963	5593
150859485	0	5115	3775	3967	5607
150859585	0	5158	3761	3958	5598
150859685	0	5125	3780	3963	5551
150859785	0	5153	3766	3949	5617
150859885	0	5153	3785	3953	5570
150859984	0	5148	3780	3944	5607
150900085	0	5101	3766	3972	5588
150900185	0	5125	3789	3967	5570
150900285	0	5129	3780	3953	5593
150900385	0	5153	3808	3963	5584
150900485	0	5153	3780	3967	5626
150900584	0	5120	3770	3949	5556
150900685	0	5115	3785	3949	5574
150900785	0	5139	3762	3963	5593
150900885	0	5139	3770	3953	5617
150900985	0	5106	3756	3953	5565
150901085	0	5162	3780	3963	5607
150901185	0	5106	3762	3958	5593
150901285	0	5134	3770	3967	5574
150901385	0	5087	3775	3939	5574
150901485	0	5158	3762	3949	5584
150901585	0	5129	3761	3958	5574
150901685	0	5186	3770	3958	5617
150901785	0	5097	3766	3967	5603
150901885	0	5167	3789	3963	5588
150901985	0	5158	3775	3963	5607
150902085	0	5143	3756	3972	5598
150902185	0	5111	3766	3953	5621
150902285	0	5115	3770	3967	5593
150902389	0	5153	3756	3958	5617
150902485	0	5162	3766	3958	5588
150902585	0	5153	3799	3953	5635
150902685	0	5120	3761	3958	5598
150902785	0	5087	3789	3953	5607
150902885	0	5158	3780	3953	5593
150902985	0	5139	3789	3949	5598
150903085	0	5158	3761	3958	5584
150903185	0	5143	3785	3958	5617
150903285	0	5083	3785	3967	5617
150903385	0	5125	3813	3967	5645
150903485	0	5115	3813	3944	5593
150903585	0	5162	3780	3944	5588
150903685	0	5139	3808	3967	5621
150903785	0	5176	3789	3953	5593
150903885	0	5153	3770	3944	5598
150903985	0	5139	3775	3963	5612
150904085	0	5158	3780	3949	5631
150904185	0	5162	3761	3953	5612
150904285	0	5120	3770	3949	5603
150904385	0	5120	3780	3949	5617
150904485	0	5111	3775	3967	5626
150904585	0	5087	3799	3953	5603
150904685	0	5139	3775	3958	5617
150904785	0	5111	3789	3949	5598
150904885	0	5115	3780	3958	5612
150904985	0	5153	3822	3958	5607
150905085	0	5153	3799	3953	5603
150905185	0	5158	3785	3935	5579
150905285	0	5125	3827	3967	5570
150905385	0	5162	3780	3958	5603
150905485	0	5115	3780	3963	5584
150905584	0	5125	3794	3977	5607
150905685	0	5153	3799	3972	5621
150905785	0	5143	3766	3949	5579
150905884	0	5115	3803	3972	5607
150905984	0	5129	3808	3963	5593
150906085	0	5125	3789	3963	5598
150906185	0	5120	3789	3963	5631
150906285	0	5143	3780	3949	5603
150906385	0	5139	3770	3958	5598
150906489	0	5153	3780	3977	5626
150906584	0	5153	3775	3958	5598
150906685	0	5115	3770	3944	5617
150906784	0	5162	3780	3963	5603
150906885	0	5148	3799	3953	5593
150906984	0	5125	3794	3958	5588
150907085	0	5172	3780	3953	5621
150907184	0	5143	3785	3963	5603
150907285	0	5143	3799	3963	5631
150907385	0	5158	3775	3967	5593
150907485	0	5101	3799	3953	5588
150907584	0	5153	3770	3944	5612
150907684	0	5120	3775	3944	5607
150907784	0	5111	3770	3958	5603
150907884	0	5111	3756	3963	5612
150907985	0	5134	3761	3953	5588
150908085	0	5162	3780	3953	5593
150908184	0	5143	3780	3967	5617
150908285	0	5120	3789	3944	5621
150908385	0	5106	3789	3949	5588
150908685	0	5148	3780	3958	5579
150908785	0	5139	3766	3958	5593
150908885	0	5153	3785	3953	5635
150908985	0	5106	3785	3953	5631
150909085	0	5143	3770	3939	5617
150909185	0	5153	3766	3958	5593
150909285	0	5111	3766	3963	5617
150909385	0	5143	3794	3944	5607
150909485	0	5153	3761	3949	5612
150909584	0	5162	3752	3958	5617
150909684	0	5115	3775	3958	5598
150909784	0	5134	3789	3944	5603
150909885	0	5125	3762	3949	5584
150909985	0	5125	3756	3967	5607
150910085	0	5176	3775	3953	5612
150910185	0	5129	3775	3958	5621
150910285	0	5125	3756	3958	5617
150910385	0	5111	3780	3967	5603
150910485	0	5162	3813	3953	5626
150910589	0	5148	3799	3949	5612
150910685	0	5134	3766	3958	5626
150910784	0	5162	3775	3958	5612
150910885	0	5120	3761	3953	5612
150910990	0	5139	3808	3967	5607
150911085	0	5111	3789	3982	5645
150911185	0	5167	3766	3963	5607
150911284	0	5167	3794	3963	5617
150911384	0	5106	3794	3967	5631
150911485	0	5125	3756	3949	5612
150911585	0	5111	3794	3944	5603
150911685	0	5139	3803	3958	5635
150911785	0	5134	3770	3949	5612
150911885	0	5125	3775	3953	5640
150911984	0	5153	3803	3944	5635
150912085	0	5073	3785	3949	5617
150912184	0	5158	3789	3953	5607
150912384	0	5158	3789	3953	5626
150912485	0	5115	3799	3944	5584
150912584	0	5143	3770	3944	5579
150912684	0	5158	3770	3949	5593
150912784	0	5120	3780	3963	5593
150912885	0	5125	3762	3953	5574
150912985	0	5167	3766	3953	5603
150913085	0	5158	3780	3963	5588
150913185	0	5148	3770	3972	5612
150913285	0	5125	3762	3963	5603
150913385	0	5101	3766	3963	5607
150913485	0	5120	3770	3977	5565
150913585	0	5153	3762	3977	5617
150913685	0	5139	3780	3967	5588
150913784	0	5158	3757	3963	5593
150913884	0	5125	3766	3958	5593
150913984	0	5111	3770	3982	5598
150914085	0	5148	3762	3963	5565
150914184	0	5120	3756	3953	5570
150914285	0	5148	3785	3958	5612
150914385	0	5167	3775	3972	5560
150914484	0	5115	3770	3958	5612
150914584	0	5153	3780	3963	5603
150914689	0	5115	3761	3963	5603
150914785	0	5125	3785	3963	5617
150914884	0	5162	3785	3949	5603
150914985	0	5162	3766	3953	5607
150915084	0	5162	3808	3953	5612
150915185	0	5148	3785	3977	5626
150915285	0	5139	3785	3977	5635
150915384	0	5167	3803	3958	5584
150915485	0	5120	3808	3953	5598
150915585	0	5167	3756	3949	5570
150915685	0	5115	3794	3967	5598
150915784	0	5111	3770	3963	5598
150915884	0	5148	3785	3958	5607
150915985	0	5167	3785	3953	5588
150916085	0	5162	3775	3953	5593
150916185	0	5125	3789	3972	5621
150916285	0	5120	3762	3953	5645
150916385	0	5153	3770	3963	5579
150916485	0	5158	3803	3963	5612
150916584	0	5158	3799	3944	5626
150916684	0	5153	3775	3949	5654
150916785	0	5158	3799	3958	5631
150916885	0	5172	3817	3958	5607
150916985	0	5097	3799	3953	5603
150917085	0	5148	3799	3958	5574
150917185	0	5101	3770	3963	5598
150917284	0	5120	3766	3949	5584
150917385	0	5167	3794	3953	5631
150917485	0	5125	3789	3949	5617
150917585	0	5143	3794	3967	5617
150917685	0	5106	3756	3963	5640
150917784	0	5139	3761	3963	5607
150917885	0	5125	3770	3967	5584
150917985	0	5162	3780	3958	5659
150918084	0	5153	3775	3958	5603
150918185	0	5176	3794	3963	5603
150918285	0	5143	3799	3963	5584
150918385	0	5111	3803	3953	5603
150918484	0	5139	3770	3977	5588
150918585	0	5158	3794	3958	5603
150918684	0	5120	3770	3953	5570
150918788	0	5134	3756	3967	5617
150918884	0	5125	3756	3958	5598
150918985	0	5143	3799	3953	5593
150919085	0	5158	3775	3977	5588
150919184	0	5068	3775	3967	5588
150919285	0	5106	3766	3958	5612
150919385	0	5139	3785	3967	5603
150919485	0	5134	3762	3944	5579
150919584	0	5120	3761	3967	5631
150919685	0	5162	3752	3944	5584
150919785	0	5158	3794	3949	5617
150919885	0	5111	3775	3958	5612
150919984	0	5172	3789	3958	5617
150920085	0	5120	3770	3963	5645
150920185	0	5162	3780	3949	5612
150920285	0	5181	3775	3958	5588
150920384	0	5129	3780	3967	5617
150920484	0	5162	3785	3972	5607
150920584	0	5148	3770	3949	5603
150920685	0	5125	3803	3963	5574
150920784	0	5162	3785	3967	5617
150920884	0	5148	3756	3996	5626
150920985	0	5106	3757	3944	5607
150921085	0	5162	3770	3963	5574
150921185	0	5083	3799	3967	5574
150921285	0	5115	3785	3963	5598
150921385	0	5143	3766	3944	5612
150921484	0	5115	3780	3949	5598
150921584	0	5120	3761	3963	5556
150921685	0	5106	3766	3963	5588
150921884	0	5148	3775	3953	5621
150921985	0	5134	3785	3953	5626
150922085	0	5129	3799	3953	5593
150922185	0	5134	3770	3958	5617
150922284	0	5148	3766	3958	5584
150922384	0	5111	3799	3944	5640
150922484	0	5158	3766	3958	5626
150922585	0	5153	3766	3944	5607
150922684	0	5153	3789	3958	5603
150922785	0	5143	3794	3953	5603
150922889	0	5162	3799	3977	5588
150922985	0	5167	3808	3949	5621
150923085	0	5139	3770	3963	5598
150923184	0	5143	3756	3963	5640
150923284	0	5143	3789	3967	5621
150923384	0	5129	3775	3967	5603
150923485	0	5129	3785	3972	5612
150923584	0	5115	3775	3963	5612
150923685	0	5139	3794	3963	5612
150923784	0	5106	3794	3972	5626
150923884	0	5162	3817	3963	5607
150923985	0	5120	3785	3977	5631
150924085	0	5148	3762	3972	5607
150924184	0	5106	3766	3963	5640
150924284	0	5153	3770	3963	5621
150924385	0	5092	3756	3944	5626
150924484	0	5106	3785	3949	5603
150924584	0	5097	3794	3953	5649
150924684	0	5139	3794	3953	5640
150924785	0	5162	3780	3949	5593
150924884	0	5134	3799	3949	5598
150924985	0	5106	3761	3972	5621
150925085	0	5120	3780	3963	5617
150925185	0	5153	3775	3958	5612
150925285	0	5101	3803	3958	5631
150925385	0	5139	3789	3939	5598
150925485	0	5162	3780	3958	5598
150925585	0	5134	3775	3953	5621
150925684	0	5162	3766	3958	5603
150925784	0	5172	3789	3958	5649
150925885	0	5158	3808	3967	5603
150925985	0	5134	3770	3944	5640
150926084	0	5125	3770	3977	5645
150926185	0	5106	3780	3953	5621
150926285	0	5120	3799	3977	5640
150926385	0	5172	3775	3953	5654
150926484	0	5153	3789	3972	5612
150926584	0	5125	3761	3953	5584
150926684	0	5162	3756	3963	5612
150926784	0	5148	3785	3963	5617
150926884	0	5143	3808	3958	5603
150926989	0	5129	3794	3972	5617
150927084	0	5120	3775	3967	5603
150927184	0	5101	3775	3963	5603
150927285	0	5134	3761	3963	5612
150927384	0	5125	3775	3958	5621
150927484	0	5134	3761	3949	5617
150927584	0	5139	3785	3958	5560
150927685	0	5158	3775	3963	5593
150927785	0	5158	3761	3967	5593
150927885	0	5158	3762	3963	5584
150927984	0	5148	3780	3958	5603
150928084	0	5143	3756	3958	5588
150928184	0	5143	3785	3953	5574
150928284	0	5167	3766	3953	5612
150928384	0	5167	3761	3967	5612
150928485	0	5115	3770	3949	5640
150928585	0	5129	3785	3953	5617
150928685	0	5139	3752	3949	5612
150928785	0	5143	3794	3953	5593
150928884	0	5115	3766	3958	5593
150928984	0	5153	3813	3972	5588
150929084	0	5139	3775	3958	5565
150929185	0	5134	3785	3944	5565
150929284	0	5143	3756	3958	5588
150929385	0	5148	3780	3972	5579
150929484	0	5148	3770	3953	5617
150929585	0	5143	3794	3986	5593
150929684	0	5153	3756	3958	5593
150929784	0	5153	3762	3953	5560
150929884	0	5162	3766	3972	5546
150929984	0	5143	3766	3958	5565
150930084	0	5106	3752	3958	5579
150930184	0	5167	3799	3963	5579
150930285	0	5186	3785	3958	5537
150930384	0	5153	3762	3972	5556
150930485	0	5125	3770	3977	5617
150930584	0	5125	3766	3953	5579
150930684	0	5148	3770	3967	5593
150930785	0	5153	3757	3958	5593
150930885	0	5134	3766	3986	5588
150930985	0	5148	3770	3963	5565
150931088	0	5097	3770	3963	5574
150931184	0	5167	3761	3963	5579
150931285	0	5125	3761	3977	5560
150931385	0	5172	3770	3949	5593
150931485	0	5162	3762	3958	5565
150931584	0	5143	3775	3958	5551
150931685	0	5106	3756	3953	5588
150931784	0	5158	3762	3944	5588
150931885	0	5162	3785	3949	5588
150931985	0	5115	3752	3972	5556
150932085	0	5129	3757	3944	5579
150932185	0	5162	3762	3986	5607
150932285	0	5162	3757	3963	5607
150932384	0	5148	3794	3986	5574
150932484	0	5153	3766	3958	5565
150932584	0	5162	3756	3958	5584
150932684	0	5172	3748	3963	5588
150932785	0	5176	3752	3963	5598
150932885	0	5162	3756	3953	5584
150932984	0	5162	3761	3967	5607
150933085	0	5115	3766	3949	5612
150933184	0	5111	3761	3963	5588
150933284	0	5153	3794	3982	5579
150933384	0	5148	3766	3958	5579
150933485	0	5143	3770	3944	5551
150933585	0	5167	3757	3949	5579
150933684	0	5158	3761	3958	5579
150933785	0	5158	3766	3953	5593
150933885	0	5153	3762	3982	5574
150933984	0	5111	3761	3958	5617
150934085	0	5172	3757	3958	5570
150934185	0	5162	3770	3963	5598
150934284	0	5162	3762	3967	5570
150934384	0	5111	3748	3963	5588
150934485	0	5158	3757	3982	5560
150934585	0	5115	3761	3953	5593
150934684	0	5167	3756	3977	5588
150934785	0	5120	3766	3953	5570
150934885	0	5158	3762	3977	5612
150934985	0	5143	3761	3977	5556
150935085	0	5139	3799	3958	5588
150935189	0	5134	3762	3953	5584
150935284	0	5115	3785	3967	5603
150935385	0	5143	3775	3977	5607
150935484	0	5158	3780	3982	5565
150935584	0	5162	3756	3953	5598
150935684	0	5125	3762	3977	5588
150935784	0	5172	3743	3958	5617
150935884	0	5143	3770	3982	5570
150935984	0	5129	3766	3958	5603
150936085	0	5129	3752	3953	5565
150936184	0	5158	3775	3953	5612
150936285	0	5143	3770	3953	5617
150936385	0	5078	3761	3958	5588
150936484	0	5129	3770	3949	5617
150936584	0	5148	3766	3963	5626
150936684	0	5083	3766	3949	5621
150936784	0	5125	3770	3963	5598
150936890	0	5139	3785	3958	5635
150936985	0	5181	3766	3944	5617
150937084	0	5148	3766	3953	5607
150937185	0	5158	3766	3958	5574
150937285	0	5125	3780	3953	5579
150937385	0	5153	3770	3963	5560
150937484	0	5143	3770	3939	5607
150937584	0	5181	3756	3977	5621
150937684	0	5158	3757	3963	5640
150937784	0	5143	3762	3953	5607
150937885	0	5139	3770	3949	5640
150937984	0	5143	3761	3958	5593
150938084	0	5167	3775	3944	5607
150938184	0	5172	3756	3963	5621
150938285	0	5162	3756	3953	5631
150938384	0	5162	3794	3967	5593
150938484	0	5106	3775	3963	5574
150938584	0	5139	3766	3958	5635
150938685	0	5120	3780	3949	5626
150938784	0	5162	3756	3963	5626
150938884	0	5087	3761	3953	5640
150938984	0	5115	3756	3967	5584
150939085	0	5148	3756	3958	5593
150939184	0	5115	3770	3958	5593
150939288	0	5125	3756	3963	5617
150939385	0	5148	3766	3949	5659
150939485	0	5139	3770	3977	5588
150939584	0	5143	3770	3953	5626
150939684	0	5073	3785	3949	5607
150939784	0	5097	3785	3953	5645
150939884	0	5158	3770	3953	5621
150939984	0	5167	3770	3958	5635
150940084	0	5158	3780	3958	5617
150940184	0	5153	3799	3949	5621
150940284	0	5162	3775	3967	5635
150940384	0	5134	3756	3958	5617
150940485	0	5111	3766	3967	5598
150940585	0	5078	3770	3972	5621
150940684	0	5158	3785	3953	5621
150940784	0	5162	3780	3953	5621
150940884	0	5134	3766	3949	5598
150940984	0	5134	3766	3953	5617
150941085	0	5120	3762	3944	5612
150941185	0	5106	3799	3944	5603
150941285	0	5134	3762	3953	5654
150941384	0	5167	3775	3949	5612
150941485	0	5143	3780	3958	5607
150941585	0	5158	3794	3944	5603
150941685	0	5167	3785	3944	5631
150941784	0	5172	3785	3958	5598
150941885	0	5158	3757	3949	5560
150941985	0	5139	3752	3944	5598
150942085	0	5111	3775	3958	5579
150942184	0	5176	3794	3953	5617
150942284	0	5129	3785	3953	5593
150942384	0	5158	3770	3953	5588
150942484	0	5139	3756	3967	5593
150942584	0	5143	3756	3963	5593
150942684	0	5143	3770	3953	5645
150942784	0	5120	3770	3967	5603
150942884	0	5158	3766	3958	5593
150942984	0	5162	3766	3977	5607
150943084	0	5162	3756	3949	5570
150943184	0	5143	3752	3963	5607
150943284	0	5167	3794	3977	5631
150943386	0	5143	3794	3958	5560
150943484	0	5148	3756	3967	5565
150943584	0	5181	3766	3972	5593
150943685	0	5129	3775	3963	5603
150943784	0	5129	3766	3953	5631
150943885	0	5115	3780	3944	5603
150943984	0	5111	3752	3949	5612
150944085	0	5120	3761	3963	5621
150944185	0	5106	3757	3949	5603
150944284	0	5129	3761	3939	5560
150944385	0	5139	3785	3944	5612
150944484	0	5181	3748	3963	5579
150944585	0	5134	3794	3949	5617
150944684	0	5153	3752	3949	5551
150944785	0	5139	3762	3953	5617
150944884	0	5139	3770	3963	5621
150944985	0	5186	3775	3949	5593
150945084	0	5139	3770	3972	5621
150945184	0	5097	3770	3963	5579
150945285	0	5162	3756	3953	5565
150945384	0	5115	3770	3972	5612
150945485	0	5176	3775	3963	5603
150945584	0	5148	3770	3953	5603
150945684	0	5129	3770	3967	5635
150945785	0	5129	3761	3953	5640
150945884	0	5167	3756	3972	5607
150945984	0	5162	3761	3944	5565
150946084	0	5129	3766	3949	5603
150946184	0	5115	3789	3953	5607
150946284	0	5148	3775	3958	5603
150946384	0	5162	3757	3958	5593
150946485	0	5167	3756	3953	5579
150946584	0	5167	3766	3967	5556
150946684	0	5125	3785	3958	5584
150946784	0	5134	3761	3944	5593
150946884	0	5143	3780	3958	5598
150946984	0	5153	3756	3972	5546
150947084	0	5125	3761	3967	5678
150947184	0	5153	3770	3939	5635
150947284	0	5158	3756	3967	5617
150947487	0	5162	3761	3972	5659
150947584	0	5153	3780	3949	5584
150947684	0	5134	3789	3963	5617
150947784	0	5148	3775	3967	5598
150947884	0	5120	3775	3977	5584
150947984	0	5120	3756	3949	5588
150948085	0	5153	3752	3958	5565
150948185	0	5125	3762	3967	5560
150948284	0	5143	3752	3967	5556
150948384	0	5158	3761	3958	5621
150948485	0	5134	3766	3953	5565
150948584	0	5162	3761	3972	5603
150948684	0	5153	3766	3958	5621
150948784	0	5139	3780	3963	5584
150948885	0	5158	3794	3958	5584
150948984	0	5148	3780	3963	5565
150949084	0	5134	3761	3953	5579
150949184	0	5167	3757	3949	5579
150949285	0	5092	3775	3944	5570
150949384	0	5148	3748	3967	5598
150949484	0	5139	3770	3963	5565
150949584	0	5158	3799	3958	5570
150949684	0	5115	3761	3949	5603
150949784	0	5129	3803	3963	5617
150949884	0	5172	3780	3963	5621
150949985	0	5158	3813	3949	5645
150950085	0	5148	3770	3953	5640
150950384	0	5148	3775	3939	5607
150950485	0	5111	3770	3953	5593
150950584	0	5143	3794	3963	5649
150950685	0	5153	3780	3963	5645
150950784	0	5129	3761	3958	5635
150950884	0	5139	3785	3944	5626
150950985	0	5148	3789	3958	5649
150951085	0	5097	3775	3967	5635
150951184	0	5134	3794	3967	5621
150951285	0	5162	3761	3958	5621
150951384	0	5153	3785	3967	5664
150951485	0	5167	3761	3958	5631
150951586	0	5134	3761	3977	5603
150951684	0	5162	3794	3949	5664
150951785	0	5148	3775	3967	5687
150951884	0	5106	3789	3944	5649
150951984	0	5143	3775	3963	5617
150952084	0	5158	3766	3949	5659
150952184	0	5134	3785	3949	5635
150952284	0	5158	3785	3967	5635
150952385	0	5143	3766	3972	5649
150952484	0	5097	3770	3967	5621
150952584	0	5120	3766	3963	5640
150952684	0	5176	3766	3958	5645
150952785	0	5115	3762	3953	5645
150952884	0	5125	3762	3963	5649
150952984	0	5139	3762	3944	5645
150953084	0	5134	3780	3958	5635
150953184	0	5153	3789	3949	5649
150953285	0	5092	3761	3963	5640
150953384	0	5181	3762	3982	5635
150953484	0	5158	3761	3977	5626
150953585	0	5162	3789	3972	5631
150953684	0	5139	3799	3953	5649
150953784	0	5176	3785	3963	5635
150953884	0	5125	3780	3967	5631
150953984	0	5148	3780	3958	5649
150954084	0	5167	3761	3972	5706
150954184	0	5101	3775	3953	5687
150954284	0	5153	3808	3963	5635
150954384	0	5134	3766	3963	5668
150954484	0	5167	3780	3963	5626
150954584	0	5153	3785	3953	5649
150954684	0	5158	3780	3949	5626
150954784	0	5073	3813	3963	5673
150954885	0	5134	3756	3944	5649
150954984	0	5129	3794	3949	5659
150955084	0	5162	3775	3967	5687
150955185	0	5106	3785	3939	5645
150955285	0	5115	3785	3953	5649
150955384	0	5097	3766	3953	5626
150955484	0	5120	3770	3958	5659
150955584	0	5129	3775	3963	5640
150955688	0	5143	3803	3953	5664
150955784	0	5158	3794	3958	5687
150955885	0	5158	3780	3953	5673
150955984	0	5153	3775	3949	5668
150956084	0	5125	3813	3958	5631
150956184	0	5139	3780	3958	5715
150956284	0	5153	3756	3949	5659
150956385	0	5162	3775	3944	5649
150956584	0	5115	3775	3958	5659
150956684	0	5125	3770	3963	5659
150956784	0	5162	3808	3949	5621
150956885	0	5181	3785	3963	5626
150956984	0	5139	3761	3967	5640
150957084	0	5167	3785	3972	5640
150957184	0	5153	3761	3972	5617
150957284	0	5148	3748	3967	5612
150957385	0	5134	3775	3953	5664
150957484	0	5158	3752	3953	5645
150957584	0	5120	3775	3977	5621
150957684	0	5158	3757	3986	5659
150957785	0	5125	3756	3977	5659
150957884	0	5143	3761	3991	5645
150957984	0	5148	3785	3958	5659
150958084	0	5148	3770	3967	5659
150958185	0	5143	3756	3972	5682
150958284	0	5129	3762	3963	5645
150958384	0	5148	3794	3986	5659
150958485	0	5167	3775	3972	5649
150958584	0	5172	3743	3967	5617
150958684	0	5143	3780	3944	5626
150958784	0	5148	3752	3982	5654
150958884	0	5143	3789	3967	5617
150958984	0	5162	3761	3949	5668
150959084	0	5120	3762	3958	5692
150959184	0	5162	3770	3949	5659
150959284	0	5162	3762	3958	5649
150959384	0	5143	3756	3963	5659
150959484	0	5153	3775	3958	5659
150959584	0	5167	3762	3967	5678
150959685	0	5153	3762	3982	5640
150959786	0	5158	3752	3953	5645
150959884	0	5158	3770	3958	5668
150959982	0	5153	3762	3967	5692
151000084	0	5153	3761	3963	5621
151000182	0	5158	3761	3967	5673
151000282	0	5143	3766	3958	5673
151000382	0	5148	3766	3972	5649
151000484	0	5158	3789	3977	5631
151000582	0	5153	3752	3949	5649
151000682	0	5148	3762	3967	5640
151000782	0	5120	3780	3982	5635
151000882	0	5172	3757	3944	5617
151000982	0	5139	3756	3982	5664
151001082	0	5115	3756	3963	5678
151001182	0	5101	3738	3949	5635
151001282	0	5158	3762	3953	5640
151001382	0	5158	3738	3949	5668
151001582	0	5158	3752	3982	5649
151001682	0	5125	3766	3953	5649
151001784	0	5162	3766	3963	5664
151001882	0	5167	3761	3972	5649
151001982	0	5158	3766	3963	5668
151002082	0	5125	3775	3958	5626
151002182	0	5148	3757	3944	5687
151002282	0	5162	3766	3967	5617
151002383	0	5167	3757	3967	5654
151002484	0	5134	3761	3949	5668
151002582	0	5158	3762	3963	5621
151002682	0	5134	3766	3963	5626
151002790	0	5167	3756	3949	5635
151002882	0	5153	3743	3953	5654
151002982	0	5176	3766	3958	5635
151003084	0	5153	3770	3982	5649
151003184	0	5158	3748	3958	5649
151003282	0	5162	3756	3949	5678
151003384	0	5120	3775	3939	5621
151003482	0	5153	3770	3967	5598
151003584	0	5158	3766	3958	5664
151003684	0	5106	3761	3949	5649
151003782	0	5120	3756	3953	5649
151003886	0	5148	3766	3958	5645
151003983	0	5101	3756	3953	5673
151004082	0	5120	3775	3972	5654
151004182	0	5167	3762	3967	5621
151004284	0	5167	3762	3949	5612
151004382	0	5139	3756	3977	5654
151004484	0	5153	3785	3949	5621
151004582	0	5129	3752	3953	5649
151004683	0	5101	3756	3963	5603
151004784	0	5167	3775	3967	5612
151004884	0	5125	3762	3958	5664
151004982	0	5134	3752	3963	5621
151005082	0	5134	3789	3963	5617
151005182	0	5106	3794	3963	5631
151005282	0	5153	3756	3982	5635
151005382	0	5134	3748	3949	5621
151005482	0	5129	3761	3972	5654
151005582	0	5139	3756	3982	5645
151005682	0	5134	3757	3963	5659
151005782	0	5148	3752	3958	5668
151005882	0	5153	3766	3986	5612
151005982	0	5125	3766	3982	5668
151006082	0	5111	3770	3949	5673
151006182	0	5125	3766	3972	5668
151006282	0	5148	3756	3986	5607
151006382	0	5148	3748	3958	5640
151006483	0	5158	3761	3953	5654
151006582	0	5097	3757	3986	5621
151006682	0	5162	3756	3953	5645
151006782	0	5162	3761	3939	5640
151006882	0	5153	3757	3939	5645
151006982	0	5153	3756	3963	5673
151007082	0	5139	3761	3977	5631
151007182	0	5162	3780	3958	5678
151007282	0	5148	3762	3949	5640
151007382	0	5129	3766	3944	5640
151007482	0	5153	3766	3949	5612
151007582	0	5162	3775	3953	5692
151007682	0	5097	3761	3967	5687
151007782	0	5167	3761	3977	5626
151007882	0	5162	3775	3977	5673
151007986	0	5143	3775	3963	5603
151008082	0	5167	3766	3953	5659
151008182	0	5167	3766	3958	5640
151008282	0	5158	3775	3972	5649
151008382	0	5158	3762	3972	5696
151008482	0	5153	3761	3949	5649
151008582	0	5134	3761	3958	5626
151008682	0	5125	3770	3939	5640
151008782	0	5134	3770	3953	5654
151008883	0	5153	3761	3958	5673
151008982	0	5148	3748	3958	5635
151009082	0	5158	3761	3958	5654
151009182	0	5120	3770	3972	5649
151009282	0	5143	3762	3949	5682
151009382	0	5143	3762	3982	5668
151009482	0	5148	3761	3972	5635
151009582	0	5139	3757	3958	5649
151009682	0	5143	3756	3977	5659
151009782	0	5162	3770	3958	5645
151009882	0	5167	3743	3958	5678
151009982	0	5176	3756	3944	5645
151010082	0	5125	3752	3982	5668
151010182	0	5101	3762	3982	5640
151010282	0	5125	3762	3967	5668
151010382	0	5162	3761	3977	5640
151010482	0	5111	3762	3958	5640
151010582	0	5143	3761	3958	5612
151010682	0	5143	3762	3949	5621
151010782	0	5134	3757	3953	5640
151010882	0	5148	3770	3982	5626
151010982	0	5106	3761	3977	5645
151011082	0	5148	3738	3972	5612
151011182	0	5162	3762	3958	5659
151011282	0	5162	3757	3949	5626
151011382	0	5134	3766	3958	5664
151011483	0	5158	3785	3982	5612
151011582	0	5129	3752	3944	5603
151011682	0	5129	3757	3958	5635
151011782	0	5111	3780	3958	5631
151011882	0	5158	3738	3953	5635
151011982	0	5172	3766	3972	5654
151012086	0	5139	3752	3977	5645
151012182	0	5167	3761	3953	5640
151012282	0	5158	3761	3958	5654
151012382	0	5143	3770	3963	5659
151012482	0	5143	3761	3953	5598
151012582	0	5139	3761	3963	5649
151012682	0	5139	3770	3986	5654
151012782	0	5153	3789	3967	5640
151012882	0	5139	3770	3949	5635
151012982	0	5158	3766	3967	5640
151013082	0	5111	3757	3986	5635
151013182	0	5134	3756	3949	5668
151013282	0	5148	3775	3982	5640
151013382	0	5172	3762	3958	5640
151013482	0	5139	3752	3977	5649
151013582	0	5120	3752	3958	5659
151013682	0	5129	3738	3958	5645
151013782	0	5162	3748	3982	5664
151013882	0	5153	3794	3986	5654
151013982	0	5129	3775	3958	5617
151014082	0	5115	3775	3953	5607
151014182	0	5158	3761	3977	5645
151014282	0	5148	3752	3986	5612
151014382	0	5158	3770	3977	5612
151014482	0	5158	3752	3944	5631
151014582	0	5125	3780	3963	5626
151014682	0	5148	3766	3958	5607
151014782	0	5125	3761	3972	5574
151014882	0	5129	3775	3982	5631
151014982	0	5134	3762	3958	5579
151015082	0	5139	3762	3977	5579
151015182	0	5101	3762	3958	5612
151015281	0	5129	3757	3958	5635
151015382	0	5129	3770	3963	5574
151015482	0	5134	3761	3967	5635
151015582	0	5134	3761	3986	5626
151015682	0	5097	3789	3958	5631
151015782	0	5143	3766	3986	5603
151015882	0	5143	3766	3953	5649
151015982	0	5134	3766	3967	5607
151016082	0	5158	3775	3977	5593
151016186	0	5158	3761	3949	5532
151016282	0	5167	3775	3958	5560
151016382	0	5139	3761	3972	5579
151016482	0	5167	3761	3977	5546
151016582	0	5162	3766	3967	5560
151016682	0	5134	3794	3967	5574
151016782	0	5139	3799	3949	5588
151016882	0	5148	3775	3953	5574
151016982	0	5143	3794	3958	5584
151017082	0	5125	3756	3953	5560
151017182	0	5143	3775	3982	5593
151017282	0	5125	3770	3963	5603
151017382	0	5148	3766	3972	5546
151017482	0	5167	3762	3986	5617
151017582	0	5139	3766	3963	5579
151017682	0	5111	3799	3963	5579
151017784	0	5153	3775	3949	5603
151017882	0	5162	3752	3972	5631
151017982	0	5153	3775	3963	5588
151018082	0	5129	3780	3953	5617
151018182	0	5143	3780	3963	5631
151018282	0	5125	3770	3949	5612
151018382	0	5148	3762	3967	5607
151018482	0	5143	3756	3944	5612
151018582	0	5172	3775	3958	5593
151018682	0	5120	3766	3949	5617
151018782	0	5106	3770	3949	5612
151018882	0	5162	3752	3963	5556
151018982	0	5148	3761	3967	5631
151019082	0	5143	3780	3967	5603
151019182	0	5139	3756	3935	5612
151019282	0	5125	3766	3977	5560
151019382	0	5153	3757	3963	5574
151019482	0	5115	3770	3953	5588
151019582	0	5143	3780	3972	5588
151019682	0	5162	3813	3972	5551
151019782	0	5129	3789	3949	5565
151019882	0	5167	3794	3958	5607
151019982	0	5129	3770	3953	5598
151020082	0	5129	3789	3944	5603
151020182	0	5167	3770	3944	5607
151020286	0	5162	3785	3949	5574
151020382	0	5139	3770	3972	5593
151020482	0	5162	3785	3949	5603
151020582	0	5097	3780	3982	5612
151020682	0	5153	3770	3986	5603
151020782	0	5129	3761	3953	5640
151020882	0	5148	3775	3982	5612
151020981	0	5190	3770	3963	5640
151021082	0	5143	3789	3963	5617
151021182	0	5120	3794	3982	5617
151021282	0	5167	3752	3982	5621
151021382	0	5125	3775	3982	5588
151021482	0	5120	3757	3963	5621
151021582	0	5134	3752	3967	5607
151021682	0	5129	3756	3986	5598
151021782	0	5139	3766	3944	5588
151021882	0	5106	3761	3996	5668
151021982	0	5115	3757	3958	5570
151022082	0	5129	3761	3972	5626
151022182	0	5125	3775	3967	5560
151022281	0	5125	3766	3967	5556
151022381	0	5134	3789	3963	5640
151022482	0	5143	3761	3944	5598
151022582	0	5167	3770	3977	5546
151022682	0	5115	3756	3944	5593
151022782	0	5158	3757	3967	5612
151022882	0	5143	3761	3967	5560
151022982	0	5162	3761	3949	5551
151023082	0	5143	3756	3977	5593
151023182	0	5153	3780	3972	5603
151023282	0	5129	3761	3944	5593
151023382	0	5167	3756	3991	5588
151023482	0	5172	3762	3972	5560
151023582	0	5162	3789	3972	5574
151023682	0	5158	3770	3972	5626
151023782	0	5172	3756	3977	5635
151023882	0	5129	3766	3958	5635
151023982	0	5167	3766	3977	5598
151024082	0	5129	3770	3972	5612
151024182	0	5097	3775	3958	5588
151024282	0	5158	3761	3963	5579
151024386	0	5134	3785	3963	5603
151024481	0	5162	3756	3982	5607
151024582	0	5162	3761	3958	5621
151024682	0	5148	3780	3977	5574
151024782	0	5153	3775	3977	5560
151024882	0	5158	3785	3949	5603
151024981	0	5162	3761	3939	5574
151025082	0	5139	3780	3972	5574
151025181	0	5101	3756	3949	5645
151025282	0	5153	3766	3986	5584
151025382	0	5158	3766	3953	5612
151025482	0	5162	3757	3958	5645
151025582	0	5101	3785	3967	5598
151025682	0	5120	3766	3958	5598
151025782	0	5158	3808	3958	5635
151025882	0	5143	3770	3953	5612
151025982	0	5129	3762	3963	5621
151026082	0	5111	3803	3967	5631
151026182	0	5120	3789	3953	5607
151026282	0	5139	3770	3963	5635
151026382	0	5148	3762	3967	5612
151026481	0	5172	3780	3953	5584
151026582	0	5162	3761	3967	5612
151026682	0	5143	3766	3963	5626
151026782	0	5139	3748	3963	5603
151026882	0	5120	3729	3977	5603
151026982	0	5139	3780	3963	5640
151027082	0	5148	3794	3963	5640
151027182	0	5172	3766	3958	5612
151027282	0	5148	3770	3953	5654
151027382	0	5129	3770	3972	5603
151027482	0	5125	3789	3953	5645
151027581	0	5158	3794	3958	5603
151027682	0	5115	3785	3963	5621
151027782	0	5153	3766	3953	5621
151027882	0	5120	3789	3958	5664
151027982	0	5172	3789	3958	5631
151028082	0	5176	3766	3953	5607
151028182	0	5143	3803	3977	5631
151028282	0	5106	3761	3949	5664
151028382	0	5111	3780	3958	5631
151028486	0	5097	3794	3967	5593
151028582	0	5162	3794	3963	5631
151028682	0	5148	3785	3963	5654
151028782	0	5134	3813	3972	5579
151028882	0	5129	3789	3949	5635
151028982	0	5125	3770	3963	5621
151029082	0	5143	3756	3958	5621
151029182	0	5106	3762	3953	5607
151029282	0	5139	3762	3967	5617
151029382	0	5139	3789	3982	5612
151029482	0	5162	3761	3963	5598
151029582	0	5158	3743	3963	5607
151029682	0	5153	3757	3967	5621
151029782	0	5125	3785	3972	5617
151029881	0	5143	3761	3982	5621
151029982	0	5148	3808	3982	5654
151030082	0	5153	3761	3958	5607
151030181	0	5139	3756	3977	5607
151030282	0	5125	3766	3958	5640
151030382	0	5148	3761	3953	5579
151030482	0	5153	3756	3958	5603
151030582	0	5143	3775	3958	5635
151030682	0	5162	3770	3949	5565
151030781	0	5158	3762	3953	5631
151030881	0	5139	3794	3977	5607
151030982	0	5167	3761	3986	5603
151031082	0	5162	3775	3958	5593
151031182	0	5167	3752	3967	5635
151031282	0	5125	3762	3953	5574
151031382	0	5153	3762	3953	5556
151031482	0	5167	3757	3963	5593
151031581	0	5153	3766	3991	5612
151031682	0	5143	3766	3953	5603
151031782	0	5158	3766	3986	5598
151031882	0	5167	3770	3963	5593
151031982	0	5129	3770	3963	5598
151032082	0	5167	3762	3977	5560
151032182	0	5148	3752	3949	5640
151032282	0	5153	3766	3953	5542
151032382	0	5162	3766	3953	5560
151032481	0	5111	3775	3958	5574
151032586	0	5125	3761	3958	5556
151032681	0	5148	3756	3953	5565
151032781	0	5139	3803	3953	5560
151032882	0	5101	3775	3986	5570
151032982	0	5083	3785	3963	5574
151033082	0	5125	3766	3986	5617
151033182	0	5158	3780	3949	5570
151033282	0	5148	3766	3949	5565
151033382	0	5125	3762	3963	5593
151033481	0	5125	3766	3953	5546
151033582	0	5092	3761	3958	5588
151033682	0	5129	3766	3963	5617
151033782	0	5153	3789	3949	5588
151033882	0	5153	3761	3982	5593
151033981	0	5111	3766	3958	5570
151034082	0	5162	3770	3958	5579
151034182	0	5143	3761	3996	5584
151034282	0	5143	3762	3958	5607
151034382	0	5111	3766	3949	5588
151034482	0	5143	3752	3953	5603
151034582	0	5153	3775	3953	5626
151034682	0	5148	3756	3949	5593
151034782	0	5101	3780	3958	5588
151034882	0	5148	3780	3967	5598
151034981	0	5158	3756	3958	5617
151035082	0	5181	3761	3963	5603
151035182	0	5129	3766	3967	5603
151035282	0	5153	3761	3939	5570
151035382	0	5125	3766	3991	5617
151035482	0	5148	3748	3949	5588
151035582	0	5158	3762	3963	5607
151035681	0	5134	3761	3967	5588
151035782	0	5158	3766	3953	5612
151035882	0	5176	3785	3953	5593
151035982	0	5097	3762	3963	5579
151036082	0	5162	3770	3958	5598
151036182	0	5125	3757	3930	5584
151036282	0	5106	3766	3967	5626
151036382	0	5162	3780	3972	5588
151036482	0	5143	3775	3949	5584
151036582	0	5158	3756	3967	5588
151036685	0	5143	3770	3963	5603
151036782	0	5097	3766	3949	5593
151036882	0	5111	3780	3953	5621
151036982	0	5148	3770	3949	5570
151037082	0	5186	3785	3963	5579
151037181	0	5162	3780	3953	5603
151037282	0	5134	3766	3958	5621
151037382	0	5162	3775	3967	5579
151037482	0	5129	3780	3953	5617
151037584	0	5158	3794	3967	5626
151037684	0	5125	3780	3949	5584
151037783	0	5148	3761	3967	5640
151037883	0	5172	3785	3949	5603
151037984	0	5120	3761	3958	5617
151038082	0	5158	3817	3939	5598
151038184	0	5134	3766	3958	5617
151038284	0	5111	3766	3953	5603
151038384	0	5158	3780	3963	5584
151038484	0	5162	3780	3972	5603
151038584	0	5143	3789	3967	5603
151038682	0	5106	3785	3958	5598
151038784	0	5167	3756	3972	5603
151038882	0	5134	3780	3977	5603
151038981	0	5158	3780	3953	5649
151039083	0	5106	3762	3953	5617
151039182	0	5158	3748	3967	5603
151039283	0	5139	3780	3949	5598
151039382	0	5172	3766	3958	5579
151039482	0	5111	3761	3958	5588
151039584	0	5111	3761	3977	5607
151039684	0	5139	3766	3953	5574
151039783	0	5153	3757	3953	5560
151039884	0	5167	3761	3963	5570
151039984	0	5143	3761	3967	5598
151040084	0	5134	3770	3958	5579
151040183	0	5101	3770	3967	5603
151040282	0	5134	3813	3949	5588
151040382	0	5148	3766	3996	5570
151040482	0	5167	3775	3958	5598
151040581	0	5106	3756	3963	5588
151040683	0	5167	3766	3958	5593
151040786	0	5162	3785	3949	5570
151040883	0	5115	3775	3963	5565
151040984	0	5129	3780	3982	5617
151041084	0	5162	3748	3972	5617
151041182	0	5143	3780	3958	5588
151041284	0	5172	3789	3949	5612
151041384	0	5134	3766	3963	5635
151041482	0	5158	3775	3949	5574
151041584	0	5143	3762	3958	5598
151041681	0	5087	3775	3958	5603
151041782	0	5143	3770	3986	5584
151041884	0	5143	3780	3953	5631
151041984	0	5162	3770	3967	5640
151042084	0	5158	3780	3963	5612
151042184	0	5153	3785	3967	5584
151042284	0	5139	3761	3977	5593
151042381	0	5134	3770	3958	5588
151042483	0	5143	3775	3953	5598
151042582	0	5097	3794	3958	5593
151042684	0	5148	3785	3963	5612
151042782	0	5148	3789	3967	5593
151042882	0	5167	3770	3967	5560
151042984	0	5139	3770	3953	5598
151043084	0	5158	3761	3949	5579
151043184	0	5153	3775	3963	5607
151043282	0	5120	3756	3958	5617
151043381	0	5120	3780	3953	5603
151043484	0	5158	3770	3982	5598
151043582	0	5097	3756	3958	5617
151043684	0	5143	3789	3967	5593
151043784	0	5167	3757	3977	5612
151043882	0	5148	3785	3972	5626
151043984	0	5172	3770	3935	5617
151044082	0	5129	3762	3963	5607
151044181	0	5162	3766	3986	5598
151044282	0	5115	3780	3949	5588
151044384	0	5115	3762	3967	5603
151044481	0	5153	3757	3967	5626
151044582	0	5148	3762	3986	5579
151044682	0	5143	3761	3963	5603
151044782	0	5129	3770	3953	5579
151044885	0	5158	3780	3972	5593
151044982	0	5153	3799	3958	5598
151045082	0	5087	3761	3958	5560
151045181	0	5129	3762	3967	5588
151045284	0	5186	3775	3963	5579
151045382	0	5125	3761	3958	5584
151045484	0	5158	3775	4005	5593
151045581	0	5158	3766	3982	5574
151045682	0	5129	3780	3949	5570
151045782	0	5143	3785	3967	5607
151045884	0	5139	3761	3963	5579
151045981	0	5129	3761	3949	5593
151046082	0	5153	3766	3982	5593
151046182	0	5106	3762	3963	5593
151046281	0	5158	3761	3949	5588
151046383	0	5153	3780	3949	5593
151046482	0	5115	3770	3972	5593
151046581	0	5148	3808	3949	5579
151046681	0	5148	3757	3949	5631
151046784	0	5148	3799	3967	5621
151046882	0	5120	3775	3958	5603
151046981	0	5153	3770	3982	5593
151047081	0	5148	3785	3953	5603
151047181	0	5120	3756	3953	5598
151047281	0	5153	3756	3967	5588
151047382	0	5111	3799	3958	5603
151047483	0	5158	3770	3953	5584
151047581	0	5153	3761	3977	5579
151047682	0	5143	3789	3977	5626
151047781	0	5129	3770	3953	5598
151047882	0	5134	3762	3944	5570
151047982	0	5134	3762	3953	5584
151048082	0	5158	3761	3972	5570
151048181	0	5139	3762	3949	5603
151048284	0	5120	3762	3972	5593
151048382	0	5148	3775	3967	5607
151048484	0	5129	3780	3963	5570
151048581	0	5158	3775	3944	5593
151048681	0	5125	3785	3963	5584
151048782	0	5139	3766	3972	5621
151048882	0	5143	3761	3958	5603
151048986	0	5120	3780	3935	5551
151049082	0	5120	3766	3953	5565
151049181	0	5162	3743	3972	5598
151049281	0	5139	3766	3967	5598
151049382	0	5143	3757	3953	5574
151049482	0	5158	3752	3953	5598
151049581	0	5143	3756	3991	5556
151049682	0	5129	3761	3963	5603
151049782	0	5125	3770	3958	5579
151049882	0	5172	3761	3967	5579
151049982	0	5158	3785	3991	5593
151050081	0	5111	3794	3944	5593
151050181	0	5158	3761	3963	5598
151050282	0	5158	3756	3953	5560
151050382	0	5153	3756	3953	5588
151050481	0	5167	3762	3977	5603
151050582	0	5158	3785	3944	5584
151050682	0	5139	3766	3958	5593
151050782	0	5153	3762	3953	5574
151050882	0	5148	3752	3967	5607
151050982	0	5120	3780	3972	5551
151051081	0	5153	3775	3982	5607
151051182	0	5158	3762	3972	5598
151051282	0	5106	3766	3953	5570
151051382	0	5153	3756	3972	5579
151051482	0	5106	3780	3967	5617
151051582	0	5125	3785	3963	5603
151051681	0	5158	3775	3958	5588
151051781	0	5153	3766	3972	5598
151051881	0	5148	3761	3967	5574
151051981	0	5158	3775	3967	5579
151052082	0	5115	3770	3963	5607
151052181	0	5167	3766	3972	5584
151052281	0	5176	3775	3977	5607
151052382	0	5148	3752	3977	5570
151052482	0	5148	3762	3967	5612
151052582	0	5162	3799	3958	5579
151052682	0	5153	3789	3949	5603
151052781	0	5143	3762	3972	5598
151052881	0	5153	3761	3972	5570
151052981	0	5129	3775	3963	5603
151053085	0	5115	3775	3963	5621
151053182	0	5153	3775	3986	5579
151053281	0	5158	3766	3958	5607
151053381	0	5148	3766	3958	5584
151053482	0	5158	3757	3944	5593
151053582	0	5148	3785	3953	5593
151053682	0	5153	3752	3958	5556
151053781	0	5162	3752	3944	5617
151053882	0	5172	3756	3949	5593
151053981	0	5143	3770	3958	5556
151054082	0	5125	3756	3982	5593
151054182	0	5125	3775	3953	5603
151054281	0	5143	3757	3963	5607
151054381	0	5167	3785	3972	5551
151054481	0	5158	3752	3949	5565
151054582	0	5143	3775	3977	5579
151054681	0	5143	3785	3977	5598
151054782	0	5158	3761	3967	5570
151054882	0	5120	3785	3967	5560
151054981	0	5181	3785	3958	5588
151055082	0	5143	3766	3958	5570
151055182	0	5172	3794	3953	5588
151055281	0	5176	3789	3986	5565
151055381	0	5162	3780	3986	5570
151055481	0	5139	3770	3972	5574
151055582	0	5083	3752	3967	5584
151055681	0	5111	3780	3991	5584
151055782	0	5143	3780	3967	5593
151055882	0	5162	3789	3949	5603
151055982	0	5134	3780	3953	5588
151056081	0	5158	3785	3949	5579
151056181	0	5134	3757	3967	5565
151056282	0	5139	3752	3977	5584
151056382	0	5153	3752	3977	5570
151056481	0	5153	3748	3949	5570
151056581	0	5148	3752	3963	5607
151056681	0	5158	3770	3982	5584
151056782	0	5111	3757	3991	5612
151057081	0	5120	3756	3958	5584
151057186	0	5148	3780	3972	5588
151057281	0	5143	3757	3977	5579
151057381	0	5158	3775	3972	5631
151057482	0	5162	3761	3982	5584
151057582	0	5162	3785	3977	5565
151057682	0	5186	3780	3958	5570
151057781	0	5129	3743	3958	5588
151057882	0	5129	3766	3958	5588
151057981	0	5129	3775	3972	5574
151058081	0	5120	3775	3963	5612
151058181	0	5172	3756	3982	5612
151058282	0	5167	3794	3963	5574
151058381	0	5162	3780	3972	5588
151058482	0	5106	3756	3953	5598
151058581	0	5167	3762	3963	5598
151058681	0	5134	3734	3982	5565
151058782	0	5129	3761	3963	5584
151058882	0	5162	3785	3991	5584
151058981	0	5148	3761	3963	5603
151059082	0	5134	3766	3991	5588
151059181	0	5148	3757	3972	5565
151059282	0	5143	3766	3949	5584
151059381	0	5143	3762	3944	5579
151059481	0	5162	3756	3967	5598
151059581	0	5148	3766	3996	5603
151059682	0	5172	3762	3958	5546
151059781	0	5158	3770	3977	5593
151059882	0	5153	3762	3977	5593
151059981	0	5120	3762	3967	5556
151100081	0	5134	3766	3986	5574
151100181	0	5125	3757	3972	5537
151100282	0	5129	3780	3982	5579
151100381	0	5162	3757	3963	5570
151100481	0	5129	3761	3977	5598
151100581	0	5125	3757	3958	5593
151100682	0	5139	3766	3953	5584
151100782	0	5153	3789	3949	5593
151100881	0	5158	3761	3958	5607
151100981	0	5143	3757	3963	5560
151101082	0	5153	3775	3986	5584
151101182	0	5129	3761	3958	5579
151101285	0	5158	3775	3963	5588
151101381	0	5148	3770	3996	5588
151101481	0	5120	3756	3967	5598
151101581	0	5158	3780	3972	5584
151101682	0	5143	3756	3953	5574
151101781	0	5172	3775	3967	5588
151101882	0	5158	3756	3958	5598
151101981	0	5097	3762	3972	5565
151102082	0	5162	3780	3963	5560
151102181	0	5153	3752	3944	5542
151102281	0	5125	3789	3963	5612
151102381	0	5148	3757	3967	5574
151102482	0	5139	3757	3958	5556
151102581	0	5143	3766	3953	5598
151102681	0	5181	3762	3977	5593
151102781	0	5143	3794	3953	5607
151102881	0	5120	3766	3953	5621
151102982	0	5143	3799	3977	5565
151103081	0	5172	3766	3977	5570
151103182	0	5167	3789	3972	5598
151103281	0	5129	3761	3949	5570
151103381	0	5186	3761	3958	5574
151103482	0	5148	3761	3958	5574
151103582	0	5162	3761	3963	5598
151103682	0	5181	3756	3986	5579
151103782	0	5143	3748	3963	5621
151103882	0	5143	3770	3944	5584
151103981	0	5176	3756	3972	5612
151104081	0	5115	3775	3963	5593
151104182	0	5162	3762	3967	5579
151104282	0	5125	3780	3963	5584
151104381	0	5120	3762	3953	5621
151104482	0	5115	3756	3958	5560
151104582	0	5134	3794	3986	5570
151104681	0	5162	3789	3972	5570
151104781	0	5162	3770	3977	5565
151104881	0	5162	3789	3977	5551
151104981	0	5148	3780	3958	5551
151105081	0	5148	3762	3982	5598
151105383	0	5148	3761	3958	5579
151105481	0	5125	3770	3949	5621
151105581	0	5162	3756	3977	5612
151105682	0	5158	3799	3949	5612
151105782	0	5106	3785	3958	5579
151105882	0	5143	3780	3953	5598
151105981	0	5158	3762	3977	5598
151106081	0	5111	3770	3972	5565
151106181	0	5129	3775	3963	5588
151106281	0	5158	3766	3958	5565
151106382	0	5120	3775	3963	5598
151106481	0	5134	3757	3977	5617
151106581	0	5167	3756	3972	5574
151106681	0	5143	3766	3972	5556
151106781	0	5139	3770	3967	5570
151107081	0	5162	3756	3967	5546
151107182	0	5143	3789	3986	5584
151107281	0	5143	3799	3972	5579
151107382	0	5162	3762	3958	5570
151107481	0	5167	3761	3963	5588
151107581	0	5120	3743	3963	5626
151107681	0	5106	3766	3972	5574
151107782	0	5153	3752	3977	5588
151107881	0	5153	3762	3963	5593
151107981	0	5129	3775	3967	5546
151108082	0	5143	3766	3963	5574
151108182	0	5162	3789	3958	5574
151108281	0	5158	3808	3949	5560
151108382	0	5153	3761	3982	5588
151108482	0	5167	3762	3977	5584
151108581	0	5158	3775	3963	5560
151108682	0	5162	3766	3944	5626
151108781	0	5148	3770	3958	5574
151108881	0	5176	3770	3958	5593
151108981	0	5115	3770	3949	5603
151109081	0	5153	3799	3949	5570
151109181	0	5167	3770	3967	5579
151109282	0	5143	3762	3977	5560
151109381	0	5148	3789	3972	5617
151109485	0	5139	3770	3972	5617
151109584	0	5125	3761	3958	5631
151109682	0	5139	3770	3991	5612
151109781	0	5125	3780	3967	5593
151109882	0	5115	3789	3958	5617
151109981	0	5143	3766	3977	5626
151110082	0	5158	3757	3944	5556
151110182	0	5111	3770	3967	5574
151110281	0	5167	3780	3967	5588
151110381	0	5167	3785	3963	5640
151110482	0	5115	3770	3972	5584
151110581	0	5172	3756	3972	5574
151110682	0	5125	3770	3967	5579
151110781	0	5158	3761	3953	5617
151110882	0	5129	3780	3972	5598
151110981	0	5158	3766	3944	5574
151111081	0	5172	3775	3967	5570
151111181	0	5148	3775	3953	5579
151111281	0	5139	3785	3991	5635
151111381	0	5148	3757	3958	5645
151111481	0	5120	3761	3963	5593
151111581	0	5106	3780	3967	5626
151111681	0	5139	3775	3949	5570
151111781	0	5139	3780	3949	5593
151111881	0	5148	3770	3958	5617
151111982	0	5125	3780	3958	5598
151112081	0	5162	3794	3953	5612
151112181	0	5139	3770	3949	5542
151112281	0	5115	3766	3944	5617
151112381	0	5120	3785	3963	5574
151112482	0	5172	3756	3963	5612
151112582	0	5129	3757	3967	5570
151112682	0	5153	3757	3949	5617
151112781	0	5153	3756	3972	5598
151112881	0	5162	3766	3949	5603
151112981	0	5111	3780	3949	5556
151113081	0	5158	3761	3963	5645
151113181	0	5143	3770	3958	5565
151113281	0	5111	3775	3977	5645
151113381	0	5176	3775	3949	5635
151113481	0	5158	3803	3949	5603
151113585	0	5162	3766	3963	5626
151113681	0	5139	3817	3949	5640
151113782	0	5120	3762	3944	5612
151113881	0	5153	3761	3958	5546
151113981	0	5162	3794	3958	5635
151114081	0	5120	3752	3949	5593
151114182	0	5111	3794	3958	5588
151114281	0	5139	3794	3958	5612
151114381	0	5129	3756	3958	5588
151114481	0	5172	3780	3953	5579
151114582	0	5134	3756	3949	5612
151114681	0	5143	3794	3972	5565
151114781	0	5148	3775	3963	5617
151114882	0	5125	3780	3982	5631
151114982	0	5101	3780	3953	5598
151115081	0	5153	3762	3958	5598
151115182	0	5143	3785	3963	5631
151115281	0	5158	3752	3972	5598
151115382	0	5167	3780	3944	5598
151115481	0	5153	3780	3967	5584
151115581	0	5172	3794	3963	5621
151115681	0	5097	3761	3944	5560
151115781	0	5134	3766	3958	5588
151115881	0	5111	3756	3953	5584
151116081	0	5111	3770	3949	5588
151116182	0	5158	3775	3963	5603
151116281	0	5129	3785	3953	5579
151116381	0	5167	3775	3949	5546
151116481	0	5158	3799	3967	5556
151116581	0	5143	3780	3967	5574
151116681	0	5111	3775	3967	5598
151116781	0	5158	3789	3958	5617
151116881	0	5106	3761	3958	5598
151116981	0	5172	3775	3953	5574
151117082	0	5139	3770	3944	5635
151117181	0	5143	3770	3963	5584
151117281	0	5158	3766	3963	5603
151117381	0	5143	3770	3967	5584
151117481	0	5143	3775	3953	5574
151117581	0	5106	3766	3958	5584
151117683	0	5167	3766	3967	5588
151117782	0	5120	3756	3991	5560
151117882	0	5115	3756	3986	5570
151117982	0	5134	3785	3944	5612
151118081	0	5139	3785	3972	5621
151118181	0	5162	3789	3963	5598
151118282	0	5172	3803	3972	5537
151118381	0	5148	3756	3958	5574
151118481	0	5167	3770	3982	5635
151118581	0	5139	3756	3967	5546
151118681	0	5172	3794	3972	5584
151118781	0	5162	3757	3958	5560
151118881	0	5172	3780	3939	5570
151118981	0	5153	3756	3982	5579
151119081	0	5158	3785	3977	5584
151119181	0	5162	3761	3977	5593
151119281	0	5139	3803	3967	5574
151119381	0	5143	3770	3982	5574
151119481	0	5125	3780	3967	5617
151119581	0	5153	3761	3953	5598
151119681	0	5134	3761	3986	5584
151119781	0	5172	3770	3986	5570
151119881	0	5176	3762	3972	5523
151119982	0	5111	3785	3944	5565
151120081	0	5111	3780	3982	5565
151120181	0	5158	3752	3949	5579
151120281	0	5172	3748	3953	5560
151120381	0	5153	3762	3953	5546
151120481	0	5162	3762	3949	5574
151120581	0	5120	3794	3972	5574
151120681	0	5162	3761	3944	5565
151120781	0	5111	3757	3958	5584
151120881	0	5153	3762	3953	5621
151120981	0	5162	3748	3958	5593
151121081	0	5153	3752	3963	5574
151121182	0	5162	3743	3977	5551
151121282	0	5167	3743	3977	5560
151121382	0	5158	3748	3958	5579
151121481	0	5148	3762	3958	5560
151121581	0	5158	3775	3953	5593
151121681	0	5172	3766	3958	5598
151121786	0	5158	3785	3967	5584
151121881	0	5158	3762	3958	5574
151121981	0	5143	3757	3986	5593
151122081	0	5172	3756	3958	5588
151122182	0	5158	3757	3953	5551
151122281	0	5115	3756	3953	5588
151122382	0	5139	3766	3939	5560
151122482	0	5158	3756	3972	5598
151122581	0	5158	3762	3972	5617
151122681	0	5087	3770	3986	5579
151122781	0	5148	3762	3967	5593
151122881	0	5153	3757	3963	5603
151122981	0	5167	3766	3958	5588
151123081	0	5115	3757	3963	5593
151123181	0	5158	3766	3949	5584
151123282	0	5111	3761	3958	5593
151123381	0	5153	3756	3958	5565
151123481	0	5158	3752	3963	5598
151123582	0	5167	3756	3949	5626
151123681	0	5134	3799	3958	5593
151123782	0	5139	3756	3949	5570
151123882	0	5148	3762	3991	5593
151123981	0	5143	3794	3953	5626
151124081	0	5176	3775	3967	5626
151124181	0	5167	3761	3953	5617
151124281	0	5162	3780	3963	5593
151124381	0	5143	3766	3939	5654
151124481	0	5139	3775	3949	5607
151124581	0	5148	3794	3963	5654
151124682	0	5111	3780	3963	5687
151124781	0	5148	3780	3949	5635
151124881	0	5087	3775	3963	5617
151124981	0	5148	3794	3953	5631
151125081	0	5153	3794	3949	5635
151125181	0	5134	3762	3949	5645
151125281	0	5153	3775	3958	5626
151125381	0	5172	3780	3944	5607
151125481	0	5176	3770	3963	5603
151125581	0	5162	3808	3949	5635
151125682	0	5139	3803	3953	5631
151125781	0	5115	3803	3958	5617
151125885	0	5125	3785	3949	5654
151125981	0	5181	3780	3935	5682
151126082	0	5129	3785	3958	5678
151126181	0	5143	3799	3953	5607
151126281	0	5120	3761	3953	5631
151126381	0	5101	3822	3949	5640
151126482	0	5162	3766	3949	5640
151126582	0	5143	3794	3953	5603
151126681	0	5153	3813	3958	5588
151126782	0	5167	3799	3944	5640
151126881	0	5125	3780	3949	5617
151126981	0	5111	3775	3949	5649
151127081	0	5148	3780	3949	5607
151127181	0	5162	3780	3953	5621
151127281	0	5153	3813	3944	5617
151127381	0	5167	3813	3958	5635
151127481	0	5162	3817	3939	5603
151127581	0	5125	3770	3949	5612
151127681	0	5092	3785	3963	5574
151127782	0	5158	3789	3953	5631
151127881	0	5120	3775	3958	5603
151127981	0	5134	3808	3958	5626
151128081	0	5111	3780	3963	5607
151128181	0	5134	3789	3963	5631
151128281	0	5129	3803	3967	5617
151128381	0	5153	3789	3967	5626
151128481	0	5162	3770	3944	5593
151128581	0	5148	3780	3958	5588
151128681	0	5153	3780	3939	5612
151128781	0	5120	3785	3949	5645
151128881	0	5115	3761	3953	5579
151128981	0	5143	3756	3949	5617
151129081	0	5115	3780	3958	5598
151129182	0	5158	3780	3953	5593
151129281	0	5153	3766	3958	5598
151129381	0	5134	3775	3967	5612
151129481	0	5134	3766	3949	5621
151129581	0	5181	3761	3953	5579
151129681	0	5143	3761	3963	5603
151129781	0	5143	3756	3958	5570
151129881	0	5143	3748	3977	5612
151129985	0	5120	3743	3967	5579
151130081	0	5167	3757	3982	5584
151130181	0	5181	3761	3967	5598
151130281	0	5158	3766	3944	5593
151130381	0	5153	3757	3967	5565
151130481	0	5143	3762	3986	5570
151130581	0	5129	3766	3991	5579
151130681	0	5162	3757	3972	5598
151130781	0	5125	3762	3977	5546
151130881	0	5186	3785	3944	5588
151130981	0	5139	3738	3958	5593
151131081	0	5120	3775	3972	5565
151131181	0	5181	3748	3967	5593
151131281	0	5167	3757	3963	5607
151131381	0	5153	3752	3949	5593
151131482	0	5162	3757	3977	5607
151131581	0	5134	3766	3949	5570
151131681	0	5120	3766	3991	5574
151131781	0	5167	3766	3949	5588
151131881	0	5153	3761	3963	5598
151131981	0	5172	3794	3958	5607
151132081	0	5143	3766	3972	5612
151132182	0	5125	3780	3963	5612
151132282	0	5186	3775	3967	5607
151132381	0	5143	3757	3949	5560
151132481	0	5181	3770	3972	5621
151132581	0	5153	3780	3991	5588
151132681	0	5158	3756	3991	5635
151132782	0	5125	3789	3982	5617
151132881	0	5167	3757	3967	5593
151132982	0	5172	3761	3972	5588
151133081	0	5134	3757	3977	5612
151133181	0	5167	3761	3977	5579
151133281	0	5111	3748	3953	5607
151133381	0	5167	3775	3963	5631
151133481	0	5172	3770	3953	5584
151133581	0	5158	3761	3977	5574
151133681	0	5139	3756	3953	5593
151133781	0	5172	3761	3939	5579
151133882	0	5148	3770	3977	5593
151133981	0	5125	3780	3953	5603
151134085	0	5172	3766	3953	5603
151134181	0	5143	3752	3949	5588
151134281	0	5167	3766	3953	5612
151134381	0	5092	3738	3949	5588
151134481	0	5167	3756	3972	5588
151134581	0	5106	3780	3949	5626
151134682	0	5125	3766	3953	5621
151134781	0	5125	3780	3939	5626
151134882	0	5153	3756	3953	5588
151134982	0	5115	3748	3953	5584
151135081	0	5139	3770	3958	5579
151135181	0	5115	3775	3963	5607
151135281	0	5106	3752	3944	5588
151135381	0	5115	3762	3949	5607
151135484	0	5148	3780	3958	5612
151135581	0	5125	3780	3949	5593
151135682	0	5106	3775	3958	5593
151135781	0	5158	3799	3986	5579
151135881	0	5153	3780	3958	5617
151135981	0	5129	3761	3963	5621
151136082	0	5143	3762	3963	5603
151136181	0	5111	3766	3953	5631
151136281	0	5120	3780	3953	5607
151136382	0	5134	3780	3949	5598
151136481	0	5158	3775	3953	5612
151136581	0	5111	3789	3944	5598
151136681	0	5176	3789	3958	5603
151136781	0	5162	3761	3953	5612
151136881	0	5153	3775	3949	5645
151136981	0	5143	3766	3967	5617
151137081	0	5158	3761	3953	5621
151137181	0	5101	3761	3958	5635
151137282	0	5139	3756	3977	5645
151137381	0	5162	3761	3991	5598
151137481	0	5167	3789	3958	5603
151137581	0	5148	3789	3949	5603
151137681	0	5158	3756	3944	5621
151137781	0	5139	3762	3958	5603
151137881	0	5153	3761	3944	5640
151137981	0	5162	3762	3982	5560
151138081	0	5111	3752	3963	5588
151138183	0	5148	3766	3972	5584
151138281	0	5129	3770	3963	5584
151138381	0	5172	3780	3953	5593
151138481	0	5153	3761	3953	5588
151138581	0	5172	3766	3986	5588
151138681	0	5143	3761	3939	5574
151138781	0	5167	3780	3949	5598
151138881	0	5125	3756	3953	5617
151138981	0	5120	3780	3944	5560
151139081	0	5153	3770	3972	5560
151139181	0	5172	3757	3967	5570
151139281	0	5120	3794	3953	5603
151139381	0	5120	3780	3958	5588
151139481	0	5153	3761	3982	5603
151139581	0	5120	3762	3972	5598
151139681	0	5120	3770	3949	5626
151139781	0	5143	3756	3944	5584
151139881	0	5162	3761	3949	5607
151139981	0	5172	3752	3949	5570
151140081	0	5129	3756	3953	5626
151140181	0	5167	3766	3986	5579
151140281	0	5153	3752	3963	5621
151140381	0	5153	3756	3982	5612
151140481	0	5153	3775	3944	5617
151140581	0	5115	3785	3949	5593
151140681	0	5125	3756	3972	5593
151140781	0	5172	3780	3944	5574
151140881	0	5143	3756	3963	5617
151140981	0	5162	3761	3949	5631
151141081	0	5148	3752	3963	5560
151141181	0	5125	3780	3982	5598
151141281	0	5148	3756	3986	5584
151141381	0	5148	3766	3986	5584
151141481	0	5143	3766	3953	5621
151141581	0	5167	3766	3958	5631
151141681	0	5129	3785	3944	5607
151141781	0	5162	3775	3939	5640
151141881	0	5148	3766	3963	5607
151141981	0	5106	3775	3953	5612
151142081	0	5115	3762	3967	5635
151142181	0	5176	3761	3949	5588
151142283	0	5162	3761	3982	5607
151142381	0	5153	3761	3982	5588
151142481	0	5153	3752	3953	5579
151142581	0	5143	3799	3967	5621
151142681	0	5158	3752	3958	5574
151142781	0	5148	3770	3949	5588
151142881	0	5167	3770	3986	5584
151142981	0	5125	3752	3963	5598
151143081	0	5158	3766	3949	5579
151143181	0	5148	3789	3949	5588
151143281	0	5158	3770	3967	5621
151143381	0	5139	3775	3939	5612
151143481	0	5181	3775	3982	5612
151143581	0	5162	3752	3963	5626
151143681	0	5139	3756	3963	5570
151143781	0	5115	3761	3967	5560
151143881	0	5162	3794	3949	5593
151143981	0	5176	3775	3972	5556
151144081	0	5148	3770	3944	5584
151144181	0	5162	3762	3958	5551
151144281	0	5162	3785	3986	5579
151144381	0	5158	3756	3963	5560
151144481	0	5120	3756	3953	5574
151144581	0	5158	3761	3963	5593
151144680	0	5153	3770	3963	5584
151144781	0	5134	3762	3963	5598
151144881	0	5158	3785	3967	5598
151144981	0	5139	3780	3963	5603
151145081	0	5115	3762	3991	5612
151145181	0	5139	3794	4005	5593
151145281	0	5120	3780	3991	5570
151145381	0	5129	3780	3996	5588
151145481	0	5129	3762	3963	5617
151145581	0	5162	3761	3958	5560
151145681	0	5167	3770	3958	5612
151145781	0	5143	3780	3972	5607
151145881	0	5181	3780	3972	5593
151145981	0	5181	3780	3967	5626
151146081	0	5139	3775	3953	5593
151146181	0	5167	3761	3958	5546
151146281	0	5129	3770	3967	5635
151146383	0	5143	3780	3972	5635
151146481	0	5129	3785	3958	5640
151146581	0	5125	3756	3963	5574
151146681	0	5148	3770	3967	5593
151146781	0	5143	3766	3958	5626
151146881	0	5115	3761	3963	5584
151146981	0	5167	3803	3953	5617
151147081	0	5111	3766	3949	5603
151147181	0	5143	3756	3963	5593
151147281	0	5111	3766	3967	5626
151147381	0	5092	3780	3958	5607
151147481	0	5172	3775	3958	5631
151147581	0	5167	3770	3958	5598
151147681	0	5186	3780	3953	5640
151147781	0	5134	3775	3972	5607
151147881	0	5148	3780	3963	5621
151147981	0	5143	3794	3953	5631
151148081	0	5176	3803	3963	5640
151148181	0	5111	3780	3944	5645
151148281	0	5143	3766	3963	5626
151148381	0	5172	3766	3972	5617
151148481	0	5129	3780	3963	5631
151148581	0	5125	3780	3991	5607
151148681	0	5176	3780	3963	5579
151148781	0	5101	3780	3982	5621
151148881	0	5148	3785	3949	5598
151148981	0	5129	3780	3958	5631
151149081	0	5143	3752	3953	5570
151149181	0	5176	3756	3977	5584
151149281	0	5111	3770	3972	5584
151149381	0	5167	3775	3977	5649
151149481	0	5172	3794	3972	5532
151149581	0	5181	3761	3963	5560
151149681	0	5181	3770	3967	5570
151149781	0	5148	3785	3982	5603
151149881	0	5134	3789	3963	5532
151149981	0	5125	3789	3949	5570
151150081	0	5148	3808	3958	5560
151150181	0	5162	3770	3977	5551
151150281	0	5153	3803	3972	5579
151150381	0	5158	3762	3953	5603
151150482	0	5139	3785	3967	5588
151150581	0	5139	3770	3963	5570
151150681	0	5181	3794	3963	5570
151150781	0	5167	3785	3982	5551
151150881	0	5162	3808	3972	5584
151150981	0	5158	3780	3949	5565
151151081	0	5153	3757	3949	5560
151151181	0	5176	3817	3972	5542
151151281	0	5176	3761	3953	5607
151151381	0	5153	3780	3967	5579
151151481	0	5167	3799	3953	5560
151151581	0	5143	3789	3986	5546
151151681	0	5167	3785	3986	5621
151151781	0	5125	3785	3958	5565
151151881	0	5153	3780	3944	5570
151151981	0	5158	3756	3963	5574
151152081	0	5176	3775	3953	6278
151152181	0	5125	3770	3963	5968
151152281	0	5167	3757	3953	5621
151152381	0	5134	3752	3958	5579
151152481	0	5143	3775	3953	5598
151152581	0	5158	3766	3944	5659
151152681	0	5158	3785	3944	5631
151152781	0	5167	3756	3967	5588
151152881	0	5172	3794	3944	5584
151152981	0	5143	3762	3958	5607
151153081	0	5139	3766	3977	5612
151153181	0	5153	3757	3972	5593
151153281	0	5148	3780	3953	5626
151153381	0	5148	3799	3953	5574
151153481	0	5134	3808	3982	5593
151153581	0	5167	3789	3953	5607
151153681	0	5172	3756	3972	5612
151153781	0	5162	3756	3991	5537
151153881	0	5172	3803	3963	5560
151153981	0	5097	3752	3963	5560
151154081	0	5120	3803	3953	5588
151154181	0	5134	3770	3958	5603
151154281	0	5148	3757	3958	5570
151154381	0	5172	3762	3949	5556
151154481	0	5139	3770	3953	5556
151154582	0	5115	3775	3953	5593
151154681	0	5172	3752	3982	5598
151154780	0	5148	3775	3972	5584
151154881	0	5176	3770	3944	5612
151154981	0	5120	3780	3958	5593
151155081	0	5148	3799	3953	5588
151155181	0	5167	3785	3939	5584
151155281	0	5167	3817	3967	5612
151155381	0	5134	3775	3953	5617
151155481	0	5143	3757	3935	5607
151155581	0	5134	3762	3949	5603
151155681	0	5158	3766	3958	5588
151155781	0	5143	3766	3963	5612
151155881	0	5143	3766	3953	5570
151155981	0	5129	3770	3967	5617
151156081	0	5106	3756	3967	5556
151156181	0	5186	3757	3953	5560
151156281	0	5172	3756	3967	5560
151156381	0	5162	3785	3949	5626
151156481	0	5162	3789	3972	5556
151156580	0	5153	3775	3977	5598
151156681	0	5134	3785	3963	5607
151156780	0	5162	3794	3963	5556
151156881	0	5158	3803	3949	5603
151156981	0	5139	3803	3967	5607
151157081	0	5167	3775	3967	5603
151157181	0	5120	3794	3958	5607
151157281	0	5134	3761	3967	5593
151157381	0	5162	3761	3953	5584
151157481	0	5181	3766	3963	5579
151157581	0	5148	3794	3963	5565
151157681	0	5153	3785	3944	5499
151157781	0	5143	3785	3982	5560
151157881	0	5134	3770	3953	5570
151157980	0	5162	3794	3953	5593
151158081	0	5148	3785	3986	5551
151158181	0	5167	3808	3967	5556
151158281	0	5139	3785	3963	5621
151158380	0	5158	3785	3958	5574
151158481	0	5139	3785	3977	5631
151158581	0	5158	3780	3958	5574
151158682	0	5148	3770	3953	5579
151158781	0	5106	3808	3982	5551
151158881	0	5181	3761	3967	5603
151158981	0	5162	3762	3982	5603
151159081	0	5167	3794	3986	5570
151159181	0	5162	3789	3977	5649
151159281	0	5162	3799	3963	5654
151159381	0	5143	3789	3949	5584
151159481	0	5158	3799	3982	5588
151159581	0	5158	3761	3963	5631
151159681	0	5153	3794	3949	6170
151159781	0	5167	3794	3953	6137
151159880	0	5153	3766	3949	6118
151159981	0	5097	3756	3949	6151
151200081	0	5167	3789	3972	6034
151200381	0	5134	3766	3949	5926
151200481	0	5176	3789	3949	5926
151200580	0	5162	3780	3935	5734
151200681	0	5148	3761	3958	5673
151200781	0	5078	3770	3963	5654
151200881	0	5148	3799	3944	5588
151200981	0	5148	3794	3958	5664
151201081	0	5120	3799	3953	5626
151201181	0	5120	3789	3930	5626
151201281	0	5158	3775	3967	5617
151201384	0	5148	3775	3953	5649
151201481	0	5153	3803	3939	5664
151201581	0	5143	3803	3949	5626
151201680	0	5148	3780	3977	5574
151201781	0	5139	3766	3944	5640
151201881	0	5167	3789	3944	5607
151201981	0	5111	3761	3958	5640
151202081	0	5139	3803	3949	5640
151202181	0	5129	3799	3953	5659
151202280	0	5148	3794	3972	5645
151202381	0	5129	3780	3949	5673
151202481	0	5158	3785	3972	5588
151202581	0	5115	3794	3935	5673
151202680	0	5129	3780	3958	5659
151202783	0	5120	3803	3949	5617
151202881	0	5172	3794	3944	5607
151202980	0	5153	3813	3963	5621
151203081	0	5162	3794	3949	5593
151203181	0	5134	3775	3963	5668
151203281	0	5101	3780	3963	5673
151203381	0	5172	3789	3944	5645
151203481	0	5115	3789	3935	5664
151203580	0	5129	3827	3944	5617
151203681	0	5111	3766	3953	5664
151203781	0	5158	3808	3935	5626
151203880	0	5134	3803	3944	5626
151203980	0	5134	3780	3944	5687
151204081	0	5134	3803	3949	5659
151204181	0	5167	3766	3944	5607
151204281	0	5148	3789	3944	5621
151204380	0	5167	3789	3953	5612
151204481	0	5162	3817	3944	5626
151204581	0	5092	3775	3953	5645
151204680	0	5162	3817	3953	5678
151204781	0	5162	3785	3953	5598
151204881	0	5167	3775	3949	5673
151204980	0	5139	3789	3963	5598
151205081	0	5176	3766	3939	5607
151205181	0	5143	3794	3944	5654
151205280	0	5143	3799	3972	5635
151205381	0	5143	3822	3953	5603
151205481	0	5167	3762	3953	5645
151205581	0	5158	3789	3963	5598
151205681	0	5134	3808	3949	5607
151205781	0	5092	3766	3949	5635
151205881	0	5111	3766	3963	5617
151205981	0	5153	3799	3953	5617
151206081	0	5143	3789	3944	5607
151206181	0	5101	3789	3944	5654
151206282	0	5176	3803	3963	5659
151206381	0	5129	3808	3944	5593
151206481	0	5134	3780	3949	5603
151206581	0	5148	3794	3958	5617
151206681	0	5129	3794	3967	5617
151206781	0	5153	3780	3953	5626
151206882	0	5158	3803	3963	5635
151206981	0	5143	3808	3977	5588
151207080	0	5111	3794	3949	5668
151207181	0	5129	3794	3967	5631
151207280	0	5125	3785	3953	5668
151207380	0	5120	3794	3935	5645
151207480	0	5153	3808	3958	5584
151207581	0	5158	3813	3949	5626
151207681	0	5134	3789	3963	5649
151207781	0	5148	3785	3949	5603
151207881	0	5158	3799	3944	5621
151207981	0	5158	3770	3963	5664
151208080	0	5148	3803	3949	5593
151208181	0	5143	3799	3939	5645
151208281	0	5148	3794	3949	5654
151208381	0	5153	3770	3963	5593
151208481	0	5134	3799	3958	5617
151208580	0	5115	3780	3958	5617
151208680	0	5172	3770	3972	5579
151208781	0	5139	3808	3972	5654
151208881	0	5134	3770	3977	5626
151208981	0	5148	3785	3977	5588
151209081	0	5158	3766	3944	5598
151209179	0	5167	3770	3944	5593
151209281	0	5115	3757	3977	5607
151209381	0	5153	3756	3958	5617
151209480	0	5176	3813	3963	5603
151209580	0	5143	3785	3953	5607
151209681	0	5134	3775	3958	5593
151209778	0	5172	3789	3982	5654
151209879	0	5190	3780	3963	5579
151209981	0	5167	3770	3949	5570
151210079	0	5162	3775	3967	5607
151210179	0	5172	3766	3949	5621
151210280	0	5115	3770	3972	5645
151210381	0	5158	3770	3953	5574
151210479	0	5115	3794	3953	5598
151210579	0	5162	3770	3972	5584
151210681	0	5129	3789	3953	5631
151210780	0	5143	3756	3972	5640
151210881	0	5158	3766	3953	5570
151210982	0	5167	3780	3953	5603
151211079	0	5129	3794	3958	5640
151211179	0	5153	3770	3977	5612
151211279	0	5139	3794	3963	5649
151211378	0	5158	3803	3963	5598
151211478	0	5162	3789	3977	5565
151211579	0	5134	3770	3958	5607
151211679	0	5106	3766	3963	5584
151211779	0	5153	3761	3958	5579
151211879	0	5143	3775	3972	5593
151211979	0	5158	3766	3972	5542
151212078	0	5111	3780	3977	5593
151212180	0	5158	3766	3991	5603
151212280	0	5111	3762	3958	5593
151212379	0	5172	3770	3958	5546
151212480	0	5158	3766	3982	5584
151212581	0	5115	3780	3972	5588
151212681	0	5158	3775	3982	5598
151212779	0	5120	3761	3963	5607
151212879	0	5143	3775	3996	5593
151212979	0	5129	3775	3967	5546
151213079	0	5158	3770	3972	5588
151213181	0	5139	3757	3953	5598
151213278	0	5139	3761	3991	5588
151213381	0	5176	3757	3972	5607
151213479	0	5158	3770	3963	5565
151213580	0	5158	3756	3958	5560
151213679	0	5172	3761	3953	5612
151213778	0	5153	3775	3982	5556
151213879	0	5120	3752	3958	5598
151213978	0	5129	3775	3958	5593
151214078	0	5129	3752	3963	5570
151214179	0	5139	3789	3982	5588
151214279	0	5106	3761	3963	5584
151214378	0	5148	3785	3982	5593
151214479	0	5186	3799	3972	5546
151214579	0	5129	3780	3963	5593
151214679	0	5190	3789	3949	5574
151214778	0	5101	3743	3986	5584
151214878	0	5129	3756	3977	5626
151214978	0	5186	3794	3967	5565
151215083	0	5148	3761	3958	5588
151215179	0	5158	3785	3963	5574
151215279	0	5167	3756	3967	5607
151215379	0	5158	3775	3944	5579
151215478	0	5125	3756	3958	5565
151215578	0	5172	3785	3977	5617
151215679	0	5101	3766	3958	5607
151215779	0	5115	3756	3963	5546
151215878	0	5158	3756	3944	5584
151215979	0	5162	3775	3977	5603
151216080	0	5172	3761	3972	5556
151216178	0	5176	3761	3958	5612
151216279	0	5158	3762	3958	5570
151216379	0	5106	3762	3958	5579
151216479	0	5167	3775	3963	5579
151216579	0	5181	3756	3949	5565
151216679	0	5153	3766	3939	5579
151216779	0	5153	3780	3949	5603
151216879	0	5162	3770	3958	5560
151216979	0	5167	3766	3949	5570
151217078	0	5139	3761	3949	5556
151217178	0	5148	3766	3953	5612
151217278	0	5129	3757	3944	5551
151217379	0	5167	3756	3953	5617
151217479	0	5115	3785	3958	5621
151217579	0	5158	3766	3944	5579
151217679	0	5148	3761	3972	5579
151217779	0	5172	3770	3958	5603
151217879	0	5172	3762	3977	5584
151217979	0	5106	3766	3958	5546
151218078	0	5139	3770	3963	5551
151218178	0	5167	3761	3953	5570
151218279	0	5158	3789	3953	5584
151218379	0	5125	3780	3967	5617
151218479	0	5139	3794	3958	5603
151218579	0	5092	3785	3949	5593
151218678	0	5111	3808	3953	5603
151218779	0	5106	3794	3953	5607
151218879	0	5162	3789	3953	5607
151218978	0	5158	3766	3953	5579
151219078	0	5167	3762	3930	5560
151219182	0	5162	3785	3949	5588
151219278	0	5125	3799	3939	5626
151219378	0	5134	3766	3963	5565
151219478	0	5139	3766	3925	5579
151219579	0	5153	3748	3953	5584
151219678	0	5148	3756	3967	5584
151219778	0	5158	3766	3967	5598
151219879	0	5139	3757	3967	5593
151219979	0	5129	3761	3944	5593
151220079	0	5143	3803	3939	5574
151220179	0	5158	3780	3944	5659
151220278	0	5162	3743	3949	5570
151220379	0	5167	3761	3935	5570
151220479	0	5162	3789	3953	5617
151220578	0	5111	3762	3967	5584
151220678	0	5158	3799	3958	5593
151220779	0	5153	3775	3939	5664
151220878	0	5153	3766	3953	5673
151220979	0	5172	3770	3944	5678
151221079	0	5167	3794	3949	5617
151221178	0	5167	3780	3939	5579
151221278	0	5148	3780	3949	5588
151221378	0	5115	3803	3949	5640
151221479	0	5115	3794	3953	5626
151221578	0	5139	3822	3958	5607
151221678	0	5186	3803	3967	5635
151221779	0	5148	3794	3939	5626
151221878	0	5134	3794	3949	5659
151221979	0	5115	3794	3953	5617
151222078	0	5172	3780	3958	5626
151222178	0	5097	3785	3967	5649
151222278	0	5167	3789	3953	5640
151222379	0	5158	3789	3953	5593
151222479	0	5158	3780	3958	5626
151222578	0	5092	3813	3953	5574
151222679	0	5148	3794	3958	5626
151222779	0	5162	3780	3982	5621
151222879	0	5148	3808	3963	5851
151222979	0	5153	3785	3949	5673
151223079	0	5083	3775	3958	6334
151223179	0	5153	3785	3977	6179
151223283	0	5158	3785	3953	6264
151223578	0	5125	3766	3958	6184
151223678	0	5129	3789	3953	6203
151223778	0	5162	3780	3949	6198
151223878	0	5111	3794	3982	6194
151223979	0	5153	3789	3953	6222
151224078	0	5148	3813	3944	6137
151224178	0	5120	3770	3977	6156
151224278	0	5129	3780	3977	6259
151224378	0	5167	3756	3972	6165
151224479	0	5158	3794	3977	6231
151224578	0	5115	3761	3953	6273
151224679	0	5158	3785	3963	6165
151224779	0	5148	3789	3953	6194
151224878	0	5143	3766	3935	6170
151224978	0	5176	3761	3939	6208
151225079	0	5167	3789	3953	6226
151225178	0	5153	3794	3958	6165
151225279	0	5139	3775	3958	6175
151225379	0	5153	3794	3939	6194
151225479	0	5106	3770	3949	6189
151225579	0	5176	3766	3953	6137
151225678	0	5143	3803	3949	6123
151225778	0	5106	3766	3963	6128
151225879	0	5158	3761	3958	6118
151225979	0	5167	3794	3935	6287
151226079	0	5167	3770	3944	5692
151226178	0	5162	3789	3949	5631
151226278	0	5148	3789	3953	5678
151226378	0	5172	3803	3953	5603
151226478	0	5162	3775	3949	5617
151226579	0	5148	3803	3944	5640
151226679	0	5162	3794	3958	5640
151226778	0	5125	3794	3944	5640
151226879	0	5139	3799	3949	5603
151226978	0	5167	3775	3963	5626
151227079	0	5176	3789	3953	5570
151227178	0	5153	3770	3949	5584
151227283	0	5153	3770	3949	5579
151227382	0	5158	3799	3967	5598
151227479	0	5143	3770	3939	5640
151227578	0	5181	3770	3958	5649
151227678	0	5134	3803	3944	5593
151227778	0	5172	3808	3939	5617
151227879	0	5158	3766	3967	5607
151227978	0	5115	3761	3949	5598
151228079	0	5106	3770	3953	5617
151228178	0	5139	3770	3963	5673
151228278	0	5153	3780	3977	5593
151228379	0	5143	3780	3967	5612
151228479	0	5143	3775	3963	5603
151228579	0	5134	3756	3953	5560
151228678	0	5162	3775	3986	5603
151228778	0	5139	3756	3972	5574
151229078	0	5158	3770	3986	5612
151229178	0	5139	3766	3958	5565
151229279	0	5134	3808	3949	5617
151229378	0	5186	3822	3972	5617
151229479	0	5181	3803	3972	5588
151229578	0	5172	3803	3963	5626
151229678	0	5148	3756	3963	5607
151229778	0	5162	3789	3944	5598
151229879	0	5158	3785	3949	5631
151229978	0	5139	3789	3977	5603
151230078	0	5148	3803	3972	5584
151230178	0	5158	3752	3958	5574
151230278	0	5101	3757	3967	5607
151230378	0	5129	3766	3953	5584
151230479	0	5139	3770	3963	5560
151230578	0	5172	3770	3953	5579
151230679	0	5167	3794	3958	5574
151230779	0	5143	3770	3944	5598
151230878	0	5134	3789	3963	5603
151230979	0	5186	3770	3958	5631
151231078	0	5158	3813	3963	5607
151231178	0	5162	3803	3949	5631
151231278	0	5158	3789	3972	5598
151231378	0	5167	3813	3949	5664
151231483	0	5129	3794	3944	5626
151231578	0	5143	3789	3944	5640
151231679	0	5125	3799	3944	5617
151231779	0	5134	3803	3967	5621
151231879	0	5167	3799	3944	5635
151231979	0	5148	3780	3944	5626
151232078	0	5148	3799	3958	5593
151232178	0	5176	3799	3949	5626
151232278	0	5172	3775	3963	5612
151232378	0	5181	3756	3939	5603
151232479	0	5172	3799	3939	5631
151232578	0	5162	3803	3944	5588
151232678	0	5139	3775	3944	5617
151232779	0	5162	3761	3953	5584
151232878	0	5167	3794	3958	5588
151232978	0	5153	3785	3977	5603
151233078	0	5181	3762	3972	5617
151233178	0	5158	3761	3958	5584
151233278	0	5134	3794	3958	5565
151233378	0	5162	3775	3986	5556
151233478	0	5172	3789	3958	5603
151233578	0	5162	3789	3967	5593
151233679	0	5143	3794	3963	5574
151233779	0	5139	3766	3958	5598
151233878	0	5162	3785	3967	5570
151233979	0	5148	3780	3982	5579
151234078	0	5172	3789	3967	5621
151234178	0	5172	3770	3953	5560
151234278	0	5176	3770	3986	5579
151234379	0	5153	3803	3972	5574
151234478	0	5172	3789	3958	5598
