154044926	0	3073	6020	6104	4914
154045127	0	3073	5701	6114	4923
154045226	0	3102	5724	6081	4928
154045326	0	3003	5724	6109	4886
154045426	0	3012	5710	6128	4928
154045526	0	3008	5743	6156	4918
154045626	0	3083	5701	6104	4961
154045726	0	3073	5706	6133	4989
154045826	0	3008	5682	6109	4918
154045927	0	3031	5424	6109	4946
154046026	0	3041	5739	6109	4914
154046126	0	3059	5364	6086	4956
154046226	0	3027	5438	6118	4956
154046327	0	3003	5289	6095	4932
154046427	0	3083	5401	6133	4942
154046526	0	3055	5059	6128	4946
154046627	0	3073	5031	6062	4918
154046726	0	3069	5073	6123	4970
154046826	0	3092	5050	6090	4946
154046926	0	3083	5111	6114	4918
154047030	0	3092	5120	6114	4857
154047126	0	3078	5322	6095	4904
154047226	0	3092	5387	6104	4862
154047326	0	3069	5429	6114	4965
154047426	0	3078	5031	6123	4886
154047527	0	3036	5078	6123	4951
154047627	0	3008	5129	6086	4942
154047726	0	2966	5134	6067	4881
154047826	0	3041	5120	6090	4928
154047926	0	3041	5026	6072	4871
154048026	0	3036	5045	6100	4951
154048126	0	3055	5101	6100	4871
154048226	0	3069	5050	6095	4876
154048326	0	3031	5120	6090	4909
154048426	0	3102	5115	6090	4918
154048526	0	3045	5106	6095	4890
154048626	0	3106	5050	6104	4876
154048726	0	3073	5054	6109	4886
154048827	0	3045	5040	6128	4904
154048926	0	2984	5087	6104	4942
154049026	0	2998	5139	6095	4956
154049126	0	3050	5134	6086	4876
154049226	0	3073	5111	6090	4895
154049326	0	3041	5153	6100	4928
154049426	0	3041	5134	6100	4909
154049526	0	3041	5092	6086	4923
154049626	0	3124	5120	6109	4937
154049726	0	3041	5115	6114	4881
154049826	0	3050	5092	6100	4946
154049926	0	3059	5129	6118	4890
154050026	0	2980	5106	6081	4914
154050126	0	3031	5073	6123	4890
154050226	0	3027	5111	6100	4970
154050327	0	3012	5068	6086	4928
154050426	0	3003	5101	6081	4876
154050526	0	3059	5078	6095	4895
154050626	0	3069	5087	6100	4932
154050726	0	3041	5054	6118	4890
154050826	0	3036	5092	6095	4909
154050926	0	3059	5092	6095	4961
154051026	0	3088	5003	6118	4900
154051130	0	3083	5204	6100	4904
154051226	0	3097	5322	6109	4951
154051326	0	3041	5106	6095	4928
154051426	0	3073	5045	6123	4942
154051526	0	3092	5054	6090	4951
154051627	0	3064	5083	6100	4909
154051726	0	3008	5031	6109	4876
154051826	0	3073	5068	6057	4951
154051926	0	3088	5059	6123	4890
154052026	0	3045	5092	6086	4876
154052126	0	3064	5795	6104	4886
154052226	0	3088	5092	6104	4890
154052326	0	3092	5223	6104	4961
154052426	0	3003	5382	6104	4923
154052526	0	3073	5270	6118	4928
154052626	0	3022	5092	6090	4932
154052726	0	3027	5064	6081	4961
154052827	0	3017	5040	6118	4923
154052926	0	3017	5003	6123	4946
154053026	0	3003	5073	6104	4951
154053126	0	3027	5064	6104	4951
154053226	0	3073	5003	6123	4956
154053326	0	3012	5270	6109	4961
154053426	0	3092	5790	6090	4928
154053526	0	3059	5312	6081	4937
154053626	0	3031	5106	6142	4909
154053726	0	3012	5092	6118	4909
154053826	0	3073	5073	6090	4951
154053926	0	3036	5921	6076	4900
154054026	0	3008	5884	6095	4979
154054126	0	3073	5856	6090	4932
154054226	0	3022	5800	6086	4946
154054326	0	3017	5879	6076	4918
154054426	0	3102	5219	6114	4904
154054526	0	3078	5059	6090	4890
154054626	0	3022	5045	6100	4904
154054726	0	3078	5097	6109	4928
154054826	0	3017	5420	6095	4881
154054926	0	3064	5818	6086	4923
154055026	0	3017	5720	6123	4951
154055126	0	3045	5190	6062	4932
154055228	0	3088	5219	6123	4895
154055326	0	3059	6362	6109	4942
154055426	0	3027	6362	6100	4923
154055526	0	3036	6362	6109	4956
154055626	0	3120	6057	6076	4942
154055726	0	3064	5223	6095	4928
154055826	0	3092	5997	6086	4951
154055926	0	3088	5303	6081	4904
154056026	0	3069	6624	6090	4951
154056126	0	3003	5101	6104	4895
154056226	0	3083	5308	6090	4862
154056326	0	3083	5865	6095	4900
154056426	0	3116	6283	6104	4900
154056526	0	3041	7506	6095	4909
154056626	0	3055	7735	6057	4946
154056726	0	3050	7543	6095	4909
154056826	0	3003	5499	6114	4890
154056926	0	3102	5312	6090	4942
154057026	0	3102	5223	6076	4886
154057126	0	3116	7149	6090	4904
154057226	0	3092	8105	6076	4914
154057326	0	3069	6297	6081	4932
154057426	0	3069	5790	6076	4918
154057526	0	3017	5818	6114	4946
154057626	0	3059	5776	6109	4942
154057726	0	3069	5767	6072	4942
154057826	0	3017	5724	6086	4937
154057926	0	3036	5673	6114	4928
154058026	0	2994	5673	6100	4918
154058126	0	3027	5724	6109	4890
154058226	0	3064	6854	6090	4961
154058326	0	3073	7763	6048	4909
154058426	0	2994	7730	6086	4961
154058526	0	2994	5701	6076	4914
154058626	0	3045	6334	6100	4909
154058726	0	3041	5781	6076	4928
154058826	0	3017	5739	6114	4942
154058926	0	3073	5753	6128	4895
154059026	0	3017	5724	6104	4918
154059126	0	3050	5237	6095	4965
154059226	0	3022	5377	6086	4914
154059328	0	3027	5757	6109	4876
154059426	0	3050	5804	6114	4923
154059526	0	3036	5776	6086	4904
154059626	0	3064	5771	6100	4923
154059726	0	2994	5443	6076	4965
154059826	0	3045	5828	6076	4890
154059926	0	2998	5396	6100	4942
154100026	0	3073	5406	6095	4876
154100126	0	3031	6545	6081	4890
154100226	0	3069	5771	6114	4928
154100326	0	3083	5804	6086	4914
154100426	0	3059	5790	6086	4914
154100526	0	3036	5743	6133	4956
154100626	0	3078	5739	6057	4937
154100726	0	3116	5678	6100	4961
154100826	0	3111	6638	6067	4932
154100926	0	3097	5101	6133	4937
154101026	0	3078	5153	6086	4909
154101126	0	3017	6043	6076	4904
154101226	0	3088	6076	6100	4886
154101326	0	3106	6667	6086	4937
154101426	0	3036	6732	6118	4979
154101526	0	3045	6648	6072	4895
154101626	0	2998	8190	6118	4909
154101726	0	3069	5940	6072	4937
154101826	0	3083	5921	6104	4951
154101926	0	3097	6962	6086	4881
154102026	0	3008	5776	6095	4895
154102126	0	3069	5781	6104	4890
154102226	0	3097	5715	6109	4937
154102326	0	3088	5692	6062	4909
154102426	0	3073	5720	6114	4928
154102526	0	3064	5724	6104	4886
154102626	0	3022	5734	6100	4961
154102726	0	3003	5720	6067	4918
154102826	0	3041	5753	6104	4886
154102926	0	2994	6535	6100	4946
154103025	0	3050	5781	6081	4923
154103126	0	3069	5804	6095	4918
154103227	0	3017	5790	6118	4946
154103326	0	3008	5785	6104	4904
154103428	0	3036	5800	6086	4937
154103526	0	3012	5795	6072	4951
154103626	0	2998	6493	6147	4956
154103726	0	3069	5767	6128	4928
154103826	0	3041	5767	6123	4951
154103926	0	3031	5771	6100	4956
154104026	0	3008	5767	6086	4918
154104126	0	3027	5724	6123	4923
154104226	0	3059	5795	6072	4932
154104326	0	3017	5800	6090	4956
154104426	0	3036	5762	6128	4979
154104526	0	3055	5739	6100	4979
154104626	0	3078	5814	6090	4951
154104826	0	3041	5785	6104	4942
154104926	0	3003	5809	6104	4900
154105026	0	3017	5785	6095	4975
154105126	0	3041	5748	6072	4886
154105226	0	3017	5846	6095	4942
154105326	0	3078	5828	6100	4979
154105426	0	3050	5771	6100	4923
154105526	0	3031	5767	6090	4951
154105626	0	2998	6493	6100	4951
154105726	0	3073	5706	6086	4942
154105826	0	3083	6259	6100	4961
154105926	0	3092	6254	6095	4918
154106026	0	3069	7501	6086	4871
154106126	0	3012	7445	6090	4979
154106226	0	3064	7416	6123	4951
154106326	0	3064	5724	6128	4895
154106425	0	3017	5007	6095	4895
154106526	0	3064	5026	6090	4881
154106626	0	3069	5040	6100	4876
154106726	0	3031	5054	6109	4890
154106826	0	3106	5087	6133	4876
154106926	0	3106	5111	6123	4895
154107026	0	3022	6540	6104	4928
154107126	0	3069	7772	6114	4914
154107226	0	3003	7927	6123	4951
154107326	0	2994	7936	6123	4914
154107426	0	3092	7777	6086	4914
154107528	0	3078	7590	6118	4946
154107626	0	3031	7927	6095	4928
154107726	0	2998	7548	6104	4862
154107826	0	3069	7562	6062	4871
154107926	0	2994	7763	6100	4862
154108026	0	3031	7529	6095	4871
154108125	0	3064	7454	6081	4937
154108226	0	3088	7008	6109	4918
154108326	0	3050	6980	6100	4853
154108425	0	3069	6226	6137	4951
154108526	0	3008	6250	6114	4946
154108626	0	3097	6657	6104	4918
154108726	0	3027	6643	6104	4862
154108826	0	3073	6423	6100	4909
154108926	0	3027	6704	6114	4914
154109026	0	3055	6732	6095	4942
154109126	0	3045	6957	6090	4900
154109226	0	3012	7102	6100	4900
154109326	0	3027	6451	6100	4956
154109426	0	3092	6451	6090	4895
154109526	0	2980	6259	6128	4890
154109626	0	3031	5298	6086	4909
154109725	0	3003	5007	6123	4951
154109826	0	3022	4993	6100	4886
154109926	0	3027	5022	6067	4876
154110026	0	3078	4998	6114	4970
154110126	0	3050	5003	6104	4914
154110225	0	3092	5303	6095	4853
154110326	0	3059	5036	6095	4890
154110426	0	3064	6770	6114	4871
154110526	0	3097	5828	6133	4895
154110626	0	3008	6939	6100	4951
154110826	0	3008	6460	6137	4895
154110926	0	3027	6770	6114	4900
154111026	0	3022	7112	6118	4932
154111126	0	2998	6250	6109	4937
154111226	0	3055	7116	6118	4853
154111326	0	3027	6667	6133	4876
154111426	0	3031	6948	6118	4900
154111526	0	3069	7407	6118	4876
154111628	0	3073	6653	6109	4914
154111726	0	3078	7379	6114	4900
154111826	0	3022	7416	6142	4886
154111926	0	3031	6765	6118	4951
154112025	0	2989	7449	6118	4942
154112126	0	2998	7229	6128	4946
154112226	0	3008	7440	6123	4886
154112326	0	3050	6994	6123	4946
154112426	0	3003	7459	6133	4895
154112525	0	3017	7262	6123	4886
154112626	0	3008	7454	6100	4904
154112726	0	3031	6601	6133	4881
154112826	0	3045	6934	6109	4886
154112926	0	3012	7416	6133	4895
154113026	0	3064	6784	6118	4961
154113126	0	3078	6774	6100	4890
154113226	0	3059	6671	6114	4871
154113326	0	2994	6638	6123	4961
154113425	0	3031	6437	6100	4886
154113525	0	3050	6441	6118	4923
154113625	0	3036	6994	6114	4932
154113726	0	2998	6756	6109	4956
154113826	0	3036	6681	6118	4909
154113925	0	3045	6957	6109	4965
154114026	0	3031	6648	6114	4918
154114131	0	3045	6925	6147	4890
154114226	0	3069	6760	6133	4975
154114326	0	2998	6737	6137	4843
154114426	0	3022	6774	6123	4900
154114526	0	2998	6685	6133	4886
154114626	0	2989	6943	6109	4871
154114726	0	3003	6742	6137	4867
154114825	0	3008	6934	6118	4923
154114925	0	3078	7388	6104	4970
154115025	0	3022	6756	6133	4956
154115126	0	2984	6746	6128	4928
154115226	0	3008	6925	6118	4904
154115326	0	3012	6967	6104	4857
154115426	0	3078	7421	6123	4876
154115526	0	3078	7013	6118	4857
154115626	0	3083	7412	6128	4928
154115727	0	3045	6976	6104	4937
154115826	0	3027	6962	6151	4881
154115926	0	3022	7459	6090	4862
154116026	0	3031	7445	6118	4932
154116126	0	3069	7454	6114	4918
154116226	0	3045	7487	6104	4881
154116326	0	3008	7473	6100	4904
154116426	0	3092	7435	6128	4942
154116525	0	3017	7215	6114	4876
154116626	0	3073	7004	6114	4886
154116725	0	3073	7604	6123	4932
154116826	0	3055	7664	6090	4914
154116926	0	3012	7623	6109	4956
154117026	0	3055	7599	6118	4881
154117126	0	3102	7590	6147	4932
154117226	0	3017	7379	6118	4932
154117326	0	3050	7051	6086	4895
154117426	0	3078	5499	6104	4937
154117526	0	3027	6549	6104	4951
154117626	0	3069	5898	6090	4965
154117726	0	3041	6493	6095	4900
154117826	0	3031	5326	6104	4871
154117926	0	3064	6587	6095	4937
154118026	0	3031	5804	6109	4937
154118126	0	3045	5785	6067	4961
154118226	0	2998	5190	6109	4979
154118326	0	3078	5377	6090	4904
154118426	0	3041	5457	6076	4886
154118526	0	3059	5237	6057	4956
154118625	0	3050	5223	6086	4932
154118726	0	3064	5172	6109	4918
154118826	0	3088	5223	6081	4942
154118926	0	3059	5275	6086	4871
154119026	0	3050	5781	6095	4886
154119125	0	3017	5172	6086	4857
154119226	0	3031	6592	6100	4951
154119326	0	3092	7955	6095	4890
154119425	0	3078	7805	6114	4900
154119526	0	3078	7951	6086	4928
154119625	0	3055	6142	6072	4923
154119726	0	3097	6760	6086	4900
154119828	0	3050	7941	6081	4932
154119926	0	3003	5739	6109	4886
154120026	0	3050	6714	6086	4900
154120125	0	3106	5640	6067	4918
154120226	0	3041	6123	6090	4890
154120325	0	3017	5200	6100	4965
154120425	0	3078	6109	6095	4881
154120526	0	3050	5776	6086	4942
154120626	0	3036	6142	6095	4914
154120726	0	3012	6653	6067	4886
154120826	0	3027	7187	6081	4918
154120926	0	3059	6704	6114	4904
154121025	0	3069	5748	6109	4914
154121126	0	3059	5176	6081	4900
154121226	0	3050	5097	6090	4871
154121326	0	3092	5101	6100	4918
154121426	0	3111	6123	6109	4909
154121525	0	3111	5143	6118	4923
154121626	0	3073	5664	6062	4886
154121726	0	2994	5743	6104	4904
154121825	0	3106	5143	6067	4918
154121926	0	3045	5059	6137	4932
154122026	0	3083	5748	6104	4890
154122125	0	3031	5064	6095	4876
154122226	0	3083	7454	6081	4857
154122325	0	3064	7744	6109	4904
154122426	0	3050	6601	6118	4900
154122526	0	3092	5851	6095	4909
154122626	0	3102	5050	6109	4951
154122726	0	3120	5837	6081	4876
154122826	0	3106	7782	6100	4932
154122926	0	3036	5800	6072	4886
154123026	0	3116	7618	6104	4848
154123125	0	3008	6343	6109	4900
154123225	0	3031	7604	6109	4871
154123326	0	3041	7838	6100	4932
154123425	0	3097	7979	6109	4928
154123526	0	3022	8007	6100	4895
154123626	0	2998	5635	6114	4946
154123725	0	3031	6488	6100	4932
154123825	0	3031	6578	6104	4886
154123927	0	3088	6592	6104	4876
154124026	0	3078	6381	6123	4932
154124126	0	3031	6568	6090	4904
154124226	0	3064	6601	6118	4900
154124325	0	3088	6624	6095	4890
154124426	0	3092	7857	6086	4946
154124525	0	3088	7838	6090	4951
154124626	0	3069	7229	6057	4932
154124726	0	3106	7346	6109	4923
154124825	0	3083	6990	6109	4909
154124925	0	3041	7182	6090	4928
154125026	0	3036	7721	6100	4942
154125126	0	3041	5865	6086	4951
154125225	0	3012	6671	6086	4881
154125326	0	3059	6399	6081	4900
154125425	0	3064	6460	6072	4923
154125525	0	3045	7628	6076	4932
154125626	0	3088	6653	6114	4942
154125726	0	3059	6441	6114	4904
154125826	0	3073	7955	6067	4904
154125926	0	3022	7946	6086	4928
154126025	0	2989	7721	6095	4937
154126126	0	3083	8016	6104	4970
154126226	0	3031	7969	6128	4914
154126326	0	3027	7618	6076	4895
154126426	0	3008	8251	6123	4890
154126525	0	3125	6357	6100	4904
154126625	0	3050	7777	6109	4871
154126725	0	3022	7988	6104	4890
154126826	0	3027	6681	6109	4928
154126926	0	3050	6582	6090	4946
154127026	0	3003	6653	6114	4890
154127125	0	3097	6587	6090	4923
154127225	0	3083	8162	6104	4876
154127326	0	3055	8105	6104	4909
154127426	0	3092	6760	6100	4923
154127526	0	3097	7852	6090	4909
154127626	0	3012	8049	6100	4918
154127726	0	3050	8152	6072	4923
154127826	0	3097	7974	6104	4909
154127925	0	3078	8255	6086	4909
154128028	0	3012	7215	6076	4932
154128325	0	3031	6742	6081	4886
154128425	0	3069	6690	6118	4918
154128526	0	3027	6587	6109	4886
154128625	0	3078	6563	6123	4904
154128724	0	3036	7800	6104	4900
154128823	0	3012	6695	6118	4871
154128923	0	3106	8012	6095	4928
154129026	0	3120	7983	6104	4867
154129126	0	3088	8274	6090	4923
154129226	0	3116	8138	6076	4881
154129323	0	3064	8105	6123	4928
154129424	0	3120	7824	6072	4946
154129523	0	3120	7796	6072	4928
154129623	0	3012	7852	6104	4951
154129724	0	3078	8255	6095	4937
154129824	0	3008	7815	6123	4895
154129924	0	3083	8176	6081	4918
154130025	0	3041	8251	6118	4942
154130123	0	3125	8143	6100	4951
154130224	0	3078	7969	6100	4928
154130323	0	3125	6831	6100	4923
154130424	0	3022	7327	6118	4918
154130524	0	3012	8241	6076	4956
154130623	0	3017	7988	6100	4900
154130726	0	3083	7993	6109	4890
154130825	0	2998	7791	6118	4890
154130923	0	3017	8063	6114	4932
154131024	0	3008	7636	6086	4914
154131125	0	3041	7754	6086	4942
154131224	0	3069	7969	6086	4904
154131326	0	3031	8012	6072	4961
154131426	0	3064	7772	6109	4923
154131524	0	3031	7843	6109	4961
154131626	0	3088	8143	6081	4890
154131726	0	3083	7800	6067	4937
154131825	0	3041	7650	6100	4942
154131924	0	3078	7838	6109	4932
154132023	0	3059	7735	6109	4900
154132127	0	3027	7833	6118	4900
154132223	0	3031	7669	6090	4895
154132324	0	3003	7819	6095	4946
154132426	0	3106	7772	6114	4951
154132524	0	3050	7810	6086	4895
154132624	0	3092	7983	6081	4914
154132723	0	3102	7688	6123	4932
154132826	0	3102	7739	6114	4871
154132924	0	3116	7758	6114	4918
154133024	0	3106	7936	6128	4876
154133125	0	3092	7772	6095	4900
154133224	0	3027	7782	6118	4918
154133324	0	3055	7852	6090	4951
154133424	0	3045	7744	6095	4862
154133524	0	3050	7725	6118	4928
154133624	0	3148	7763	6128	4909
154133724	0	3073	7894	6086	4909
154133825	0	3083	8269	6090	4900
154133923	0	3088	8260	6114	4904
154134023	0	3078	7993	6133	4914
154134123	0	3097	8040	6114	4881
154134224	0	3050	6742	6095	4914
154134323	0	3125	8227	6123	4862
154134424	0	3055	8190	6109	4914
154134523	0	3083	8166	6128	4923
154134623	0	3083	6573	6090	4886
154134723	0	3012	8040	6095	4961
154134823	0	3017	7819	6100	4937
154134924	0	3120	7800	6067	4895
154135023	0	3022	7833	6114	4928
154135124	0	3097	7885	6086	4932
154135224	0	3092	7323	6104	4923
154135323	0	3106	8232	6081	4928
154135423	0	3031	7562	6086	4909
154135523	0	3088	6156	6123	4918
154135624	0	3083	7838	6072	4895
154135724	0	3041	6985	6109	4890
154135823	0	3036	7529	6090	4881
154135924	0	3031	6699	6095	4914
154136023	0	3022	6334	6095	4918
154136124	0	3045	7871	6133	4923
154136228	0	3036	8213	6123	4909
154136324	0	3083	7632	6095	4923
154136424	0	3064	6053	6086	4918
154136523	0	3017	6348	6095	4914
154136624	0	3031	5931	6076	4886
154136724	0	2998	6179	6114	4876
154136823	0	3059	6104	6104	4886
154136923	0	3055	6549	6118	4923
154137023	0	3031	5022	6081	4876
154137123	0	3069	6409	6072	4904
154137224	0	3059	8082	6109	4839
154137323	0	3092	8194	6095	4867
154137424	0	3059	6549	6081	4862
154137524	0	3092	6395	6137	4843
154137624	0	3027	5584	6086	4867
154137724	0	3064	6671	6109	4956
154137823	0	3045	8162	6114	4904
154137923	0	3041	7487	6076	4886
154138024	0	3027	8232	6142	4946
154138123	0	3036	5247	6100	4942
154138224	0	3055	5931	6076	4895
154138323	0	3088	5101	6090	4895
154138423	0	3097	5532	6086	4914
154138523	0	3055	5078	6109	4918
154138623	0	3097	6648	6090	4932
154138724	0	3088	5467	6109	4932
154138823	0	3003	5903	6100	4942
154138924	0	3106	7051	6123	4881
154139023	0	3083	6283	6095	4895
154139124	0	3045	5860	6076	4904
154139224	0	3097	5856	6076	4909
154139324	0	3027	6297	6114	4932
154139424	0	2989	5804	6142	4951
154139523	0	3003	5809	6095	4890
154139624	0	3017	5804	6086	4900
154139724	0	3022	7829	6104	4881
154139823	0	3036	6606	6100	4956
154139923	0	3003	6994	6114	4928
154140023	0	3027	6334	6095	4961
154140123	0	3003	5753	6067	4951
154140223	0	3088	5823	6109	4961
154140327	0	2984	6620	6123	4946
154140424	0	3012	5898	6081	4942
154140523	0	3031	5926	6067	4970
154140623	0	3022	5753	6095	4956
154140723	0	3022	5865	6095	4900
154140823	0	2980	6269	6142	4904
154140923	0	3036	6048	6100	4918
154141024	0	3012	5945	6076	4942
154141123	0	3022	5865	6104	4914
154141224	0	3008	5832	6114	4928
154141323	0	3041	5865	6123	4956
154141424	0	2980	5842	6095	4914
154141523	0	3097	5809	6114	4914
154141623	0	3050	5837	6100	4932
154141724	0	3017	5837	6104	4904
154141824	0	3073	5851	6104	4928
154141923	0	3050	5832	6118	4914
154142023	0	3073	5771	6114	4970
154142123	0	3022	5823	6109	4923
154142224	0	3031	5893	6100	4904
154142323	0	3083	5846	6081	4970
154142424	0	3036	5832	6133	4965
154142523	0	3092	5851	6095	4937
154142624	0	3097	5856	6076	4904
154142723	0	3031	5809	6086	4956
154142823	0	3078	5851	6133	4946
154142924	0	3027	5846	6114	4946
154143023	0	3031	5832	6137	4975
154143123	0	3055	5785	6123	4942
154143223	0	3017	5795	6067	4928
154143323	0	3050	5837	6142	4909
154143423	0	3003	5710	6076	4928
154143523	0	3050	5734	6118	4956
154143624	0	3036	5748	6100	4900
154143724	0	3102	5814	6114	4923
154143823	0	3092	5804	6114	4984
154143924	0	3017	5753	6076	4928
154144024	0	3116	5734	6081	4951
154144124	0	3078	5781	6090	4984
154144223	0	3078	5879	6081	4942
154144323	0	3055	5954	6081	4909
154144427	0	3116	5865	6062	4942
154144523	0	3078	5781	6095	4979
154144624	0	3073	5748	6081	4946
154144724	0	3102	5884	6128	4909
154144824	0	3097	5856	6090	4900
154144924	0	3036	5865	6100	4932
154145024	0	3083	5809	6109	4914
154145123	0	3003	5767	6076	4956
154145223	0	3008	5781	6053	4937
154145323	0	3045	5851	6123	4975
154145424	0	3031	5795	6118	4923
154145523	0	3092	5753	6095	4918
154145623	0	3092	6629	6081	4961
154145724	0	3125	5800	6086	4984
154145823	0	3022	5720	6095	4923
154145924	0	3073	5800	6100	4909
154146024	0	3073	5753	6090	4904
154146123	0	3017	5701	6100	4914
154146223	0	3022	5720	6081	4909
154146323	0	3073	5739	6100	4923
154146424	0	3017	5739	6072	4914
154146523	0	3064	5640	6128	4923
154146623	0	3031	5701	6123	4979
154146723	0	3036	5804	6100	4946
154146823	0	3041	5800	6128	4956
154146923	0	3022	5753	6090	4918
154147024	0	3092	5720	6114	4942
154147123	0	3050	5776	6142	4909
154147223	0	3045	5757	6118	4965
154147323	0	3078	5743	6086	4914
154147423	0	3083	5729	6095	4909
154147523	0	3102	5767	6114	4890
154147623	0	3102	5734	6109	4951
154147724	0	3106	5743	6086	4928
154147823	0	3027	6953	6114	4928
154147924	0	3003	5748	6137	4914
154148024	0	3064	5631	6081	4975
154148123	0	3073	5626	6104	4937
154148223	0	3088	6404	6137	4923
154148324	0	3041	6854	6067	4918
154148423	0	3064	5678	6109	4928
154148527	0	3027	7880	6100	4961
154148623	0	3027	5598	6090	4914
154148724	0	3092	5950	6123	4979
154148823	0	3055	7936	6114	4946
154148923	0	3031	6986	6114	4961
154149023	0	3055	5584	6118	4946
154149124	0	3069	5720	6081	4975
154149224	0	3083	6011	6081	4914
154149324	0	3064	5682	6123	4918
154149423	0	3092	6423	6114	4946
154149523	0	2989	6948	6100	4928
154149624	0	3102	6962	6114	4942
154149724	0	2998	7004	6118	4918
154149824	0	3102	7187	6104	4909
154149923	0	3031	6470	6090	4914
154150023	0	3064	7557	6081	4890
154150124	0	3045	5720	6100	4956
154150223	0	3031	7899	6104	4914
154150324	0	3041	6493	6109	4975
154150424	0	3055	7449	6114	4979
154150523	0	3027	5673	6118	4937
154150623	0	3088	6990	6118	4900
154150724	0	3059	6292	6090	4895
154150823	0	3055	5785	6086	4961
154150923	0	3041	5781	6090	4918
154151023	0	3027	5790	6081	4932
154151123	0	3050	5814	6118	4956
154151223	0	3064	6156	6109	4928
154151323	0	3012	6264	6090	4946
154151423	0	3088	5710	6086	4937
154151523	0	3064	5757	6123	4937
154151623	0	3022	7510	6118	4951
154151723	0	3017	6100	6104	4928
154151823	0	3069	6592	6104	4951
154151923	0	3097	7510	6100	4890
154152023	0	3064	6634	6086	4881
154152124	0	3003	6648	6114	4918
154152224	0	3041	7515	6086	4909
154152323	0	3022	6638	6081	4895
154152423	0	3045	7098	6090	4904
154152523	0	3022	5710	6100	4942
154152628	0	3022	6283	6109	4942
154152724	0	3083	6746	6114	4951
154152823	0	3045	6278	6067	4890
154152923	0	3041	6086	6086	4886
154153023	0	3017	7581	6104	4904
154153123	0	3041	6264	6128	4928
154153223	0	3055	6648	6095	4951
154153323	0	2989	6615	6100	4886
154153424	0	3092	6057	6090	4914
154153524	0	3008	7318	6100	4876
154153623	0	3012	6502	6118	4895
154153723	0	3092	6203	6086	4909
154153823	0	3022	6578	6104	4946
154153924	0	3120	5771	6109	4975
154154023	0	3027	5762	6114	4914
154154124	0	3059	6578	6118	4918
154154223	0	3088	5696	6128	4946
154154323	0	3031	6624	6100	4979
154154423	0	3045	6231	6118	4853
154154523	0	3022	6236	6114	4900
154154624	0	3031	6264	6100	4876
154154723	0	3073	6001	6118	4961
154154823	0	3012	7098	6095	4914
154154923	0	3012	7482	6100	4871
154155025	0	2994	6568	6081	4909
154155123	0	3045	6559	6095	4890
154155223	0	3017	6559	6123	4928
154155323	0	3045	7585	6118	4965
154155423	0	3008	7468	6086	4904
154155524	0	3073	6231	6072	4928
154155623	0	3027	6194	6118	4909
154155723	0	2984	7534	6104	4956
154155824	0	3008	5997	6104	4886
154155924	0	3069	7538	6090	4895
154156024	0	3045	7543	6114	4904
154156123	0	3083	6601	6095	4895
154156224	0	3022	7534	6067	4984
154156323	0	3022	7149	6100	4890
154156423	0	3102	6179	6090	4928
154156523	0	3069	6549	6095	4961
154156624	0	3012	6198	6090	4890
154156727	0	3022	6545	6128	4928
154156824	0	3022	6015	6095	4965
154156923	0	3050	7431	6072	4918
154157023	0	3041	6343	6109	4965
154157123	0	3012	6189	6123	4961
154157223	0	3078	6906	6109	4895
154157323	0	2998	7440	6095	4914
154157423	0	3036	6390	6123	4956
154157524	0	3050	7506	6095	4909
154157824	0	3092	7449	6090	4970
154157923	0	3059	6582	6104	4909
154158023	0	3031	6873	6090	4895
154158124	0	3088	7515	6062	4914
154158223	0	3031	6198	6086	4900
154158323	0	3022	7501	6100	4946
154158424	0	3022	6578	6090	4937
154158523	0	3036	7524	6104	4862
154158623	0	3017	7510	6086	4900
154158723	0	3045	6549	6081	4914
154158823	0	3064	6756	6095	4890
154158923	0	2998	6606	6081	4951
154159023	0	3073	7496	6095	4918
154159123	0	3050	7454	6118	4923
154159223	0	3059	6934	6095	4862
154159323	0	3012	7459	6109	4904
154159423	0	3036	7468	6100	4881
154159523	0	3012	6535	6109	4886
154159623	0	3003	6578	6114	4914
154159723	0	3031	6845	6104	4970
154159824	0	3045	7449	6109	4900
154159923	0	3022	6559	6072	4909
154200023	0	3036	6578	6090	4909
154200123	0	3022	7402	6123	4951
154200223	0	3017	7473	6109	4871
154200323	0	2989	6911	6133	4956
154200424	0	3003	7426	6114	4886
154200523	0	3078	7463	6100	4961
154200623	0	3064	6629	6104	4942
154200723	0	3008	6681	6123	4918
154200827	0	3017	7154	6118	4895
154200923	0	3059	6981	6109	4914
154201023	0	3120	6451	6109	4928
154201123	0	3012	6371	6090	4923
154201223	0	3022	7384	6137	4871
154201323	0	3111	6343	6114	4975
154201423	0	3027	6896	6109	4890
154201524	0	3036	6057	6118	4942
154201623	0	3106	7388	6114	4904
154201723	0	3027	7093	6109	4914
154201823	0	2998	6653	6109	4909
154201923	0	3069	6053	6100	4862
154202023	0	3078	6072	6133	4895
154202123	0	3027	6578	6100	4979
154202223	0	3106	5907	6118	4881
154202323	0	3088	6409	6109	4909
154202423	0	3097	6643	6067	4970
154202523	0	3069	6072	6095	4848
154202624	0	3036	6287	6114	4895
154202724	0	3036	7435	6104	4937
154202823	0	3092	6906	6114	4895
154202924	0	3017	6446	6090	4979
154203023	0	3008	6427	6095	4886
154203123	0	3055	6432	6100	4900
154203224	0	3012	6409	6086	4881
154203323	0	3069	6451	6086	4900
154203423	0	3050	7116	6104	4923
154203523	0	3120	6165	6095	4876
154203623	0	3036	6427	6114	4928
154203723	0	3078	7398	6118	4932
154203823	0	3059	6306	6095	4871
154203923	0	3022	7201	6142	4932
154204023	0	3036	6624	6104	4876
154204123	0	3106	6441	6104	4914
154204223	0	3017	6184	6104	4886
154204324	0	3036	6413	6095	4904
154204423	0	3097	7051	6142	4951
154204524	0	3027	6441	6090	4871
154204623	0	3022	6147	6114	4937
154204723	0	3045	6315	6109	4895
154204823	0	3008	6835	6114	4876
154204927	0	3017	6427	6104	4834
154205023	0	3059	6395	6133	4918
154205123	0	3045	6423	6142	4914
154205223	0	3069	6427	6109	4867
154205323	0	3092	6390	6109	4886
154205423	0	3031	6151	6137	4871
154205523	0	3055	6432	6114	4928
154205623	0	3059	6610	6147	4961
154205723	0	3088	7210	6165	4890
154205823	0	3055	6330	6095	4895
154205923	0	3073	6404	6142	4881
154206023	0	3045	7365	6147	4914
154206123	0	3008	6175	6109	4961
154206223	0	3050	6409	6123	4857
154206323	0	3069	6418	6137	4881
154206423	0	3022	6671	6128	4993
154206523	0	3017	6423	6118	4843
154206623	0	3022	6601	6114	4900
154206723	0	3017	6441	6128	4923
154206823	0	3073	6620	6104	4862
154206924	0	3022	6770	6114	4946
154207023	0	3050	6441	6109	4937
154207124	0	3036	6971	6133	4951
154207223	0	3031	6456	6100	4886
154207323	0	3059	6446	6100	4928
154207423	0	3017	7407	6114	4871
154207523	0	3050	6634	6123	4876
154207623	0	3022	7088	6114	4942
154207723	0	3022	6887	6123	4909
154207824	0	3041	6151	6123	4937
154207923	0	3017	6980	6104	4932
154208023	0	3064	6456	6114	4890
154208123	0	3078	6962	6100	4946
154208223	0	3008	6629	6114	4946
154208323	0	3012	6911	6109	4890
154208423	0	3055	7468	6123	4876
154208524	0	3031	6634	6109	4876
154208624	0	3097	6582	6118	4895
154208723	0	3041	6915	6123	4932
154208823	0	3097	7492	6095	4895
154208923	0	3083	7018	6090	4881
154209027	0	3088	7487	6104	4914
154209123	0	3008	6990	6114	4900
154209223	0	3045	6962	6109	4928
154209324	0	3045	6601	6104	4890
154209423	0	3073	6934	6123	4937
154209523	0	3055	7459	6109	4876
154209624	0	3111	6643	6086	4914
154209723	0	3073	6939	6086	4970
154209823	0	3031	7459	6086	4923
154209923	0	3036	6901	6123	4914
154210023	0	3097	6943	6109	4862
154210123	0	3031	6939	6123	4867
154210223	0	3069	6939	6118	4881
154210323	0	3064	7412	6109	4871
154210423	0	3097	6634	6118	4881
154210523	0	3022	6911	6123	4951
154210623	0	3008	6330	6114	4904
154210723	0	3055	7416	6128	4942
154210824	0	2998	6751	6100	4853
154210923	0	3045	6638	6128	4904
154211023	0	3036	6765	6114	4918
154211123	0	3073	7374	6133	4881
154211224	0	3088	6606	6123	4951
154211323	0	3064	7393	6118	4890
154211424	0	3050	6601	6118	4848
154211523	0	3027	6892	6109	4951
154211623	0	3055	6427	6118	4886
154211723	0	3055	6620	6109	4904
154211823	0	3050	6432	6133	4867
154211923	0	3027	7365	6104	4937
154212023	0	3027	7379	6118	4909
154212124	0	3055	7374	6123	4946
154212223	0	3069	6582	6114	4998
154212323	0	3012	6751	6118	4946
154212424	0	3097	6971	6118	4900
154212523	0	3059	7388	6104	4932
154212623	0	3078	6994	6118	4886
154212723	0	3045	6934	6104	4918
154212823	0	3088	6943	6114	4886
154212923	0	3055	7445	6109	4890
154213024	0	3073	6911	6090	4956
154213127	0	3017	7459	6086	4900
154213223	0	3050	6892	6090	4965
154213323	0	3012	6629	6100	4918
154213423	0	3078	6746	6137	4862
154213523	0	3017	6906	6090	4923
154213623	0	3073	6882	6118	4881
154213723	0	3069	6451	6104	4918
154213823	0	3045	6737	6118	4923
154213923	0	3073	6423	6100	4876
154214023	0	3083	6746	6109	4857
154214123	0	2984	6413	6137	4871
154214223	0	3092	6559	6114	4904
154214323	0	3078	6437	6133	4871
154214423	0	3097	6718	6133	4914
154214523	0	3017	6418	6123	4932
154214623	0	3008	6868	6114	4904
154214723	0	3064	6915	6123	4904
154214823	0	3097	6385	6100	4923
154214923	0	3036	7327	6128	4862
154215023	0	3008	6746	6114	4946
154215123	0	3012	6676	6137	4928
154215223	0	3073	6446	6118	4886
154215323	0	3017	6690	6109	4890
154215423	0	2998	6451	6123	4909
154215523	0	3083	6939	6114	4932
154215623	0	2984	6610	6118	4881
154215724	0	3050	7337	6109	4904
154215823	0	3022	6568	6137	4871
154215924	0	2989	6723	6109	4871
154216023	0	3003	6901	6137	4895
154216123	0	3064	7355	6133	4900
154216223	0	3012	7346	6118	4876
154216323	0	3045	6896	6137	4951
154216423	0	3022	6690	6142	4848
154216523	0	2998	6850	6128	4871
154216623	0	3078	7337	6123	4895
154216723	0	3045	6578	6109	4932
154216823	0	3050	6587	6109	4900
154216923	0	3055	6465	6118	4886
154217023	0	3059	7370	6133	4923
154217123	0	3003	6835	6128	4951
154217227	0	3055	6925	6104	4876
154217323	0	3069	7360	6114	4881
154217424	0	3045	7355	6095	4871
154217523	0	3069	7182	6118	4862
154217623	0	3097	6934	6123	4937
154217723	0	3008	7079	6128	4918
154217823	0	3036	6864	6118	4904
154217923	0	2994	6920	6100	4895
154218023	0	2998	6629	6118	4857
154218123	0	3003	6432	6118	4876
154218223	0	3120	6685	6128	4951
154218323	0	3003	6854	6118	4876
154218423	0	3078	7126	6114	4895
154218523	0	3055	6812	6114	4914
154218623	0	2989	6812	6118	4951
154218723	0	3012	6592	6100	4904
154218823	0	3092	7370	6095	4956
154218923	0	3055	6695	6133	4904
154219024	0	3027	7346	6128	4853
154219123	0	3036	6615	6128	4890
154219223	0	3069	7112	6118	4895
154219323	0	3064	6915	6100	4900
154219423	0	2994	6939	6118	4895
154219523	0	3012	6634	6109	4923
154219623	0	3092	6732	6095	4928
154219723	0	3003	6929	6100	4914
154219823	0	3073	6624	6128	4876
154219923	0	3097	6432	6137	4895
154220023	0	3124	6887	6114	4937
154220123	0	3078	6765	6128	4900
154220223	0	3092	6882	6147	4928
154220323	0	3031	6746	6086	4895
154220423	0	3083	6878	6123	4881
154220523	0	3012	6887	6118	4867
154220623	0	3036	7388	6086	4867
154220723	0	3083	6601	6100	4876
154220823	0	3022	7140	6137	4932
154220925	0	3073	6864	6128	4937
154221023	0	3073	6934	6123	4951
154221123	0	3041	6953	6090	4918
154221223	0	3059	6582	6100	4909
154221327	0	3092	6845	6123	4881
154221423	0	3088	6854	6100	4895
154221523	0	3120	7585	6123	4886
154221623	0	2994	6681	6133	4881
154221723	0	3050	6709	6123	4843
154221823	0	3022	6732	6118	4886
154221923	0	3045	6418	6123	4918
154222023	0	3017	6427	6114	4928
154222123	0	3036	7351	6118	4867
154222223	0	2998	6864	6137	4857
154222323	0	3041	6432	6123	4853
154222423	0	3069	6695	6114	4820
154222523	0	2994	6582	6133	4904
154222623	0	3088	6437	6114	4900
154222723	0	3022	6596	6114	4881
154222823	0	3125	7135	6128	4918
154222923	0	3092	7201	6137	4937
154223023	0	3073	6615	6142	4895
154223123	0	3045	6737	6095	4862
154223223	0	3078	6592	6114	4900
154223323	0	3125	6615	6109	4867
154223423	0	2998	6718	6142	4923
154223523	0	3017	7060	6114	4829
154223623	0	3003	6587	6128	4890
154223723	0	3017	6610	6109	4895
154223823	0	3017	7374	6100	4867
154223923	0	3022	6423	6109	4890
154224023	0	3073	6559	6123	4900
154224123	0	3088	7341	6118	4909
154224223	0	3027	6409	6095	4970
154224323	0	3008	6850	6086	4914
154224423	0	3102	7332	6109	4895
154224523	0	3041	6864	6118	4871
154224623	0	2998	6395	6109	4886
154224723	0	3003	6817	6081	4932
154224823	0	3092	7046	6104	4895
154224923	0	3031	6864	6104	4895
154225023	0	3078	6967	6100	4890
154225123	0	3008	7313	6109	4900
154225223	0	3036	6306	6114	4848
154225323	0	3073	6770	6114	4914
154225427	0	3031	6840	6104	4895
154225523	0	3017	7112	6109	4853
154225623	0	3027	6371	6100	4914
154225723	0	3088	6381	6095	4853
154225823	0	3017	6395	6100	4914
154225923	0	3022	6835	6114	4914
154226023	0	3059	6685	6095	4886
154226123	0	3031	6859	6095	4928
154226223	0	3003	6690	6100	4942
154226323	0	3003	6817	6076	4937
154226423	0	3064	6390	6104	4857
154226523	0	3022	6821	6100	4909
154226623	0	2998	7177	6100	4886
154226723	0	3041	7126	6072	4932
154226823	0	3120	6390	6090	4862
154226923	0	3022	6765	6095	4904
154227023	0	3012	6648	6072	4886
154227123	0	3022	6807	6100	4876
154227223	0	3012	6385	6067	4895
154227323	0	3012	7055	6100	4876
154227423	0	3045	6554	6109	4918
154227523	0	2998	7135	6104	4918
154227623	0	3017	6540	6067	4876
154227723	0	3041	6976	6100	4914
154227823	0	3036	6850	6067	4946
154227923	0	3111	6596	6114	4923
154228023	0	3041	6690	6100	4895
154228123	0	3102	6826	6086	4862
154228223	0	3017	7304	6095	4900
154228323	0	3003	6821	6118	4895
154228423	0	2994	6385	6104	4876
154228523	0	3027	6385	6104	4918
154228623	0	3092	6381	6123	4904
154228723	0	3017	7187	6109	4857
154228823	0	3041	6395	6133	4881
154228923	0	3003	6582	6081	4928
154229023	0	3050	6404	6086	4900
154229123	0	3012	6864	6090	4918
154229223	0	2994	6854	6114	4900
154229323	0	3050	7088	6118	4839
154229423	0	3064	6662	6118	4904
154229527	0	3003	6578	6128	4932
154229623	0	3027	6432	6104	4989
154229723	0	3083	6835	6118	4961
154229823	0	3031	6854	6133	4904
154229923	0	3008	6601	6137	4909
154230023	0	3012	6817	6123	4904
154230123	0	3097	6850	6142	4895
154230223	0	2989	6906	6133	4876
154230323	0	2994	6859	6118	4900
154230423	0	3045	6742	6142	4923
154230523	0	3017	7370	6128	4895
154230623	0	3092	6737	6142	4928
154230723	0	2998	6896	6123	4857
154230823	0	3017	6620	6095	4937
154230923	0	3088	6765	6137	4853
154231023	0	3073	7384	6109	4904
154231123	0	3017	6957	6114	4909
154231223	0	3064	6948	6128	4881
154231323	0	3064	7412	6109	4853
154231423	0	3036	6742	6100	4890
154231523	0	3064	7402	6133	4909
154231623	0	3045	6939	6133	4914
154231723	0	3003	7421	6109	4876
154231823	0	3017	7440	6118	4876
154231923	0	3017	6742	6109	4862
154232023	0	2984	7421	6109	4881
154232123	0	3027	6465	6114	4937
154232222	0	3059	7102	6123	4975
154232323	0	3027	7370	6104	4886
154232423	0	3022	6953	6123	4895
154232523	0	3008	6751	6123	4942
154232623	0	2998	7393	6114	4876
154232723	0	3092	6624	6128	4942
154232823	0	3125	6610	6123	4904
154232923	0	3031	6437	6133	4886
154233023	0	2998	6624	6114	4923
154233123	0	3045	6704	6123	4876
154233223	0	3059	6718	6114	4895
154233323	0	3008	6929	6118	4932
154233423	0	3008	6746	6109	4871
154233523	0	3059	6601	6123	4895
154233625	0	3102	6896	6109	4937
154233723	0	3022	6592	6118	4942
154233823	0	3008	7004	6123	4900
154233923	0	3022	6423	6123	4871
154234023	0	3073	6629	6133	4900
154234123	0	2989	7309	6109	4848
154234223	0	3027	7285	6086	4928
154234323	0	3008	7318	6123	4843
154234423	0	3092	6835	6142	4876
154234523	0	3097	6427	6109	4900
154234623	0	2994	6723	6142	4867
154234723	0	3027	6845	6142	4890
154234823	0	3036	7318	6123	4886
154234923	0	3027	6573	6123	4876
154235023	0	3031	6911	6142	4871
154235123	0	3097	6746	6133	4918
154235223	0	3041	6563	6128	4890
154235323	0	3069	6732	6114	4886
154235423	0	3003	6582	6118	4928
154235523	0	3031	6423	6123	4909
154235623	0	3088	6714	6128	4867
154235722	0	3050	6601	6114	4937
154235823	0	3078	6413	6128	4900
154235923	0	3012	6587	6114	4932
154236023	0	2998	6404	6114	4871
154236123	0	3083	6465	6114	4881
154236223	0	3022	6840	6142	4881
154236323	0	3012	6423	6128	4918
154236423	0	3050	6695	6133	4862
154236523	0	3073	6629	6118	4923
154236623	0	3012	6728	6123	4956
154236723	0	3088	6601	6142	4881
154236823	0	3031	6704	6109	4909
154236923	0	3045	6868	6109	4928
154237023	0	3050	6859	6114	4900
154237123	0	2998	6587	6123	4900
154237223	0	3027	6873	6128	4932
154237323	0	3003	7074	6137	4876
154237423	0	3022	6878	6123	4848
154237523	0	3012	6929	6142	4871
154237623	0	3088	6601	6114	4881
154237724	0	3036	6667	6142	4909
154237823	0	3050	6446	6114	4871
154237923	0	3078	6441	6142	4923
154238023	0	3111	6441	6100	4876
154238123	0	3050	6690	6133	4956
154238223	0	3045	6451	6100	4904
154238322	0	3069	6423	6118	4886
154238423	0	3017	6925	6100	4942
154238523	0	3008	6601	6133	4914
154238623	0	3003	7365	6128	4867
154238723	0	3017	6732	6109	4862
154238823	0	3073	6718	6128	4918
154238923	0	3008	6980	6118	4909
154239023	0	3012	6957	6095	4881
154239123	0	3031	7431	6137	4890
154239223	0	3041	7449	6123	4881
154239323	0	3017	6624	6137	4867
154239423	0	3064	7163	6118	4904
154239523	0	3003	7454	6109	4951
154239623	0	3041	6915	6100	4881
154239723	0	3027	6990	6114	4928
154239822	0	3031	6934	6104	4909
154239922	0	3022	6873	6118	4867
154240023	0	3012	7435	6104	4937
154240123	0	3073	7463	6109	4928
154240223	0	3050	6986	6133	4914
154240323	0	3017	7473	6118	4900
154240423	0	3088	7468	6104	4886
154240523	0	3059	7445	6104	4876
154240622	0	2994	7013	6104	4914
154240722	0	3036	6986	6123	4923
154240822	0	3017	6994	6118	4904
154240922	0	3036	7473	6133	4918
154241023	0	3031	6878	6104	4900
154241123	0	2980	7440	6100	4895
154241223	0	3008	7412	6090	4867
154241323	0	3008	6976	6142	4928
154241423	0	3017	7993	6095	4956
154241523	0	3078	7416	6118	4942
154241623	0	3045	7426	6123	4928
154241723	0	3031	6911	6100	4932
154241825	0	3008	6920	6109	4951
154241922	0	3017	6831	6109	4862
154242023	0	3041	6404	6104	4923
154242123	0	3078	6859	6109	4923
154242223	0	3073	6479	6114	4909
154242323	0	3031	6348	6090	4914
154242423	0	3012	6549	6123	4904
154242523	0	3045	7365	6109	4904
154242622	0	3027	6381	6123	4909
154242723	0	3031	6981	6100	4904
154242823	0	3064	6699	6086	4932
154242923	0	3022	6850	6118	4876
154243023	0	2994	6395	6123	4843
154243123	0	3092	6596	6104	4918
154243223	0	3092	6817	6137	4890
154243323	0	3041	6920	6114	4914
154243423	0	3078	6413	6133	4848
154243523	0	3012	6934	6109	4900
154243623	0	3045	6859	6104	4853
154243723	0	3022	6723	6100	4951
154243823	0	3031	6953	6123	4904
154243923	0	2998	7426	6128	4928
154244023	0	3027	6362	6114	4928
154244123	0	3003	6676	6114	4876
154244222	0	3055	6929	6086	4876
154244323	0	3003	6925	6118	4900
154244422	0	2975	8274	6109	4900
154244523	0	3012	8152	6090	4890
154244623	0	3017	6460	6100	4914
154244723	0	3116	8002	6114	4928
154244822	0	3017	6620	6100	4909
154244923	0	3064	6854	6123	4909
154245023	0	3055	7955	6123	4932
154245123	0	3003	8241	6100	4937
154245223	0	3017	8265	6100	4881
154245323	0	3031	6067	6109	4890
154245423	0	3064	6746	6118	4862
154245523	0	2989	7482	6137	4946
154245623	0	3055	6976	6114	4895
154245723	0	3031	6985	6100	4895
154245823	0	3008	6967	6128	4928
154245925	0	3088	6985	6137	4890
154246023	0	3031	7008	6114	4909
154246122	0	3022	6737	6109	4932
154246223	0	3017	6756	6114	4890
154246323	0	3111	7487	6118	4909
154246423	0	3073	7018	6086	4876
154246523	0	3027	7004	6114	4867
154246623	0	3017	7018	6104	4909
154246723	0	3092	7506	6104	4867
154246825	0	3069	6981	6090	4923
154246923	0	3078	7487	6081	4900
154247023	0	3083	6967	6104	4848
154247122	0	2998	6999	6128	4881
154247223	0	3106	7018	6114	4886
154247323	0	2998	7290	6104	4886
154247422	0	3031	6990	6118	4914
154247523	0	3055	6994	6095	4862
154247623	0	3041	6704	6118	4876
154247723	0	3097	7182	6100	4904
154247823	0	3055	6526	6109	4876
154247923	0	3022	6793	6118	4871
154248023	0	3017	6685	6123	4871
154248123	0	3064	6986	6133	4904
154248223	0	3055	6681	6137	4886
154248323	0	3008	7416	6109	4900
154248423	0	3069	6985	6104	4890
154248523	0	3083	6990	6123	4946
154248623	0	3022	6685	6128	4946
154248723	0	3073	6737	6109	4871
154248822	0	2994	6980	6100	4876
154248923	0	3111	6512	6114	4834
154249023	0	3078	6681	6118	4923
154249123	0	3083	7004	6123	4862
154249223	0	3092	6967	6109	4867
154249323	0	3083	6774	6114	4876
154249422	0	3022	6685	6114	4867
154249523	0	2994	6676	6151	4867
154249623	0	3012	6981	6100	4946
154249722	0	3022	6676	6109	4914
154249823	0	3064	6985	6100	4900
154249922	0	3036	6774	6133	4904
154250025	0	3064	6770	6137	4900
154250123	0	3083	6990	6137	4871
154250223	0	3031	6493	6114	4918
154250323	0	3017	7416	6118	4961
154250423	0	3017	7440	6123	4862
154250523	0	3036	6737	6118	4890
154250623	0	3102	6502	6123	4900
154250722	0	3083	7173	6095	4895
154250822	0	3003	6803	6133	4928
154250923	0	3097	6980	6095	4886
154251023	0	2998	7440	6114	4890
154251123	0	3092	6967	6123	4876
154251222	0	3059	7163	6100	4895
154251323	0	3012	6971	6109	4871
154251423	0	3027	6981	6104	4923
154251523	0	3092	7454	6100	4932
154251622	0	3083	7449	6118	4900
154251723	0	3008	6803	6118	4909
154251823	0	3036	6784	6118	4895
154251923	0	3031	6986	6118	4909
154252023	0	3031	7435	6114	4895
154252122	0	3050	7459	6137	4900
154252222	0	3069	6986	6100	4886
154252322	0	3003	6976	6123	4904
154252423	0	3027	7454	6095	4890
154252522	0	3008	7431	6118	4937
154252623	0	3059	6986	6095	4946
154252723	0	2994	7412	6128	4881
154252822	0	3102	7008	6109	4867
154252923	0	3050	7173	6095	4895
154253023	0	3088	7163	6104	4914
154253122	0	3022	6986	6104	4886
154253223	0	3073	6999	6118	4914
154253323	0	3036	6980	6123	4961
154253423	0	3050	7154	6109	4923
154253523	0	3031	7449	6133	4942
154253623	0	2994	7435	6137	4895
154253723	0	3017	6981	6109	4918
154253822	0	3064	6971	6123	4932
154253923	0	2998	6948	6104	4909
154254023	0	3012	6648	6100	4928
154254125	0	3041	6994	6142	4918
154254223	0	3027	6746	6114	4886
154254322	0	3078	7407	6133	4886
154254420	0	3031	6671	6118	4904
154254520	0	3017	7224	6161	4900
154254621	0	3036	6657	6137	4918
154254723	0	3083	6990	6133	4904
154254821	0	3120	7388	6114	4886
154254920	0	3041	7154	6151	4890
154255020	0	3050	6990	6118	4979
154255122	0	3003	6976	6114	4914
154255223	0	3088	6981	6137	4900
154255321	0	3069	7126	6104	4881
154255421	0	3027	6976	6109	4871
154255520	0	3078	6502	6118	4923
154255621	0	2998	6498	6137	4867
154255722	0	3041	6732	6142	4909
154255820	0	3078	6971	6128	4871
154255921	0	3017	6981	6133	4886
154256021	0	3092	7407	6123	4918
154256122	0	3027	6779	6123	4932
154256223	0	3083	6986	6118	4900
154256321	0	3102	6498	6133	4871
154256421	0	3092	6789	6104	4871
154256521	0	3017	6742	6114	4876
154256623	0	3097	6943	6104	4862
154256721	0	3088	7004	6118	4904
154256821	0	3041	6986	6128	4951
154256920	0	3064	6929	6123	4923
154257021	0	3017	6990	6095	4867
154257121	0	3102	6994	6123	4937
154257220	0	3097	6971	6128	4904
154257323	0	3097	7271	6114	4890
154257421	0	3041	7130	6109	4900
154257521	0	3088	6985	6118	4928
154257621	0	3097	6980	6109	4900
154257720	0	3017	6756	6118	4881
154257820	0	3017	6986	6109	4961
154257921	0	3078	7426	6137	4937
154258021	0	3102	6793	6128	4928
154258123	0	3069	6985	6128	4895
154258224	0	3073	7412	6104	4862
154258320	0	3008	6971	6128	4886
154258421	0	3022	7107	6118	4862
154258521	0	3041	6986	6128	4928
154258621	0	3097	6657	6118	4890
154258721	0	3031	6934	6100	4951
154258822	0	3017	7130	6118	4839
154258923	0	3008	6948	6100	4904
154259021	0	2966	6994	6128	4928
154259123	0	3102	6985	6123	4900
154259221	0	3045	6971	6118	4956
154259322	0	3012	6962	6109	4886
154259421	0	3102	6953	6128	4928
154259523	0	2994	6976	6137	4914
154259621	0	3078	6985	6128	4928
154259721	0	3088	6980	6123	4914
154259820	0	3064	6962	6114	4834
154259921	0	3041	6789	6128	4932
154300020	0	3083	6948	6118	4909
154300121	0	3106	6774	6095	4956
154300220	0	3036	7407	6086	4886
154300321	0	3106	7431	6118	4886
154300421	0	3073	6980	6137	4942
154300521	0	3031	6774	6118	4918
154300621	0	3027	6957	6114	4909
154300721	0	3012	6784	6100	4937
154300820	0	3092	6957	6095	4862
154300921	0	3102	6981	6118	4895
154301020	0	3059	6967	6114	4914
154301121	0	3102	7398	6128	4876
154301221	0	3027	6967	6114	4914
154301321	0	3045	7013	6100	4895
154301421	0	3031	6939	6123	4932
154301521	0	3027	6985	6118	4928
154301621	0	3097	7454	6123	4942
154301721	0	3092	6971	6100	4895
154301821	0	3012	7421	6104	4871
154301921	0	2989	6986	6118	4890
154302021	0	3102	7130	6128	4886
154302120	0	3083	6962	6133	4867
154302220	0	3050	6770	6128	4937
154302324	0	3036	6990	6123	4923
154302421	0	3092	6985	6142	4909
154302521	0	3106	6980	6114	4937
154302620	0	3041	6493	6104	4886
154302721	0	3031	6948	6142	4923
154302820	0	3008	6980	6123	4881
154302921	0	3111	6981	6118	4937
154303021	0	3022	6999	6114	4867
154303120	0	3036	7440	6118	4965
154303221	0	3097	6967	6118	4895
154303321	0	3031	7398	6114	4890
154303420	0	3083	6845	6123	4900
154303520	0	3069	7407	6128	4876
154303621	0	3022	7173	6109	4862
154303720	0	2980	6976	6109	4876
154303821	0	3027	6985	6118	4853
154303920	0	3111	6985	6123	4839
154304020	0	3088	6994	6123	4900
154304120	0	3012	7022	6118	4890
154304221	0	2998	7018	6104	4900
154304321	0	3045	7459	6109	4853
154304420	0	3045	7421	6095	4867
154304521	0	3027	6986	6114	4928
154304621	0	3064	7435	6114	4942
154304720	0	3102	6971	6109	4876
154304820	0	3041	7431	6100	4909
154304921	0	3055	6999	6104	4876
154305021	0	3073	7440	6118	4853
154305120	0	3069	7431	6118	4876
154305220	0	3031	7449	6118	4904
154305321	0	3017	6999	6114	4918
154305420	0	3045	7004	6100	4895
154305520	0	3036	7004	6114	4895
154305620	0	3003	6994	6109	4961
154305720	0	3088	7449	6109	4946
154305821	0	3069	7473	6104	4956
154305921	0	3073	7426	6095	4914
154306021	0	3036	6980	6118	4946
154306120	0	3092	6971	6114	4871
154306220	0	3059	7402	6100	4867
154306321	0	3088	7421	6123	4932
154306424	0	3008	6980	6118	4951
154306520	0	2984	6981	6118	4900
154306621	0	3017	6657	6147	4900
154306721	0	3031	6039	6104	4895
154306821	0	3012	6226	6104	4890
154306921	0	3031	6690	6109	4956
154307020	0	2998	6953	6104	4951
154307121	0	3092	7004	6123	4951
154307221	0	3055	5729	6123	4904
154307321	0	3008	5842	6114	4904
154307421	0	3041	6498	6090	4890
154307521	0	3036	5729	6118	4914
154307620	0	3017	6474	6095	4928
154307721	0	3055	6728	6114	4918
154307820	0	2984	6404	6095	4909
154307921	0	3036	6423	6123	4900
154308020	0	2989	6714	6114	4951
154308120	0	3022	6606	6128	4914
154308221	0	3041	6217	6104	4909
154308320	0	3027	6653	6123	4918
154308421	0	3041	7431	6133	4956
154308520	0	3041	6667	6128	4914
154308620	0	3036	6592	6118	4834
154308721	0	3031	6779	6114	4984
154308821	0	3022	6925	6109	4881
154308921	0	2984	6484	6109	4942
154309020	0	3003	6746	6104	4928
154309120	0	3064	7163	6109	4904
154309221	0	3102	6986	6104	4914
154309320	0	3097	6967	6109	4904
154309421	0	3031	7426	6128	4895
154309521	0	3041	6971	6090	4951
154309620	0	3008	6427	6090	4914
154309720	0	3022	6953	6118	4890
154309820	0	3017	6685	6104	4937
154309920	0	3083	6685	6123	4914
154310020	0	3064	6685	6137	4914
154310120	0	3031	6957	6118	4881
154310220	0	3017	6957	6118	4932
154310321	0	3064	6976	6128	4862
154310421	0	3055	6999	6147	4918
154310525	0	2970	6986	6123	4900
154310620	0	3008	6962	6118	4904
154310720	0	3045	6779	6133	4848
154310821	0	2998	6943	6123	4918
154310921	0	3092	6971	6133	4876
154311020	0	3012	6967	6114	4918
154311120	0	3003	6948	6118	4904
154311220	0	3022	7388	6104	4871
154311320	0	2994	7402	6123	4895
154311420	0	3050	6934	6128	4942
154311520	0	3069	6957	6123	4914
154311620	0	3102	6957	6123	4886
154311721	0	3092	6981	6133	4937
154311820	0	3069	7121	6109	4862
154311920	0	2998	6962	6109	4900
154312021	0	3027	6273	6114	4871
154312121	0	3073	6760	6114	4918
154312220	0	3088	6962	6114	4876
154312321	0	3022	7388	6128	4937
154312420	0	3069	6751	6123	4937
154312521	0	3012	6957	6114	4928
154312621	0	3078	6967	6114	4900
154312725	0	3111	7196	6104	4909
154312820	0	3102	6629	6123	4895
154312920	0	3036	6784	6095	4886
154313021	0	3069	6746	6100	4956
154313121	0	2994	6643	6100	4895
154313220	0	3116	6929	6114	4932
154313321	0	2994	6746	6095	4900
154313421	0	3045	6474	6133	4895
154313520	0	3017	7360	6114	4900
154313620	0	3012	6756	6100	4843
154313720	0	3125	7370	6104	4867
154313820	0	2998	6934	6109	4932
154313920	0	3022	6962	6104	4876
154314020	0	3017	6742	6123	4881
154314121	0	3017	6934	6100	4881
154314220	0	3008	7384	6128	4862
154314320	0	3083	6662	6114	4890
154314420	0	3012	6981	6123	4937
154314521	0	3017	6967	6095	4890
154314625	0	3022	6929	6137	4946
154314720	0	2994	6760	6114	4862
154314821	0	3050	6474	6118	4895
154314921	0	3078	6451	6095	4895
154315021	0	3045	6990	6142	4937
154315121	0	3022	7098	6137	4904
154315221	0	3031	6587	6100	4867
154315320	0	3008	7191	6114	4928
154315420	0	3059	7144	6147	4904
154315520	0	3088	7205	6133	4839
154315620	0	3059	6751	6104	4937
154315720	0	2984	6929	6114	4886
154315820	0	3017	7384	6109	4904
154315921	0	3088	6751	6123	4876
154316021	0	3055	7388	6128	4923
154316120	0	2994	5987	6123	4937
154316220	0	3003	6929	6104	4862
154316320	0	3003	6765	6118	4886
154316420	0	3012	7388	6104	4890
154316520	0	3050	6929	6118	4895
154316620	0	3027	7112	6095	4848
154316721	0	3022	6957	6114	4886
154316820	0	2998	6746	6147	4909
154316920	0	3022	6236	6123	4843
154317020	0	3102	7384	6137	4900
154317121	0	3041	6948	6100	4914
154317220	0	3031	6488	6114	4867
154317320	0	3106	7407	6104	4909
154317420	0	3078	6222	6109	4909
154317520	0	3022	6971	6123	4886
154317621	0	3064	6985	6095	4881
154317720	0	3041	7412	6137	4932
154317820	0	3125	6971	6118	4886
154317920	0	3083	6981	6123	4928
154318021	0	3017	6929	6142	4937
154318121	0	3059	7229	6114	4886
154318220	0	2998	7370	6137	4876
154318320	0	3031	6976	6123	4867
154318521	0	3092	6967	6123	4904
154318620	0	3003	7398	6137	4890
154318724	0	3022	6962	6128	4900
154318820	0	3031	6986	6128	4853
154318920	0	3106	6929	6118	4867
154319020	0	3036	6667	6104	4853
154319120	0	3083	7384	6147	4956
154319220	0	3083	6929	6114	4829
154319321	0	3036	7398	6123	4876
154319420	0	2994	6986	6118	4909
154319521	0	3008	7431	6123	4951
154319620	0	3073	6934	6095	4876
154319721	0	3003	6990	6100	4867
154319821	0	2994	6962	6095	4914
154319920	0	3027	6939	6123	4881
154320020	0	3031	7365	6137	4848
154320120	0	3078	7388	6109	4862
154320221	0	3008	6939	6128	4886
154320321	0	3050	6976	6114	4857
154320421	0	3064	6953	6133	4876
154320520	0	3031	6948	6128	4876
154320620	0	3050	6990	6118	4918
154320720	0	3120	5832	6104	4937
154320820	0	3022	6784	6114	4886
154320921	0	3017	7140	6109	4965
154321021	0	3003	6526	6118	4918
154321120	0	3008	6029	6114	4881
154321221	0	3097	6250	6114	4904
154321320	0	3022	6953	6100	4928
154321420	0	2980	6784	6118	4914
154321520	0	3027	6250	6100	4914
154321620	0	3106	6278	6114	4895
154321721	0	3055	6737	6118	4853
154321820	0	3012	7388	6118	4857
154321921	0	3017	6662	6118	4970
154322021	0	3012	5997	6123	4871
154322121	0	3031	6976	6109	4857
154322220	0	2984	6976	6118	4862
154322320	0	3017	7402	6118	4923
154322420	0	3008	7365	6123	4975
154322520	0	3116	6943	6114	4904
154322620	0	3088	6259	6109	4900
154322720	0	3027	5828	6114	4876
154322824	0	3083	6488	6118	4853
154322920	0	3073	6643	6123	4923
154323020	0	2994	6953	6109	4886
154323121	0	3036	6427	6109	4909
154323220	0	3116	6986	6133	4904
154323320	0	3012	6474	6128	4867
154323420	0	3088	6756	6137	4853
154323521	0	3088	6502	6109	4937
154323620	0	3073	6718	6109	4867
154323720	0	2998	5959	6114	4857
154323820	0	3012	6217	6114	4946
154323920	0	3050	6943	6118	4890
154324020	0	3055	7416	6147	4923
154324121	0	3050	6264	6114	4904
154324220	0	3027	6967	6128	4876
154324321	0	3069	6250	6118	4848
154324420	0	3017	7393	6128	4918
154324520	0	2994	7130	6114	4829
154324621	0	3069	6774	6137	4895
154324720	0	3055	5776	6133	4871
154324820	0	3022	6718	6137	4909
154324920	0	3106	6971	6133	4876
154325020	0	2970	6967	6133	4937
154325120	0	3069	7219	6123	4900
154325221	0	3078	6493	6114	4895
154325320	0	3031	6226	6123	4932
154325421	0	3017	5936	6128	4881
154325521	0	3027	6198	6123	4914
154325621	0	3036	5818	6123	4942
154325720	0	3055	6653	6118	4853
154325821	0	3036	6957	6114	4857
154325920	0	3102	7374	6095	4937
154326021	0	3027	6953	6142	4979
154326120	0	3041	6789	6142	4876
154326221	0	3059	6948	6114	4890
154326320	0	3036	6981	6133	4904
154326420	0	3041	7384	6114	4876
154326520	0	3017	6980	6109	4923
154326620	0	3012	7402	6109	4932
154326720	0	3088	6990	6123	4979
154326820	0	3083	6709	6133	4890
154326924	0	3022	6226	6100	4895
154327021	0	3041	6943	6109	4914
154327120	0	3012	6999	6114	4928
154327221	0	3083	5753	6104	4895
154327320	0	3036	6967	6081	4881
154327420	0	3078	5542	6114	4904
154327520	0	3106	5846	6109	4932
154327620	0	3111	6039	6114	4909
154327721	0	2989	5968	6104	4848
154327820	0	3008	6222	6095	4923
154327920	0	3088	5495	6104	4942
154328021	0	3036	5369	6090	4904
154328120	0	3092	7234	6128	4886
154328221	0	3102	5771	6123	4914
154328320	0	3017	5523	6109	4932
154328421	0	3116	6231	6128	4881
154328521	0	3083	6011	6104	4890
154328620	0	3078	6090	6114	4876
154328720	0	3078	6208	6128	4895
154328820	0	3078	6925	6114	4890
154328920	0	3003	5767	6109	4965
154329020	0	3031	6971	6128	4951
154329120	0	3036	6957	6118	4890
154329221	0	3064	5504	6133	4914
154329321	0	3031	6236	6114	4909
154329420	0	3124	6770	6100	4876
154329520	0	3083	6269	6118	4890
154329620	0	3088	6967	6090	4914
154329720	0	3125	7107	6133	4886
154329820	0	3027	6653	6100	4876
154329920	0	3069	6667	6118	4918
154330020	0	3027	6967	6118	4862
154330120	0	3199	5959	6137	4886
154330221	0	3088	6048	6137	4904
154330320	0	3059	6953	6118	4853
154330420	0	3097	5762	6133	4914
154330520	0	3027	6967	6118	4895
154330621	0	3111	6774	6123	4881
154330720	0	2994	6245	6109	4886
154330820	0	3069	6587	6118	4928
154330921	0	3083	6488	6095	4923
154331024	0	3055	6273	6104	4867
154331120	0	3022	5748	6100	4886
154331220	0	3031	5992	6104	4862
154331320	0	3012	6231	6090	4937
154331420	0	3031	5982	6086	4914
154331520	0	3027	5818	6109	4946
154331620	0	3088	6072	6104	4909
154331720	0	3092	5856	6104	4937
154331820	0	3022	7266	6086	4914
154331920	0	3092	6184	6086	4942
154332020	0	3027	5739	6104	4918
154332120	0	3097	5504	6090	4937
154332221	0	2980	6217	6104	4876
154332320	0	3036	6208	6100	4918
154332421	0	3031	6240	6095	4900
154332520	0	3083	5452	6109	4909
154332620	0	3008	6011	6109	4909
154332720	0	3055	6273	6090	4904
154332821	0	3059	6222	6114	4932
154332920	0	3050	6976	6095	4961
154333020	0	3045	7384	6128	4928
154333121	0	3045	6043	6123	4890
154333220	0	3064	5743	6104	4881
154333321	0	3036	5513	6100	4951
154333420	0	3120	5532	6114	4881
154333520	0	3008	6948	6114	4909
154333620	0	3036	5992	6123	4984
154333720	0	3059	5931	6109	4895
154333820	0	3008	6212	6123	4918
154333920	0	3055	5964	6104	4932
154334020	0	3092	6676	6114	4900
154334120	0	3078	6723	6109	4895
154334221	0	3088	6217	6100	4909
154334320	0	3069	6709	6104	4890
154334420	0	2966	6798	6095	4909
154334521	0	3050	6039	6095	4900
154334620	0	3134	6971	6090	4942
154334720	0	3116	5945	6114	4895
154334820	0	3041	7219	6104	4914
154334920	0	3031	6269	6137	4876
154335020	0	3097	6962	6104	4881
154335125	0	3073	6034	6118	4886
154335220	0	3111	6981	6118	4923
154335320	0	3111	6817	6118	4946
154335420	0	3008	5542	6104	4909
154335520	0	3055	6025	6133	4890
154335620	0	3111	5762	6137	4890
154335720	0	3008	5509	6118	4876
154335820	0	3116	5359	6114	4914
154335921	0	3022	5312	6118	4895
154336020	0	3041	6212	6104	4862
154336120	0	3022	5692	6109	4876
154336220	0	3088	6226	6118	4909
154336320	0	3017	6320	6114	4867
154336420	0	3064	6311	6114	4900
154336520	0	3027	6653	6128	4881
154336621	0	3027	6892	6104	4946
154336720	0	3078	6339	6090	4886
154336820	0	2998	6882	6109	4886
154336920	0	3022	6315	6104	4946
154337020	0	3036	6278	6095	4829
154337120	0	3036	6315	6104	4937
154337220	0	3069	6273	6109	4946
154337320	0	3111	6366	6118	4876
154337420	0	3088	6339	6118	4928
154337520	0	3097	5673	6090	4900
154337620	0	3120	5022	6118	4923
154337721	0	3125	5068	6128	4881
154337820	0	3092	6006	6109	4914
154337920	0	3064	6512	6109	4881
154338021	0	3041	6980	6118	4881
154338120	0	3059	6704	6128	4965
154338220	0	3088	5860	6109	4895
154338320	0	3078	6859	6104	4886
154338420	0	3008	6620	6100	4900
154338520	0	3125	6601	6095	4895
154338625	0	3022	6999	6100	4900
154338720	0	3027	7022	6109	4900
154338820	0	3088	6751	6086	4904
154338920	0	3083	7501	6114	4871
154339020	0	3008	6493	6128	4886
154339120	0	3059	6338	6118	4871
154339224	0	3102	6357	6109	4961
154339320	0	3045	7487	6114	4871
154339420	0	3097	6357	6114	4853
154339520	0	3050	7510	6104	4862
154339620	0	3097	7093	6104	4890
154339720	0	3092	7088	6109	4890
154339820	0	3036	7126	6123	4862
154339920	0	3041	7332	6109	4881
154340020	0	3083	6985	6090	4961
154340120	0	3106	7187	6104	4895
154340220	0	3045	7008	6109	4904
154340320	0	3125	7196	6133	4932
154340420	0	3073	7627	6109	4942
154340520	0	3036	7149	6090	4914
154340620	0	3106	7163	6090	4876
154340720	0	3078	7604	6095	4904
154340820	0	3073	6512	6090	4942
154340920	0	2989	7079	6114	4900
154341020	0	3050	7576	6128	4951
154341120	0	3017	7552	6114	4862
154341220	0	3106	7524	6123	4895
154341320	0	3083	7126	6128	4867
154341420	0	3069	7088	6104	4853
154341520	0	3069	7571	6123	4895
154341620	0	3092	7116	6100	4900
154341720	0	3088	7576	6095	4951
154341820	0	3059	7098	6104	4932
154341920	0	3003	7126	6100	4914
154342020	0	3017	7595	6118	4928
154342120	0	3059	7567	6100	4900
154342220	0	3088	7581	6100	4895
154342320	0	3055	7567	6114	4918
154342420	0	3008	7257	6123	4876
154342520	0	3059	7567	6118	4881
154342620	0	3097	7529	6109	4895
154342720	0	3055	7552	6114	4914
154342820	0	3097	6845	6081	4886
154342920	0	3092	7116	6081	4857
154343020	0	3073	6953	6109	4961
154343120	0	3045	7112	6114	4900
154343220	0	3083	7562	6114	4937
154343324	0	3078	6690	6109	4914
154343420	0	3022	7098	6100	4900
154343520	0	3102	7093	6100	4871
154343620	0	3027	7571	6100	4937
154343721	0	3069	7398	6118	4937
154343820	0	3055	7379	6095	4932
154343920	0	3073	6925	6081	4956
154344020	0	3022	6104	6100	4900
154344120	0	2994	7083	6086	4871
154344220	0	3102	7252	6081	4942
154344320	0	3106	6812	6104	4918
154344420	0	3064	6934	6118	4928
154344520	0	3064	6798	6104	4923
154344620	0	3022	7365	6090	4876
154344920	0	3041	7234	6104	4909
154345020	0	3088	7079	6114	4881
154345120	0	3073	7524	6123	4932
154345220	0	3069	7332	6114	4914
154345320	0	3050	6803	6114	4904
154345420	0	3069	7079	6118	4942
154345520	0	3083	7074	6090	4942
154345620	0	2998	6789	6109	4914
154345720	0	3050	7093	6123	4937
154345820	0	3102	6864	6095	4857
154345920	0	3064	6648	6076	4900
154346020	0	3012	6929	6114	4918
154346120	0	3031	7135	6076	4946
154346220	0	3036	6850	6076	4890
154346320	0	3088	7276	6109	4871
154346420	0	3050	7079	6100	4909
154346520	0	3064	6798	6109	4979
154346620	0	3027	6929	6118	4932
154346720	0	3064	7534	6090	4900
154346820	0	3083	7112	6100	4886
154346920	0	3041	7116	6072	4932
154347020	0	3064	7098	6114	4928
154347120	0	3078	7074	6090	4914
154347220	0	3045	6929	6076	4914
154347320	0	3017	7098	6086	4890
154347424	0	3050	7365	6114	4918
154347520	0	3064	7060	6100	4923
154347620	0	3059	7074	6086	4928
154347720	0	3022	7083	6081	4900
154347820	0	2989	7093	6081	4961
154347920	0	3097	7355	6086	4900
154348020	0	3045	7046	6072	4918
154348120	0	3083	6939	6095	4914
154348220	0	3008	6943	6109	4890
154348320	0	3092	7538	6081	4923
154348420	0	3045	6911	6100	4918
154348520	0	3031	6624	6104	4900
154348620	0	3036	7051	6114	4932
154348720	0	3050	7074	6100	4918
154348820	0	3083	6133	6100	4886
154348920	0	3022	6789	6086	4900
154349020	0	3022	6793	6090	4853
154349120	0	3097	6638	6114	4909
154349220	0	3045	7506	6114	4904
154349320	0	3106	6911	6095	4871
154349420	0	3031	6620	6086	4904
154349520	0	3022	6756	6104	4876
154349620	0	2998	6297	6133	4900
154349720	0	2998	7060	6086	4890
154349820	0	3036	7205	6104	4904
154349920	0	3022	6081	6104	4928
154350020	0	3055	7215	6100	4871
154350120	0	3116	6259	6123	4956
154350220	0	3041	5987	6104	4923
154350320	0	3055	7079	6095	4876
154350420	0	3050	6704	6095	4923
154350520	0	3106	6906	6100	4890
154350620	0	3003	6231	6100	4881
154350720	0	3102	5767	6095	4937
154350820	0	2984	5364	6118	4886
154350920	0	3078	6315	6081	4890
154351020	0	3092	6109	6090	4961
154351120	0	3092	6896	6086	4951
154351220	0	3064	6086	6100	4914
154351320	0	3102	5818	6095	4886
154351420	0	3045	6259	6114	4918
154351524	0	3078	5312	6090	4871
154351620	0	3088	7337	6090	4895
154351720	0	2984	6236	6109	4946
154351820	0	2998	6273	6109	4951
154351920	0	3097	7473	6100	4956
154352020	0	2980	5476	6114	4932
154352120	0	3050	5509	6104	4928
154352220	0	3031	6128	6118	4956
154352320	0	3008	6264	6114	4956
154352420	0	3078	7046	6095	4867
154352520	0	3031	6236	6104	4923
154352620	0	3045	6240	6114	4951
154352720	0	3017	5767	6086	4965
154352820	0	3041	7463	6095	4914
154352920	0	3088	5992	6090	4946
154353020	0	3083	5471	6067	4871
154353120	0	3045	5982	6086	4909
154353220	0	3045	6090	6090	4890
154353420	0	3083	6250	6090	4937
154353520	0	3092	6133	6090	4867
154353620	0	2998	6957	6123	4965
154353720	0	3041	6695	6109	4942
154353820	0	3022	5739	6095	4909
154353920	0	3027	7041	6100	4857
154354020	0	3008	5856	6100	4890
154354120	0	3064	5312	6090	4956
154354220	0	3116	6118	6095	4895
154354320	0	2998	7473	6090	4946
154354420	0	3069	5781	6100	4923
154354520	0	3097	6118	6090	4900
154354620	0	3073	5490	6109	4942
154354720	0	3073	6118	6095	4946
154354820	0	3008	6226	6104	4932
154354920	0	3031	5762	6109	4946
154355020	0	3017	5814	6095	4876
154355120	0	3022	5485	6109	4914
154355220	0	3017	5954	6128	4867
154355320	0	3031	7280	6109	4946
154355420	0	3088	6123	6104	4918
154355520	0	3012	5757	6128	4965
154355624	0	3012	6222	6123	4900
154355720	0	3059	5045	6090	4937
154355820	0	3017	5303	6100	4914
154355920	0	3027	5485	6100	4867
154356020	0	3092	6043	6100	4932
154356120	0	3083	6254	6104	4932
154356220	0	3027	5012	6104	4937
154356320	0	3022	5757	6118	4956
154356420	0	3092	5078	6123	4881
154356520	0	3055	5073	6133	4942
154356620	0	3003	5007	6118	4871
154356720	0	3041	5804	6118	4946
154356820	0	3064	5017	6095	4900
154356920	0	3012	5040	6118	4965
154357020	0	3097	5026	6118	4904
154357120	0	3125	4989	6090	4900
154357220	0	3129	5345	6109	4862
154357320	0	3064	6250	6100	4876
154357420	0	3012	5452	6114	4909
154357520	0	3059	6259	6109	4867
154357620	0	2998	6240	6095	4923
154357720	0	3097	5523	6114	4937
154357820	0	3055	5964	6104	4881
154357920	0	3008	5499	6104	4914
154358020	0	3106	5523	6104	4951
154358120	0	3097	7445	6114	4862
154358220	0	3064	6259	6109	4923
154358320	0	3092	5748	6095	4951
154358420	0	3064	5476	6133	4965
154358520	0	3036	4993	6123	4956
154358620	0	3012	6231	6114	4923
154358720	0	3069	6273	6109	4923
154358820	0	3120	5462	6123	4890
154358920	0	3003	6245	6123	4890
154359020	0	3059	5987	6118	4895
154359120	0	3045	5509	6100	4881
154359220	0	3055	6011	6095	4862
154359320	0	3088	6208	6118	4928
154359420	0	3050	6250	6095	4979
154359520	0	3125	6971	6100	4956
154359620	0	3092	5050	6109	4900
154359723	0	3041	5050	6095	4871
154359820	0	3064	5476	6095	4895
154359920	0	3069	5040	6128	4909
154400020	0	3073	5776	6104	4946
154400120	0	3036	5045	6100	4895
154400220	0	3031	5767	6114	4890
154400320	0	3102	5753	6118	4871
154400420	0	3031	5753	6090	4886
154400520	0	3027	4979	6095	4876
154400620	0	2998	5762	6095	4951
154400720	0	3003	6690	6118	4951
154400820	0	3064	5443	6109	4904
154400920	0	2994	5012	6118	4871
154401020	0	3059	5022	6114	4946
154401220	0	3008	5022	6114	4956
154401320	0	3036	5504	6109	4928
154401419	0	3083	5495	6104	4857
154401520	0	3036	6962	6095	4895
154401620	0	2994	5462	6128	4862
154401720	0	3069	4993	6128	4890
154401820	0	3088	5017	6104	4918
154401920	0	3041	5040	6109	4848
154402020	0	3083	5031	6137	4942
154402120	0	3050	4989	6123	4890
154402220	0	3083	5739	6095	4867
154402320	0	3027	6231	6123	4900
154402420	0	3120	4998	6109	4876
154402520	0	3059	6231	6100	4890
154402620	0	3017	5757	6123	4928
154402720	0	3088	6217	6109	4829
154402820	0	3125	6269	6104	4900
154402920	0	3003	5031	6100	4886
154403020	0	3055	5762	6118	4914
154403120	0	2994	6240	6128	4900
154403220	0	3041	4984	6118	4932
154403320	0	3083	5532	6123	4886
154403420	0	2989	5776	6147	4918
154403520	0	3083	6236	6123	4839
154403619	0	3106	4965	6133	4904
154403720	0	2980	5017	6137	4871
154403824	0	3027	5776	6123	4876
154403920	0	3069	5485	6123	4904
154404020	0	3017	5481	6104	4932
154404120	0	3064	5527	6114	4862
154404220	0	3008	6507	6133	4909
154404320	0	3059	6222	6114	4895
154404420	0	3017	6231	6128	4890
154404525	0	3045	5012	6147	4918
154404620	0	3092	6269	6123	4914
154404720	0	3097	5476	6151	4918
154404820	0	3031	5007	6137	4871
154404920	0	3078	6231	6109	4867
154405020	0	3106	5809	6109	4890
154405120	0	3045	5785	6118	4937
154405220	0	3069	5040	6118	4904
154405320	0	3073	5064	6142	4932
154405420	0	3088	5007	6133	4890
154405520	0	3059	5012	6100	4918
154405619	0	3022	5017	6133	4890
154405719	0	2994	6212	6123	4900
154405820	0	3083	5036	6123	4923
154405920	0	3055	5050	6095	4923
154406020	0	3097	5078	6095	4857
154406120	0	3153	5523	6104	4857
154406220	0	3116	5022	6133	4876
154406320	0	3012	5022	6123	4890
154406420	0	3088	5457	6118	4890
154406520	0	3092	6208	6128	4881
154406620	0	3027	5504	6100	4890
154406720	0	3003	4998	6090	4886
154406820	0	3073	5040	6123	4914
154406920	0	3050	5022	6109	4909
154407020	0	3083	6226	6100	4904
154407120	0	3012	5003	6095	4946
154407220	0	2994	5017	6109	4900
154407320	0	3036	6245	6114	4970
154407420	0	3050	7332	6128	4895
154407520	0	3073	5139	6109	4848
154407619	0	3036	5083	6133	4862
154407720	0	3050	5115	6100	4871
154407820	0	3092	5050	6109	4853
154407924	0	3008	5073	6100	4937
154408020	0	3078	5068	6090	4886
154408120	0	3059	5068	6090	4881
154408220	0	3027	5068	6104	4914
154408320	0	3045	5040	6086	4942
154408420	0	3092	5059	6104	4942
154408520	0	3116	5059	6104	4904
154408620	0	3078	5054	6118	4857
154408719	0	3064	5036	6133	4867
154408820	0	3045	5073	6095	4932
154408920	0	3083	5073	6133	4862
154409020	0	3116	5040	6109	4909
154409120	0	3031	5054	6133	4871
154409220	0	3059	5064	6123	4932
154409320	0	3012	5040	6104	4881
154409420	0	3008	5040	6118	4876
154409519	0	3055	5040	6086	4853
154409619	0	3078	5064	6128	4895
154409720	0	3064	5036	6123	4862
154409820	0	3027	5031	6133	4909
154409920	0	2998	5036	6118	4918
154410020	0	2984	5068	6118	4923
154410120	0	3003	5073	6100	4881
154410220	0	3069	5045	6128	4914
154410320	0	3078	5078	6118	4876
154410420	0	3055	5059	6114	4928
154410519	0	3027	5036	6095	4946
154410620	0	3111	5054	6118	4918
154410720	0	3078	5040	6133	4946
154410820	0	3064	5073	6128	4895
154410919	0	3092	5068	6104	4904
154411020	0	3008	5059	6114	4914
154411119	0	3059	5064	6104	4904
154411219	0	3083	5040	6109	4871
154411319	0	3064	5022	6090	4890
154411420	0	3059	5036	6104	4900
154411520	0	3045	5064	6100	4862
154411620	0	3078	5059	6100	4928
154411720	0	3083	5050	6114	4871
154411820	0	3050	5054	6109	4904
154411920	0	3017	5050	6133	4900
154412022	0	3088	5059	6100	4946
154412120	0	3088	5050	6123	4871
154412220	0	3031	5040	6104	4839
154412320	0	3078	5026	6123	4867
154412420	0	3069	5045	6128	4918
154412520	0	3055	5045	6100	4820
154412619	0	3059	5064	6118	4951
154412720	0	3092	5040	6104	4904
154412820	0	3116	5087	6128	4853
154412920	0	3069	5059	6123	4975
154413020	0	3097	5265	6109	4909
154413120	0	3059	4956	6095	4918
154413219	0	3059	5022	6100	4876
154413319	0	3097	5012	6128	4876
154413419	0	3102	5050	6100	4946
154413520	0	3083	4998	6114	4853
154413620	0	3041	4984	6123	4923
154413719	0	3055	5031	6104	4900
154413819	0	3088	5007	6109	4928
154413920	0	3092	5012	6118	4928
154414019	0	3073	4979	6100	4848
154414119	0	3092	5828	6095	4900
154414220	0	3050	5026	6118	4876
154414319	0	3097	4970	6123	4918
154414420	0	3008	5729	6104	4876
154414520	0	3045	5026	6109	4900
154414620	0	3031	4965	6123	4909
154414720	0	3078	4993	6100	4886
154414820	0	3003	5790	6114	4918
154414920	0	3092	5036	6095	4881
154415020	0	3055	4961	6100	4895
154415120	0	3106	5036	6090	4881
154415220	0	3041	4993	6128	4946
154415320	0	3073	4989	6142	4890
154415420	0	3012	5003	6114	4909
154415520	0	3022	5050	6114	4904
154415620	0	3097	5462	6118	4928
154415720	0	3088	5734	6090	4914
154415819	0	2989	6976	6109	4918
154415919	0	3092	6236	6133	4890
154416020	0	3059	5036	6170	4942
154416121	0	3055	5012	6104	4881
154416220	0	3027	5036	6114	4895
154416320	0	3064	5026	6109	4937
154416420	0	3045	5073	6100	4928
154416520	0	3036	5073	6118	4904
154416620	0	2989	4998	6147	4895
154416720	0	3069	5026	6095	4871
154416820	0	3022	4979	6104	4928
154416920	0	3078	4993	6072	4871
154417020	0	3041	4989	6095	4914
154417119	0	3083	4989	6086	4965
154417220	0	3027	6100	6090	4918
154417320	0	3059	6587	6081	4928
154417420	0	3022	5007	6081	4946
154417520	0	3008	6737	6095	4886
154417619	0	3092	5490	6100	4928
154417720	0	3017	5003	6072	4937
154417820	0	3027	5003	6086	4942
154417920	0	3003	5340	6090	4900
154418020	0	3045	5973	6081	4881
154418120	0	2984	5017	6086	4862
154418219	0	3102	5336	6095	4918
154418319	0	3092	5471	6095	4900
154418420	0	3106	5003	6090	4900
154418519	0	3088	4998	6095	4932
154418619	0	3027	5017	6109	4914
154418719	0	3012	4989	6114	4932
154418820	0	3012	5532	6109	4862
154418919	0	3064	5050	6123	4946
154419020	0	3012	5753	6118	4895
154419119	0	3097	5767	6133	4886
154419220	0	3059	5017	6142	4984
154419320	0	3012	4989	6151	4909
154419420	0	3073	5467	6137	4914
154419520	0	3045	6240	6128	4909
154419620	0	3036	5734	6118	4871
154419720	0	2994	6756	6118	4890
154419820	0	3083	5068	6114	4946
154419919	0	3097	6240	6118	4942
154420019	0	3036	6283	6133	4951
154420120	0	3064	6264	6118	4871
154420222	0	3116	6994	6128	4956
154420319	0	2970	7506	6114	4909
154420420	0	2998	6990	6128	4914
154420517	0	3041	7008	6114	4900
154420619	0	3092	7520	6095	4876
154420719	0	3064	7552	6095	4951
154420818	0	3012	7492	6118	4932
154420919	0	3041	6264	6104	4909
154421018	0	3027	6278	6118	4890
154421120	0	3092	7459	6128	4914
154421217	0	3083	4984	6100	4904
154421318	0	3064	5757	6118	4871
154421420	0	3073	6062	6095	4942
154421519	0	2994	5457	6100	4900
154421618	0	2984	5804	6114	4909
154421720	0	3083	6236	6100	4923
154421818	0	2994	7482	6118	4956
154421920	0	3041	7187	6118	4946
154422020	0	3059	6526	6109	4961
154422117	0	2989	6423	6133	4928
154422219	0	3055	6451	6104	4946
154422318	0	3102	6456	6118	4928
154422419	0	3022	6441	6100	4900
154422518	0	3045	6465	6133	4871
154422620	0	3012	6446	6100	4923
154422719	0	3031	6470	6123	4904
154422820	0	3027	6493	6128	4876
154422918	0	3055	6479	6109	4942
154423017	0	3078	7158	6095	4881
154423120	0	2989	6774	6100	4881
154423218	0	3097	7140	6104	4909
154423317	0	3069	6662	6104	4946
154423417	0	3073	6981	6100	4946
154423520	0	2989	6751	6133	4886
154423617	0	3106	6648	6104	4904
154423718	0	3078	6770	6137	4923
154423820	0	3050	7201	6142	4895
154423918	0	3092	6939	6095	4876
154424017	0	3017	6962	6128	4871
154424118	0	3064	6756	6128	4862
154424220	0	3041	6465	6142	4904
154424322	0	2984	6967	6123	4886
154424418	0	2989	6980	6133	4881
154424517	0	2994	6939	6109	4890
154424620	0	3050	6948	6118	4918
154424718	0	3059	6732	6128	4914
154424818	0	3055	6957	6114	4937
154424920	0	3078	6911	6128	4946
154425020	0	2998	6671	6118	4909
154425118	0	3041	6943	6114	4900
154425218	0	3045	7088	6109	4979
154425317	0	3083	6976	6133	4909
154425418	0	3073	6981	6114	4904
154425517	0	3008	7234	6137	4895
154425617	0	3041	6460	6118	4923
154425717	0	3078	6948	6118	4914
154425818	0	3106	6760	6109	4914
154425917	0	3045	6465	6118	4890
154426018	0	3055	6756	6133	4876
154426117	0	3097	6671	6128	4923
154426217	0	3027	6742	6114	4937
154426318	0	3036	6667	6123	4904
154426418	0	3003	6774	6128	4928
154426517	0	3069	6765	6128	4923
154426618	0	3092	7140	6118	4904
154426717	0	3017	6531	6128	4914
154426818	0	3088	7163	6118	4909
154426917	0	3092	6456	6142	4900
154427018	0	3003	6446	6128	4946
154427118	0	3083	6470	6104	4886
154427218	0	2984	6690	6128	4914
154427318	0	3069	7224	6147	4895
154427418	0	3012	6470	6095	4867
154427518	0	3092	6774	6137	4867
154427618	0	3027	5701	6128	4918
154427717	0	3008	5692	6133	4951
154427817	0	3050	6086	6123	4890
154427917	0	3073	6339	6118	4867
154428017	0	3064	5593	6114	4937
154428117	0	3012	5097	6100	4900
154428217	0	3088	5083	6100	4914
154428317	0	3012	5115	6118	4961
154428421	0	3022	5092	6118	4923
154428517	0	3059	5068	6128	4918
154428617	0	3017	5068	6123	4909
154428717	0	3092	5068	6133	4904
154428818	0	3045	5054	6095	4900
154428918	0	3069	5045	6100	4881
154429017	0	3008	5097	6095	4895
154429117	0	3092	5045	6100	4923
154429217	0	3083	5083	6118	4909
154429317	0	3069	5087	6114	4932
154429418	0	3050	5068	6114	4890
154429517	0	3017	5045	6109	4881
154429618	0	3064	5092	6104	4928
154429717	0	3073	5068	6128	4886
154429817	0	3088	5115	6104	4871
154429917	0	3088	5045	6118	4918
154430018	0	3045	5120	6109	4904
154430117	0	3008	6301	6128	4904
154430217	0	3102	6371	6109	4867
154430318	0	3078	6259	6114	4886
154430418	0	3031	6198	6114	4871
154430518	0	3083	6479	6100	4876
154430617	0	3073	6451	6123	4942
154430717	0	3088	6498	6123	4914
154430818	0	3059	5743	6095	4951
154430918	0	3102	6568	6090	4895
154431018	0	3045	5814	6090	4867
154431117	0	3045	5804	6104	4923
154431217	0	3111	5814	6114	4900
154431317	0	3120	6896	6086	4914
154431417	0	3069	6770	6114	4928
154431517	0	3088	6587	6095	4975
154431618	0	3050	7501	6114	4923
154431718	0	3097	7027	6118	4886
154431817	0	3111	7041	6114	4932
154431917	0	3069	7004	6109	4928
154432017	0	3055	7046	6123	4932
154432118	0	3036	7022	6109	4918
154432218	0	3041	6104	6109	4942
154432318	0	3031	6737	6100	4904
154432418	0	3017	7309	6114	4904
154432522	0	2998	6737	6128	4895
154432617	0	3078	6578	6095	4890
154432718	0	3097	6746	6090	4914
154432818	0	3041	6803	6100	4932
154432917	0	3116	6770	6114	4951
154433018	0	3022	6001	6086	4923
154433117	0	3059	6366	6095	4914
154433218	0	3083	6081	6100	4956
154433317	0	3017	5186	6090	4881
154433418	0	3055	5101	6118	4871
154433518	0	3092	5083	6104	4904
154433617	0	3111	5143	6104	4862
154433718	0	3083	5106	6104	4914
154433818	0	3050	5092	6095	4951
154433918	0	3031	5087	6095	4895
154434018	0	3059	5087	6076	4886
154434118	0	3003	5111	6086	4951
154434218	0	3073	5106	6086	4937
154434317	0	3106	5078	6109	4932
154434417	0	3059	5083	6114	4904
154434518	0	3050	5054	6076	4895
154434617	0	3036	5101	6067	4918
154434718	0	3073	5068	6081	4881
154434817	0	3116	5031	6081	4923
154434917	0	3036	5101	6090	4909
154435018	0	3031	5026	6072	4909
154435118	0	3102	6240	6086	4928
154435217	0	3045	5026	6081	4914
154435318	0	3097	5026	6100	4951
154435418	0	3064	5097	6081	4909
154435518	0	3031	5092	6072	4900
154435617	0	3022	5068	6072	4937
154435717	0	3027	5059	6090	4909
154435818	0	3055	5040	6067	4923
154435917	0	3064	5087	6081	4914
154436017	0	3012	5026	6104	4909
154436117	0	3027	5078	6062	4942
154436217	0	3059	5064	6072	4961
154436318	0	3008	5059	6104	4886
154436417	0	3078	5078	6081	4923
154436518	0	3069	5111	6072	4928
154436622	0	3045	5092	6062	4895
154436717	0	3083	5068	6095	4881
154436818	0	3045	5087	6072	4928
154436917	0	3120	5092	6100	4909
154437018	0	3088	5097	6090	4900
154437117	0	3031	5078	6081	4918
154437217	0	3055	5097	6100	4904
154437318	0	3055	5101	6123	4946
154437418	0	3106	5078	6142	4914
154437518	0	3092	5101	6114	4895
154437617	0	3106	5083	6100	4928
154437718	0	3116	5092	6109	4895
154437818	0	3073	5059	6100	4857
154437917	0	3120	5087	6118	4895
154438017	0	3124	5106	6118	4942
154438118	0	3059	5068	6118	4984
154438218	0	3064	5083	6109	4932
154438317	0	3041	5078	6104	4942
154438418	0	3022	5097	6128	4881
154438518	0	3050	5106	6118	4890
154438618	0	3106	5087	6123	4843
154438718	0	3022	5092	6109	4857
154438817	0	3012	5101	6090	4923
154438917	0	3073	5106	6118	4839
154439017	0	3125	5073	6133	4956
154439118	0	3111	5115	6109	4862
154439218	0	3116	5050	6128	4820
154439317	0	3008	5073	6086	4886
154439417	0	3050	5073	6109	4890
154439517	0	3125	5083	6123	4904
154439617	0	3116	5087	6123	4876
154439718	0	3055	5078	6109	4923
154439818	0	3045	5073	6109	4918
154439918	0	3012	5097	6100	4886
154440017	0	3069	5125	6100	4890
154440117	0	3125	5087	6114	4937
154440217	0	3116	5148	6109	4937
154440318	0	3041	5125	6086	4928
154440417	0	3064	5101	6114	4923
154440517	0	3050	5153	6095	4932
154440617	0	3003	5125	6086	4937
154440721	0	3102	5097	6100	4956
154440818	0	3097	5115	6104	4946
154440917	0	3088	5092	6100	4923
154441017	0	3073	5111	6100	4932
154441117	0	3022	5129	6114	4946
154441217	0	3055	5106	6086	4928
154441317	0	2994	5134	6100	4867
154441417	0	3120	5134	6090	4923
154441518	0	3050	5134	6086	4876
154441617	0	3083	5111	6090	4895
154441717	0	3111	5129	6095	4946
154441817	0	3008	5111	6095	4900
154441917	0	3083	5134	6100	4928
154442017	0	3073	5139	6100	4923
154442117	0	3083	5120	6114	4876
154442217	0	3069	5115	6104	4961
154442318	0	3055	5101	6109	4928
154442418	0	3064	5134	6100	4867
154442517	0	3073	5115	6095	4890
154442617	0	3083	5134	6123	4886
154442717	0	3041	5148	6123	4951
154442817	0	3055	5101	6072	4895
154443017	0	3092	5125	6095	4867
154443117	0	3078	5045	6128	4942
154443217	0	3083	5087	6128	4942
154443317	0	3064	5059	6118	4900
154443418	0	3129	5087	6109	4871
154443517	0	3045	5106	6114	4932
154443618	0	3078	5101	6128	4909
154443718	0	3027	5120	6100	4923
154443817	0	3069	5125	6128	4956
154443917	0	3120	5129	6104	4900
154444017	0	3059	5115	6133	4890
154444118	0	3111	5101	6114	4923
154444218	0	3088	5111	6128	4932
154444318	0	3036	5120	6137	4886
154444417	0	3088	5125	6109	4904
154444517	0	3073	5125	6123	4937
154444617	0	3008	5158	6100	4961
154444717	0	3012	5111	6118	4937
154444821	0	2989	6385	6100	4965
154444917	0	3055	5209	6100	4886
154445017	0	3036	5195	6133	4886
154445118	0	3017	5172	6137	4895
154445219	0	3097	5200	6118	4876
154445318	0	3083	5209	6118	4900
154445419	0	3022	5204	6095	4946
