154657818	0	3073	4768	6629	4942
154657920	0	3045	4792	7595	4932
154658014	0	3092	4801	6845	4886
154658114	0	3069	4829	6911	4909
154658214	0	3069	4806	7379	4951
154658314	0	3036	4740	7191	4890
154658414	0	3124	4764	7370	4857
154658515	0	3106	4825	6690	4900
154658614	0	3050	4825	6554	4900
154658714	0	3050	4825	6887	4876
154658815	0	3143	4871	6732	4867
154658914	0	3125	4787	6850	4909
154659014	0	3102	4857	6760	4946
154659114	0	3088	4801	6821	4876
154659214	0	3088	4820	6549	4857
154659314	0	2998	4843	6981	4932
154659414	0	3125	4843	6957	4923
154659514	0	3106	4843	6798	4923
154659614	0	3124	4792	6925	4895
154659714	0	3055	4825	6653	4890
154659815	0	3008	4768	6578	4942
154659914	0	3045	4871	6592	4881
154700015	0	3050	4787	6732	4923
154700118	0	3027	4867	6756	4928
154700214	0	3088	4843	6662	4881
154700314	0	3083	4806	7060	4900
154700414	0	3064	4801	7735	4942
154700514	0	3083	4853	7365	4895
154700614	0	3055	4857	6981	4857
154700714	0	3120	4848	7997	4862
154700814	0	3078	4848	7346	4942
154700914	0	3055	4806	7721	4951
154701015	0	3027	4792	6957	4928
154701114	0	3064	4839	6990	4932
154701214	0	3088	4839	7622	4890
154701314	0	3017	4834	6662	4886
154701414	0	3045	4801	7979	4923
154701514	0	3097	4806	7628	4970
154701614	0	3027	4782	6985	4904
154701714	0	3041	4778	7716	4904
154701814	0	3069	4857	6962	4886
154701914	0	3041	4792	7993	4923
154702014	0	3045	4773	7979	4886
154702114	0	3059	4787	7346	4937
154702214	0	3055	4759	6803	4876
154702314	0	3003	4853	6760	4886
154702415	0	3064	4848	6934	4918
154702514	0	2998	4853	6948	4895
154702614	0	3027	4843	6971	4928
154702714	0	2998	4792	8021	4928
154702815	0	3111	4853	6751	4871
154702914	0	3041	4810	7374	4890
154703014	0	3097	4839	6985	4956
154703114	0	3045	4825	6953	4918
154703214	0	3055	4867	6854	4900
154703314	0	3031	4867	7060	4886
154703414	0	3036	4792	6943	4876
154703514	0	3055	4806	7365	4914
154703614	0	3088	4806	7735	4928
154703714	0	3073	4829	7102	4895
154703814	0	3003	4843	7365	4890
154703914	0	3097	4848	7041	4909
154704014	0	3111	4825	7632	4970
154704114	0	3027	4778	6953	4881
154704218	0	3116	4782	6667	4923
154704315	0	3102	4796	7604	4937
154704414	0	3083	4801	7960	4900
154704514	0	3008	4782	7936	4890
154704614	0	3064	4843	7951	4890
154704714	0	3181	4834	7669	4904
154704814	0	3027	4773	6760	4886
154704914	0	3027	4792	6610	4886
154705014	0	3050	4801	6657	4886
154705114	0	3092	4792	6648	4904
154705214	0	3017	4843	7683	4923
154705314	0	3017	4782	7927	4867
154705413	0	3069	4782	7922	4886
154705514	0	2975	4843	7276	4951
154705614	0	3125	4773	6615	4857
154705714	0	3116	4810	6563	4895
154705814	0	3106	4801	6512	4857
154705914	0	3064	4834	6535	4904
154706014	0	3097	4782	6592	4886
154706114	0	3022	4773	6446	4876
154706214	0	3031	4759	6545	4932
154706314	0	3041	4796	6488	4918
154706414	0	3088	4881	6531	4909
154706514	0	3050	4773	6507	4871
154706614	0	3022	4820	6502	4834
154706714	0	3059	4782	6559	4904
154706814	0	3036	4768	6826	4867
154706914	0	3088	4764	7534	4853
154707014	0	3055	4843	7936	4862
154707114	0	3129	4843	6535	4876
154707214	0	3017	4801	6840	4900
154707314	0	3138	4839	6502	4900
154707414	0	3102	4839	6498	4890
154707514	0	3041	4810	6549	4904
154707614	0	3022	4853	6582	4918
154707714	0	3078	4787	6582	4886
154707814	0	3045	4862	6517	4895
154707914	0	3027	4782	6568	4928
154708014	0	3059	4829	6653	4871
154708114	0	3055	4796	7252	4895
154708214	0	3064	4773	6653	4932
154708318	0	2998	4759	6498	4904
154708414	0	3134	4806	6535	4876
154708514	0	3017	4792	6573	4876
154708614	0	3143	4834	6662	4876
154708714	0	3050	4754	6690	4881
154708814	0	3120	4778	6667	4895
154708914	0	3124	4839	6699	4853
154709014	0	3097	4815	6634	4918
154709114	0	3125	4843	6648	4886
154709214	0	3124	4820	6667	4867
154709314	0	3102	4750	6681	4923
154709414	0	3017	4839	6714	4909
154709514	0	3022	4801	6985	4918
154709613	0	3078	4862	6948	4914
154709714	0	3036	4829	6676	4862
154709814	0	3078	4764	6606	4890
154709914	0	3069	4834	6653	4904
154710014	0	3120	4853	6601	4857
154710114	0	3120	4853	6615	4900
154710214	0	3036	4792	6643	4914
154710314	0	3055	4848	6643	4914
154710414	0	3088	4787	6624	4918
154710514	0	3036	4867	6634	4895
154710614	0	3102	4796	6629	4886
154710714	0	3041	4764	6578	4853
154710814	0	3059	4825	6606	4909
154710914	0	3041	4768	6596	4928
154711014	0	3008	4843	6653	4914
154711114	0	3069	4796	6606	4895
154711213	0	3050	4778	6629	4909
154711314	0	3050	4862	6615	4909
154711414	0	3059	4857	6620	4895
154711514	0	3120	4796	6601	4895
154711614	0	2989	4787	6601	4862
154711714	0	3036	4862	6643	4932
154711814	0	3083	4862	6620	4904
154711914	0	3102	4764	6587	4932
154712014	0	3017	4810	6606	4923
154712113	0	3017	4857	6620	4890
154712214	0	3017	4815	6568	4937
154712314	0	3017	4820	6592	4886
154712418	0	3069	4801	6582	4886
154712514	0	3012	4820	6592	4904
154712614	0	3012	4773	6592	4932
154712714	0	3092	4848	6638	4867
154712814	0	3078	4796	6671	4862
154712914	0	2998	4773	6840	4909
154713014	0	3088	4829	7037	4937
154713114	0	3031	4825	7908	4876
154713214	0	2994	4787	7941	4871
154713314	0	3078	4848	7697	4918
154713414	0	3003	4764	7163	4904
154713514	0	2989	4825	7492	4914
154713614	0	3073	4867	7135	4886
154713714	0	3036	4792	7646	4904
154713814	0	3031	4778	6831	4862
154713914	0	3088	4815	7861	4895
154714014	0	3102	4857	7613	4909
154714114	0	3064	4853	7008	4918
154714214	0	3031	4782	6948	4890
154714314	0	3111	4848	7022	4895
154714414	0	3059	4839	6512	4909
154714514	0	3157	4829	6676	4904
154714614	0	3059	4773	6493	4909
154714714	0	3050	4862	6465	4876
154714814	0	3097	4839	6460	4876
154714914	0	2998	4796	7847	4886
154715014	0	3078	4871	6817	4862
154715114	0	3102	4782	7852	4886
154715213	0	3125	4843	7623	4914
154715314	0	3045	4782	7248	4890
154715414	0	3064	4853	7618	4909
154715514	0	3120	4768	7590	4904
154715614	0	3111	4782	7304	4904
154715714	0	3078	4773	7660	4951
154715814	0	3055	4782	7205	4876
154715914	0	3083	4834	6850	4853
154716014	0	3031	4810	6582	4909
154716114	0	3078	4848	6531	4942
154716214	0	3050	4843	6484	4890
154716314	0	3073	4853	6502	4867
154716414	0	3073	4806	6521	4867
154716518	0	2989	4778	6840	4895
154716614	0	3031	4782	7951	4857
154716714	0	3041	4815	7913	4904
154716814	0	3017	4792	7951	4862
154716914	0	3102	4825	7946	4923
154717014	0	3031	4848	7927	4857
154717114	0	3116	4792	7993	4862
154717214	0	3041	4796	6901	4895
154717314	0	3073	4843	6554	4886
154717414	0	3055	4853	6540	4895
154717513	0	3069	4782	6563	4886
154717614	0	3041	4839	6587	4890
154717714	0	3120	4759	6563	4857
154717814	0	3050	4853	6559	4834
154717914	0	3083	4848	6540	4876
154718013	0	3031	4857	6498	4871
154718114	0	2998	4792	6549	4895
154718214	0	2998	4768	6554	4886
154718314	0	3045	4796	6554	4867
154718414	0	3017	4815	6596	4890
154718514	0	3064	4848	6549	4829
154718614	0	3120	4862	6521	4862
154718714	0	3088	4839	6535	4881
154718814	0	3129	4801	6568	4900
154718914	0	3106	4843	6596	4904
154719014	0	3088	4825	6563	4871
154719113	0	3031	4853	6582	4843
154719214	0	3064	4796	6531	4886
154719314	0	3064	4778	6554	4853
154719413	0	3134	4764	6568	4839
154719514	0	3031	4820	6587	4857
154719614	0	3097	4792	6573	4862
154719714	0	3138	4839	6559	4900
154719814	0	3167	4820	6587	4904
154719914	0	3125	4778	6582	4895
154720014	0	3008	4773	6563	4890
154720114	0	3116	4839	6606	4937
154720214	0	3092	4848	6549	4923
154720314	0	3045	4801	6568	4909
154720413	0	3059	4773	6563	4895
154720514	0	2994	4782	6578	4937
154720618	0	3027	4792	6606	4932
154720714	0	3157	4853	6596	4956
154720818	0	3022	4853	6587	4914
154720914	0	3069	4778	6596	4914
154721014	0	3092	4796	6545	4970
154721114	0	3083	4820	6596	4932
154721213	0	3055	4810	6587	4932
154721314	0	2970	4787	6601	4900
154721414	0	3059	4853	6578	4918
154721513	0	2970	4853	6587	4956
154721614	0	3022	4825	6563	4895
154721714	0	3022	4829	6596	4914
154721814	0	3003	4787	6563	4876
154721914	0	3012	4801	6592	4932
154722014	0	3012	4810	6582	4890
154722114	0	3017	4843	6563	4937
154722214	0	3143	4848	6559	4890
154722314	0	3059	4843	6559	4946
154722413	0	3012	4806	6545	4951
154722514	0	2984	4839	6545	4904
154722614	0	3064	4787	6554	4909
154722714	0	3102	4754	6559	4918
154722814	0	3017	4853	6568	4895
154722914	0	3064	4796	6554	4937
154723014	0	3069	4825	6587	4932
154723114	0	3031	4773	6559	4928
154723214	0	3031	4806	6545	4904
154723313	0	3003	4806	6563	4914
154723414	0	3041	4820	6596	4857
154723514	0	3045	4825	6596	4965
154723614	0	3106	4764	6545	4904
154723714	0	3064	4853	6596	4918
154723814	0	3012	4853	6568	4956
154723914	0	3031	4773	6578	4932
154724014	0	3022	4829	6578	4895
154724114	0	3069	4853	6563	4923
154724214	0	3059	4825	6596	4904
154724314	0	3050	4825	6596	4914
154724414	0	3031	4834	6563	4942
154724513	0	3111	4853	6526	4909
154724614	0	3036	4782	6535	4904
154724716	0	3102	4867	6554	4876
154724814	0	3097	4815	6535	4900
154724914	0	3050	4848	6549	4932
154725014	0	3036	4810	6563	4942
154725113	0	3012	4862	6535	4881
154725213	0	3124	4857	6554	4923
154725314	0	3050	4768	6596	4871
154725414	0	3017	4829	6521	4909
154725514	0	3050	4806	6549	4900
154725614	0	3124	4853	6554	4923
154725714	0	3027	4825	6526	4923
154725814	0	3102	4801	6531	4871
154725914	0	2989	4862	6554	4876
154726014	0	3106	4839	6582	4900
154726114	0	3120	4848	6540	4909
154726214	0	3120	4787	6540	4886
154726314	0	3078	4778	6578	4871
154726414	0	3120	4810	6587	4909
154726513	0	3041	4829	6601	4909
154726614	0	3129	4871	6592	4923
154726714	0	3148	4843	6554	4937
154726814	0	3036	4886	6568	4895
154726914	0	3055	4801	6563	4970
154727014	0	3120	4839	6601	4867
154727114	0	3116	4792	6596	4862
154727213	0	3041	4792	6582	4932
154727313	0	3078	4857	6540	4904
154727414	0	3078	4768	6582	4909
154727513	0	3111	4796	6601	4928
154727614	0	3012	4787	6601	4951
154727713	0	3078	4857	6676	4871
154727814	0	3017	4820	6512	4886
154727914	0	3036	4773	7154	4881
154728014	0	3083	4773	7135	4881
154728114	0	3017	4820	6939	4923
154728214	0	3078	4843	6986	4918
154728314	0	2984	4768	6939	4871
154728413	0	3073	4829	6803	4876
154728514	0	3120	4853	7234	4857
154728614	0	3045	4768	7201	4857
154728714	0	3116	4848	7205	4848
154728816	0	3111	4773	7177	4871
154728914	0	3120	4796	6981	4904
154729014	0	3111	4825	7487	4900
154729114	0	3012	4810	7875	4900
154729214	0	3027	4853	7557	4909
154729314	0	3008	4848	6446	4881
154729414	0	3036	4796	6460	4886
154729514	0	3097	4857	6587	4918
154729614	0	3088	4806	6779	4909
154729713	0	3022	4778	6817	4909
154729814	0	3088	4876	6774	4904
154729914	0	3102	4801	6690	4904
154730014	0	3116	4806	6559	4900
154730114	0	3120	4810	6404	4923
154730214	0	3073	4853	6493	4904
154730314	0	3120	4778	7871	4904
154730414	0	3055	4829	7187	4909
154730514	0	3055	4782	6826	4886
154730614	0	2998	4773	7008	4918
154730714	0	3078	4782	7922	4900
154730813	0	3017	4796	6465	4928
154730914	0	3120	4773	6892	4881
154731013	0	3106	4848	6732	4890
154731114	0	3003	4839	6681	4909
154731214	0	3055	4787	6592	4881
154731314	0	3031	4768	6465	4914
154731414	0	3045	4843	6479	4853
154731514	0	3078	4806	6709	4857
154731614	0	3027	4843	7365	4871
154731713	0	2998	4867	7815	4904
154731814	0	3017	4768	6451	4876
154731914	0	2998	4801	6441	4900
154732013	0	3125	4815	6817	4876
154732113	0	3125	4843	6714	4876
154732214	0	2966	4820	6624	4881
154732314	0	3027	4867	6657	4900
154732414	0	3092	4843	6643	4900
154732513	0	3120	4862	6671	4923
154732613	0	3050	4839	6662	4946
154732714	0	3055	4768	6615	4928
154732813	0	3022	4848	6624	4937
154732916	0	3102	4759	6606	4881
154733014	0	3055	4848	6535	4946
154733114	0	3097	4782	6507	4881
154733214	0	3059	4778	6531	4909
154733314	0	3022	4825	6526	4900
154733414	0	3031	4792	6488	4932
154733514	0	3116	4764	6531	4951
154733613	0	3111	4810	6460	4951
154733714	0	3073	4843	6465	4932
154733814	0	3008	4745	6502	4886
154733913	0	3134	4815	6540	4895
154734014	0	3125	4764	6582	4876
154734114	0	3017	4778	6484	4956
154734214	0	3116	4759	6404	4918
154734313	0	3111	4867	6456	4937
154734414	0	3012	4740	6423	4937
154734514	0	3017	4810	6446	4909
154734614	0	3012	4782	6554	4890
154734714	0	3027	4881	6484	4909
154734814	0	3003	4839	7548	4932
154734913	0	3012	4848	7650	4876
154735014	0	3022	4796	7290	4918
154735114	0	3012	4782	6911	4900
154735214	0	3045	4867	6498	4895
154735314	0	3078	4801	6484	4946
154735414	0	3088	4843	6470	4923
154735513	0	3003	4829	6517	4890
154735614	0	3124	4778	6596	4909
154735714	0	3116	4778	6578	4937
154735814	0	3012	4853	6610	4904
154735913	0	3050	4778	6596	4937
154736013	0	3069	4839	6545	4904
154736113	0	3041	4773	6568	4876
154736214	0	3050	4801	6587	4904
154736313	0	3017	4862	6568	4956
154736414	0	3031	4839	6563	4946
154736513	0	3102	4839	6596	4970
154736613	0	3027	4843	6517	4923
154736713	0	3097	4839	6502	4918
154736814	0	3036	4862	6517	4928
154736913	0	3088	4843	6545	4900
154737016	0	3050	4792	6521	4886
154737113	0	3134	4881	6535	4928
154737214	0	3045	4801	6563	4886
154737314	0	3116	4778	6535	4871
154737414	0	3041	4806	6578	4862
154737514	0	3088	4843	6535	4876
154737713	0	3088	4843	6521	4923
154737813	0	3031	4853	6517	4853
154737913	0	3083	4815	6521	4904
154738014	0	3073	4848	6517	4853
154738114	0	3102	4806	6545	4848
154738213	0	3017	4787	6493	4904
154738313	0	3111	4853	6517	4904
154738413	0	3088	4768	6554	4871
154738514	0	3111	4881	6540	4890
154738613	0	3083	4829	6531	4914
154738713	0	3120	4792	6540	4928
154738814	0	3050	4848	6512	4904
154738914	0	3027	4787	6521	4881
154739014	0	3116	4867	6507	4914
154739114	0	3153	4778	6474	4886
154739214	0	3045	4857	6488	4876
154739314	0	3120	4815	6502	4918
154739414	0	3124	4825	6498	4914
154739514	0	3059	4825	6493	4895
154739613	0	3153	4848	6526	4895
154739714	0	3125	4843	6488	4857
154739814	0	3116	4764	6507	4881
154739914	0	3111	4796	6488	4918
154740014	0	3102	4764	6493	4886
154740114	0	3116	4792	6512	4932
154740213	0	3124	4787	6484	4937
154740313	0	3041	4792	6498	4914
154740413	0	3027	4806	6502	4857
154740514	0	3059	4853	6512	4942
154740614	0	3064	4890	6488	4871
154740714	0	3120	4754	6526	4857
154740814	0	3120	4834	6498	4886
154740914	0	3069	4848	6526	4946
154741014	0	3059	4787	6493	4895
154741116	0	3055	4768	6521	4937
154741213	0	3116	4834	6507	4890
154741313	0	3143	4825	6535	4923
154741414	0	3120	4839	6535	4909
154741513	0	3055	4792	6535	4918
154741614	0	3083	4839	6535	4918
154741714	0	3120	4853	6498	4909
154741814	0	3111	4867	6488	4914
154741913	0	3124	4754	6474	4890
154742014	0	3102	4857	6493	4942
154742113	0	3069	4768	6535	4881
154742214	0	3069	4853	6540	4890
154742314	0	3116	4745	6540	4909
154742413	0	3083	4796	6563	4932
154742513	0	3102	4759	6587	4937
154742614	0	3069	4857	6512	4881
154742714	0	3097	4853	6545	4904
154742813	0	3069	4848	6535	4881
154742913	0	3078	4773	6554	4876
154743013	0	3102	4843	6573	4862
154743113	0	3097	4839	6596	4909
154743214	0	3045	4853	6563	4928
154743314	0	3129	4768	6531	4857
154743414	0	3031	4857	6521	4867
154743514	0	3083	4886	6545	4867
154743613	0	3069	4815	6479	4853
154743714	0	3106	4782	6559	4871
154744014	0	3124	4792	6540	4914
154744114	0	3064	4792	6512	4890
154744213	0	3102	4867	6521	4904
154744314	0	3120	4871	6502	4890
154744413	0	3088	4768	6531	4904
154744513	0	3129	4815	6517	4871
154744614	0	3129	4862	6554	4914
154744713	0	3059	4810	6512	4904
154744813	0	3106	4787	6526	4857
154744913	0	3027	4853	6517	4923
154745014	0	3069	4782	6521	4881
154745114	0	3106	4796	6512	4895
154745216	0	3078	4876	6526	4904
154745314	0	3102	4782	6521	4895
154745414	0	3041	4768	6531	4904
154745514	0	3012	4778	6549	4886
154745614	0	3116	4820	6507	4862
154745713	0	3106	4829	6540	4951
154745813	0	3073	4834	6587	4923
154745913	0	3097	4843	6507	4862
154746014	0	3045	4834	6545	4956
154746114	0	3088	4782	6498	4867
154746214	0	3022	4857	6540	4834
154746314	0	3134	4778	6526	4928
154746414	0	3059	4862	6531	4946
154746514	0	3092	4862	6545	4928
154746614	0	3078	4796	6517	4918
154746717	0	3092	4862	6507	4918
154746813	0	3083	4857	6517	4853
154746913	0	3031	4806	6526	4853
154747013	0	3124	4834	6526	4900
154747113	0	3092	4778	6502	4876
154747214	0	3138	4773	6484	4867
154747314	0	3106	4829	6535	4876
154747413	0	3116	4890	6512	4881
154747514	0	3106	4782	6512	4923
154747613	0	3027	4862	6535	4961
154747713	0	3138	4768	6474	4881
154747813	0	3059	4834	6512	4904
154747913	0	3116	4857	6535	4909
154748014	0	3124	4773	6502	4890
154748113	0	3120	4810	6540	4942
154748213	0	3073	4782	6498	4895
154748313	0	3092	4839	6531	4904
154748414	0	3088	4778	6531	4918
154748514	0	3092	4825	6568	4890
154748613	0	3111	4857	6517	4914
154748714	0	3088	4839	6517	4871
154748813	0	3069	4787	6512	4886
154748914	0	3088	4792	6526	4900
154749014	0	3059	4853	6465	4923
154749113	0	3124	4867	6549	4909
154749213	0	3092	4871	6512	4895
154749315	0	3059	4782	6531	4881
154749414	0	3111	4862	6502	4876
154749514	0	3022	4806	6517	4862
154749614	0	3064	4834	6526	4890
154749713	0	3017	4839	6517	4881
154749813	0	3036	4792	6521	4914
154749913	0	3097	4792	6540	4895
154750013	0	3017	4778	6545	4928
154750114	0	3064	4825	6521	4890
154750213	0	3092	4848	6526	4918
154750314	0	3092	4792	6526	4904
154750413	0	3069	4876	6512	4895
154750514	0	3129	4787	6488	4890
154750614	0	3055	4768	6559	4876
154750713	0	3041	4815	6517	4862
154750813	0	3031	4801	6507	4895
154750914	0	3120	4867	6559	4895
154751013	0	3102	4792	6493	4895
154751113	0	3116	4787	6526	4928
154751214	0	3120	4848	6507	4900
154751313	0	3064	4778	6545	4918
154751414	0	3092	4782	6521	4914
154751513	0	3078	4857	6517	4867
154751614	0	3059	4848	6531	4904
154751714	0	3069	4801	6526	4895
154751813	0	3031	4778	6545	4932
154751914	0	3102	4834	6540	4928
154752014	0	3092	4862	6549	4857
154752114	0	3069	4778	6531	4848
154752213	0	3116	4834	6535	4900
154752314	0	3102	4862	6554	4876
154752413	0	3031	4825	6549	4871
154752514	0	3041	4778	6587	4857
154752613	0	3050	4867	6573	4867
154752713	0	3116	4782	6578	4862
154752814	0	3120	4857	6615	4890
154752913	0	3041	4787	6545	4867
154753013	0	3073	4829	6545	4937
154753113	0	3120	4773	6526	4895
154753213	0	3027	4834	6545	4923
154753313	0	3106	4843	6549	4857
154753416	0	3031	4815	6531	4918
154753514	0	3045	4820	6521	4881
154753812	0	3073	4829	6540	4871
154753912	0	3092	4857	6563	4942
154754012	0	3106	4853	6540	4909
154754111	0	3078	4787	6531	4862
154754211	0	3120	4778	6592	4932
154754312	0	3129	4782	6554	4876
154754411	0	3036	4796	6549	4928
154754512	0	3041	4857	6540	4857
154754611	0	3073	4834	6559	4895
154754711	0	3125	4806	6540	4881
154754811	0	3050	4787	6563	4923
154754912	0	3045	4782	6526	4914
154755011	0	3125	4829	6535	4932
154755112	0	3041	4773	6582	4937
154755213	0	3120	4815	6540	4895
154755312	0	3055	4839	6568	4881
154755412	0	3050	4825	6535	4928
154755512	0	3027	4810	6531	4890
154755613	0	3059	4862	6521	4914
154755713	0	3143	4754	6517	4848
154755811	0	3120	4773	6549	4946
154755912	0	3129	4848	6502	4886
154756011	0	3059	4848	6517	4932
154756112	0	3059	4862	6502	4890
154756214	0	3120	4834	6512	4928
154756312	0	3148	4839	6568	4876
154756411	0	3055	4787	6559	4923
154756511	0	3050	4848	6507	4862
154756611	0	3116	4773	6535	4904
154756711	0	3106	4834	6549	4871
154756812	0	3022	4848	6549	4853
154756911	0	3106	4857	6549	4909
154757011	0	3102	4857	6582	4932
154757112	0	3069	4881	6545	4904
154757211	0	3106	4853	6540	4881
154757312	0	3027	4843	6568	4904
154757412	0	3073	4806	6521	4853
154757516	0	3106	4773	6549	4946
154757612	0	3031	4801	6526	4961
154757712	0	3120	4778	6531	4965
154757811	0	3069	4871	6526	4946
154757914	0	3045	4782	6554	4932
154758013	0	3106	4834	6498	4946
154758211	0	3031	4806	6502	4914
154758312	0	3050	4834	6540	4853
154758411	0	3106	4820	6554	4881
154758511	0	3120	4881	6517	4876
154758613	0	3116	4834	6573	4937
154758711	0	3102	4871	6573	4937
154758814	0	3045	4792	6526	4871
154758913	0	3106	4853	6521	4914
154759011	0	3111	4848	6517	4918
154759311	0	3116	4848	6512	4886
154759412	0	3134	4764	6540	4914
154759512	0	3111	4829	6531	4890
154759611	0	3120	4796	6488	4871
154759712	0	3106	4773	6554	4871
154759812	0	3078	4792	6549	4871
154759911	0	3106	4843	6554	4890
154800012	0	3008	4839	6531	4904
154800111	0	3008	4787	6559	4867
154800212	0	3106	4806	6549	4937
154800312	0	3064	4848	6507	4857
154800411	0	3055	4810	6512	4942
154800511	0	3073	4782	6507	4871
154800612	0	3138	4839	6540	4900
154800712	0	3083	4782	6563	4876
154800811	0	3102	4825	6573	4932
154800911	0	3120	4820	6512	4942
154801012	0	3116	4773	6535	4914
154801111	0	3143	4782	6512	4918
154801211	0	3097	4862	6540	4918
154801312	0	3027	4801	6563	4932
154801411	0	2975	4792	6540	4923
154801511	0	3138	4782	6563	4867
154801616	0	3059	4829	6531	4965
154801712	0	3134	4768	6502	4961
154801811	0	3031	4853	6540	4909
154801911	0	3116	4787	6554	4914
154802011	0	3106	4750	6521	4904
154802111	0	3003	4857	6573	4886
154802212	0	3022	4871	6563	4904
154802311	0	3022	4745	6549	4890
154802411	0	3008	4810	6578	4914
154802512	0	3120	4839	6601	4900
154802611	0	3083	4857	6587	4886
154802712	0	3097	4843	6521	4942
154802812	0	3022	4843	6535	4951
154802911	0	3012	4764	6531	4918
154803011	0	3050	4843	6559	4946
154803111	0	3008	4782	6540	4932
154803212	0	3045	4853	6517	4923
154803311	0	3088	4810	6531	4937
154803411	0	3106	4796	6545	4937
154803511	0	2980	4867	6545	4909
154803611	0	3092	4839	6582	4937
154803712	0	3073	4834	6540	4965
154803811	0	3036	4815	6563	4881
154803911	0	3120	4792	6578	4932
154804011	0	3022	4768	6578	4918
154804111	0	3106	4843	6545	4937
154804211	0	3036	4782	6507	4928
154804311	0	3120	4787	6531	4914
154804411	0	3050	4853	6545	4895
154804511	0	3017	4886	6535	4886
154804611	0	3003	4815	6540	4946
154804712	0	3036	4810	6540	4928
154804811	0	3073	4853	6498	4848
154804912	0	3092	4848	6559	4909
154805012	0	3120	4796	6568	4928
154805111	0	3022	4857	6507	4890
154805211	0	3120	4853	6521	4932
154805311	0	3059	4839	6521	4946
154805412	0	3106	4848	6573	4937
154805512	0	3088	4867	6554	4909
154805611	0	3055	4792	6521	4876
154805716	0	3120	4829	6512	4946
154805811	0	3106	4782	6563	4853
154805911	0	3036	4787	6521	4890
154806011	0	3125	4773	6531	4857
154806112	0	3124	4876	6549	4890
154806212	0	3111	4768	6493	4881
154806311	0	3129	4867	6493	4932
154806411	0	3106	4867	6517	4932
154806511	0	3120	4778	6498	4881
154806612	0	3111	4806	6545	4900
154806711	0	3125	4792	6521	4989
154806811	0	3059	4768	6512	4867
154806911	0	3036	4862	6526	4881
154807011	0	3116	4862	6563	4904
154807111	0	3106	4829	6526	4937
154807211	0	3102	4768	6517	4876
154807312	0	3059	4867	6554	4876
154807411	0	3120	4848	6517	4895
154807512	0	3083	4782	6493	4876
154807611	0	3017	4843	6540	4886
154807712	0	2980	4787	6578	4951
154807811	0	3073	4815	6554	4900
154807912	0	3088	4796	6549	4881
154808011	0	3045	4787	6554	4928
154808111	0	3129	4857	6507	4890
154808211	0	3031	4825	6563	4867
154808311	0	3129	4829	6512	4923
154808411	0	3097	4773	6526	4876
154808512	0	3125	4787	6502	4956
154808612	0	3102	4848	6521	4928
154808712	0	3097	4806	6554	4881
154808811	0	3120	4778	6526	4918
154808912	0	3078	4810	6545	4876
154809011	0	3120	4857	6545	4886
154809111	0	3078	4782	6531	4890
154809211	0	3138	4853	6531	4909
154809311	0	3106	4787	6526	4834
154809411	0	3120	4778	6531	4886
154809511	0	3097	4796	6549	4886
154809611	0	3116	4792	6507	4904
154809711	0	3106	4778	6512	4895
154809815	0	3102	4839	6493	4876
154809911	0	3031	4857	6545	4932
154810012	0	3106	4796	6493	4867
154810112	0	3102	4801	6526	4890
154810212	0	3125	4857	6507	4886
154810311	0	3041	4853	6526	4909
154810411	0	3022	4768	6521	4890
154810511	0	3143	4857	6535	4886
154810612	0	3138	4825	6573	4909
154810711	0	3036	4848	6535	4867
154810811	0	3045	4801	6545	4900
154810912	0	3106	4853	6498	4900
154811011	0	3073	4834	6540	4918
154811112	0	3106	4843	6521	4956
154811212	0	3078	4768	6507	4890
154811311	0	3134	4839	6493	4932
154811411	0	3111	4801	6521	4928
154811512	0	3120	4857	6507	4946
154811611	0	3120	4853	6484	4914
154811711	0	3102	4834	6545	4932
154811811	0	3073	4754	6517	4890
154811912	0	3045	4862	6456	4900
154812012	0	3111	4862	6502	4871
154812111	0	3120	4848	6512	4900
154812211	0	3027	4820	6563	4946
154812312	0	3078	4876	6512	4895
154812411	0	3064	4862	6502	4867
154812511	0	3134	4796	6563	4886
154812611	0	3120	4867	6507	4900
154812711	0	3064	4839	6535	4928
154812811	0	3092	4773	6531	4904
154812911	0	3111	4862	6559	4914
154813012	0	3102	4815	6535	4904
154813111	0	3120	4782	6521	4895
154813212	0	3134	4792	6540	4876
154813311	0	3125	4862	6535	4871
154813412	0	3153	4853	6517	4876
154813511	0	3069	4773	6545	4881
154813611	0	3124	4857	6498	4890
154813711	0	3069	4815	6526	4867
154813812	0	3106	4857	6545	4862
154813915	0	3120	4778	6563	4862
154814011	0	2994	4857	6512	4909
154814111	0	3017	4839	6465	4886
154814211	0	2989	4829	6488	4900
154814312	0	3073	4839	7936	4904
154814411	0	2980	4773	6985	4956
154814511	0	3102	4843	6976	4918
154814611	0	3083	4825	6906	4876
154814711	0	2998	4787	6896	4909
154814812	0	3045	4853	6807	4890
154814911	0	3045	4782	6821	4890
154815012	0	3097	4778	6859	4839
154815112	0	3045	4754	6793	4853
154815211	0	3064	4768	6681	4900
154815311	0	3022	4820	6681	4867
154815411	0	3059	4787	6638	4876
154815511	0	3055	4820	6638	4904
154815611	0	3022	4839	6709	4876
154815712	0	3092	4778	6699	4918
154815811	0	3097	4857	6638	4900
154815911	0	3120	4857	6695	4871
154816011	0	3111	4857	6638	4918
154816111	0	3050	4843	6662	4867
154816211	0	3045	4853	6690	4881
154816311	0	3111	4806	6681	4895
154816411	0	3045	4825	6587	4871
154816512	0	3050	4857	6634	4904
154816611	0	3012	4806	6582	4881
154816711	0	3041	4834	6676	4867
154816812	0	3102	4839	6624	4909
154816911	0	3106	4801	6653	4881
154817011	0	3064	4796	6582	4900
154817111	0	3031	4862	6559	4900
154817211	0	3059	4782	6535	4895
154817311	0	3064	4834	6531	4895
154817411	0	3083	4853	6563	4904
154817511	0	3041	4750	6606	4886
154817612	0	3092	4778	6563	4909
154817712	0	3036	4834	6563	4839
154817811	0	3124	4806	6559	4848
154817912	0	3102	4862	6634	4867
154818015	0	3073	4782	6596	4876
154818111	0	3111	4768	6610	4928
154818211	0	3083	4829	6610	4932
154818312	0	3036	4787	6587	4886
154818412	0	3092	4876	6610	4914
154818511	0	3027	4853	6554	4853
154818611	0	3041	4848	6592	4904
154818711	0	3083	4773	6606	4937
154818811	0	3124	4768	6563	4918
154818911	0	3124	4810	6596	4932
154819011	0	2998	4839	6582	4900
154819111	0	3059	4876	6582	4900
154819211	0	3078	4787	6582	4871
154819311	0	2989	4857	6559	4918
154819412	0	3106	4843	6592	4862
154819511	0	3120	4787	6549	4923
154819611	0	3022	4796	6606	4923
154819711	0	3120	4815	6563	4867
154819812	0	3106	4810	6563	4867
154819911	0	3148	4839	6563	4890
154820011	0	3050	4796	6559	4862
154820111	0	3017	4787	6545	4904
154820212	0	3050	4796	6563	4918
154820311	0	3022	4778	6596	4918
154820411	0	3116	4829	6578	4923
154820511	0	3092	4862	6549	4923
154820611	0	3116	4806	6578	4928
154820711	0	3102	4768	6587	4909
154820812	0	3124	4773	6582	4918
154820911	0	3069	4778	6563	4900
154821211	0	3129	4810	6512	4848
154821311	0	3102	4810	6568	4937
154821412	0	3069	4768	6596	4895
154821511	0	3041	4782	6592	4886
154821612	0	3106	4778	6596	4895
154821711	0	3111	4853	6601	4862
154821811	0	3045	4853	6559	4900
154821911	0	3102	4815	6502	4951
154822012	0	3064	4778	6592	4886
154822115	0	3041	4867	6592	4914
154822212	0	3012	4834	6592	4867
154822311	0	3064	4810	6620	4890
154822411	0	3003	4825	6517	4904
154822512	0	3088	4810	6573	4923
154822611	0	3064	4843	6549	4890
154822711	0	3116	4853	6610	4886
154822811	0	3116	4759	6568	4876
154822911	0	3097	4820	6549	4876
154823011	0	3012	4853	6559	4914
154823111	0	3064	4857	6582	4862
154823212	0	3027	4764	6568	4862
154823312	0	3125	4768	6601	4909
154823411	0	3050	4862	6587	4904
154823511	0	3050	4773	6610	4886
154823611	0	3120	4773	6578	4843
154823711	0	3027	4796	6568	4881
154823811	0	3050	4801	6554	4923
154823911	0	3092	4829	6573	4886
154824011	0	3083	4778	6559	4876
154824111	0	3069	4829	6568	4928
154824215	0	3017	4796	6610	4909
154824311	0	3120	4815	6587	4914
154824411	0	3045	4801	6545	4886
154824511	0	3045	4839	6554	4853
154824611	0	3125	4862	6582	4900
154824711	0	3003	4796	6592	4900
154824811	0	3031	4862	6629	4904
154824911	0	3041	4768	6507	4909
154825011	0	3031	4796	6512	4848
154825111	0	3022	4773	6559	4900
154825211	0	3050	4857	6531	4909
154825311	0	3125	4787	6493	4876
154825411	0	3120	4862	6531	4843
154825511	0	3036	4829	6559	4909
154825611	0	3069	4839	6531	4857
154825711	0	3036	4848	6488	4881
154825811	0	3031	4825	6512	4900
154825911	0	3125	4843	6545	4890
154826011	0	3106	4843	6596	4886
154826111	0	3120	4829	6540	4857
154826211	0	3027	4796	6521	4904
154826311	0	3027	4773	6592	4890
154826411	0	3059	4848	6540	4871
154826511	0	3059	4801	6545	4946
154826611	0	3088	4764	6559	4876
154826711	0	3069	4857	6596	4895
154826811	0	3008	4806	6568	4904
154826911	0	3092	4764	6596	4904
154827011	0	3088	4829	6573	4895
154827111	0	3055	4834	6540	4942
154827211	0	3134	4848	6545	4900
154827311	0	3083	4796	6545	4881
154827411	0	3120	4839	6507	4867
154827511	0	3036	4796	6507	4886
154827613	0	3120	4857	6441	4853
154827711	0	3031	4778	6470	4890
154827811	0	3120	4834	6409	4881
154827911	0	3097	4848	6437	4909
154828011	0	3106	4839	6427	4895
154828111	0	3111	4843	6437	4909
154828211	0	3050	4834	6409	4914
154828315	0	3027	4857	6399	4871
154828411	0	3120	4759	6371	4853
154828511	0	3106	4839	6437	4871
154828611	0	3036	4787	6399	4895
154828711	0	3022	4764	6395	4857
154828811	0	3102	4764	6460	4937
154828911	0	3003	4834	6427	4862
154829011	0	3031	4773	6460	4862
154829111	0	3125	4759	6465	4881
154829211	0	3120	4773	6512	4871
154829311	0	3055	4806	6549	4886
154829411	0	3111	4825	6474	4900
154829511	0	3124	4820	6587	4886
154829611	0	3124	4782	6638	4928
154829711	0	3059	4782	6624	4928
154829811	0	3041	4839	6681	4904
154829911	0	3078	4801	6610	4900
154830011	0	3008	4839	6624	4862
154830111	0	3069	4834	6606	4918
154830211	0	3116	4810	6610	4881
154830311	0	3111	4843	6634	4904
154830411	0	3059	4773	6610	4890
154830511	0	3059	4778	6634	4900
154830611	0	3097	4829	6643	4951
154830711	0	3055	4796	6568	4890
154830811	0	3120	4871	6606	4928
154830911	0	3069	4829	6615	4881
154831011	0	3059	4815	6563	4928
154831111	0	3153	4764	6563	4918
154831211	0	3120	4778	6634	4867
154831311	0	3120	4806	6610	4951
154831411	0	3022	4843	6592	4937
154831511	0	3017	4778	6638	4923
154831611	0	3124	4796	6610	4946
154831711	0	3148	4787	6592	4862
154831811	0	3120	4853	6638	4946
154831911	0	3102	4848	6587	4951
154832011	0	3012	4778	6601	4965
154832111	0	3003	4857	6606	4909
154832211	0	3069	4792	6573	4951
154832311	0	3027	4848	6582	4881
154832415	0	3125	4862	6638	4895
154832511	0	3134	4801	6592	4909
154832611	0	3125	4843	6620	4900
154832711	0	3045	4782	6582	4918
154832811	0	3050	4801	6606	4918
154832911	0	3143	4839	6601	4928
154833011	0	3129	4834	6638	4909
154833111	0	3134	4857	6601	4895
154833211	0	3064	4843	6568	4914
154833311	0	3050	4825	6582	4909
154833411	0	3022	4829	6549	4895
154833511	0	3031	4801	6578	4942
154833611	0	3055	4815	6601	4895
154833711	0	3078	4848	6596	4909
154833811	0	3027	4829	6563	4937
154833911	0	3106	4853	6563	4942
154834011	0	3106	4848	6615	4942
154834111	0	3078	4806	6657	4904
154834211	0	3036	4792	6587	4862
154834312	0	3027	4806	6620	4918
154834411	0	3120	4857	6601	4895
154834511	0	3069	4787	6535	4876
154834611	0	3031	4792	6578	4881
154834711	0	3106	4825	6559	4932
154834811	0	3102	4829	6512	4923
154834911	0	3083	4857	6596	4895
154835011	0	3125	4834	6559	4932
154835211	0	3027	4778	6521	4904
154835311	0	3120	4843	6601	4862
154835411	0	3111	4773	6554	4909
154835511	0	3059	4782	6540	4895
154835611	0	3078	4792	6535	4918
154835711	0	3106	4848	6563	4862
154835811	0	3106	4839	6578	4909
154835911	0	3073	4829	6610	4909
154836011	0	3027	4820	6587	4862
154836111	0	3106	4843	6596	4895
154836211	0	3073	4773	6559	4881
154836311	0	3134	4782	6582	4886
154836411	0	3125	4773	6653	4904
154836515	0	3036	4843	6634	4876
154836611	0	3073	4862	6606	4904
154836711	0	3106	4806	6601	4923
154836811	0	3097	4820	6610	4900
154836911	0	3088	4848	6568	4914
154837011	0	3097	4768	6798	4895
154837111	0	3012	4787	6493	4904
154837211	0	3017	4848	6803	4914
154837311	0	3022	4773	6451	4918
154837411	0	3003	4857	6498	4914
154837511	0	3102	4750	6559	4890
154837611	0	3027	4773	6892	4918
154837711	0	3008	4834	6779	4900
154837811	0	3022	4792	6385	4867
154837911	0	3050	4834	7135	4900
154838011	0	3050	4857	6831	4862
154838111	0	3106	4806	6404	4862
154838211	0	3012	4773	6409	4881
154838311	0	3064	4848	6441	4900
154838411	0	3125	4857	6413	4895
154838517	0	3116	4839	6456	4867
154838611	0	2961	4853	6427	4928
154838811	0	2961	4773	6479	4886
154838911	0	3125	4806	6531	4900
154839011	0	3036	4857	6793	4871
154839111	0	3143	4829	6484	4839
154839211	0	2989	4759	6512	4895
154839311	0	3059	4820	6578	4904
154839411	0	2994	4834	6521	4900
154839511	0	2980	4806	6559	4848
154839611	0	3008	4867	6498	4886
154839711	0	3031	4773	6479	4909
154839811	0	3116	4782	6512	4881
154839911	0	3088	4768	6526	4876
154840011	0	3088	4792	6545	4862
154840111	0	3045	4778	6648	4951
154840211	0	3064	4759	6648	4848
154840311	0	3120	4839	6559	4904
154840411	0	3073	4853	6563	4876
154840511	0	3073	4806	6549	4867
154840615	0	3120	4792	6521	4853
154840710	0	3102	4862	6629	4904
154840811	0	3045	4764	6629	4853
154840911	0	3106	4787	6568	4886
154841011	0	3120	4801	6554	4871
154841111	0	3120	4839	6554	4881
154841211	0	3125	4853	6624	4876
154841311	0	3125	4792	6610	4881
154841411	0	3120	4778	6596	4871
154841511	0	3017	4853	6545	4900
154841611	0	3111	4834	6610	4881
154841711	0	3116	4778	6620	4867
154841811	0	3120	4810	6624	4867
154841911	0	3045	4764	6610	4876
154842011	0	3036	4839	6587	4928
154842111	0	3102	4834	6606	4810
154842211	0	3017	4782	6601	4876
154842311	0	3059	4806	6517	4914
154842411	0	3069	4839	6559	4900
154842511	0	3041	4839	6563	4923
154842611	0	3050	4843	6573	4918
154842711	0	3120	4778	6535	4923
154842811	0	3111	4815	6568	4895
154842911	0	3017	4848	6601	4937
154843011	0	3064	4825	6540	4900
154843111	0	2984	4815	6545	4886
154843210	0	3064	4829	6521	4942
154843311	0	3125	4782	6540	4848
154843411	0	3120	4829	6531	4890
154843511	0	3088	4768	6488	4956
154843611	0	3012	4839	6502	4928
154843711	0	3064	4834	6517	4825
154843811	0	3078	4778	6517	4834
154843911	0	3017	4834	6531	4900
154844011	0	3102	4768	6521	4862
154844111	0	3120	4843	6493	4857
154844211	0	3116	4787	6474	4862
154844311	0	3012	4782	6507	4895
154844411	0	3050	4825	6484	4942
154844511	0	3031	4862	6512	4928
154844611	0	3050	4815	6493	4871
154844715	0	3116	4801	6498	4937
154844811	0	3022	4839	6545	4867
154844911	0	3031	4754	6479	4909
154845011	0	3088	4843	6498	4928
154845111	0	3055	4829	6498	4871
154845211	0	3073	4801	6526	4904
154845311	0	3041	4848	6484	4895
154845411	0	3125	4825	6488	4900
154845511	0	3036	4792	6493	4867
154845611	0	3041	4848	6493	4923
154845711	0	3088	4848	6493	4904
154845811	0	3088	4782	6507	4825
154845911	0	3097	4768	6517	4848
154846011	0	3083	4843	6479	4886
154846111	0	3097	4853	6521	4946
154846211	0	3078	4787	6498	4853
154846311	0	3092	4778	6517	4909
154846411	0	3120	4778	6498	4937
154846511	0	3045	4839	6549	4900
154846611	0	3069	4825	6554	4904
154846711	0	3027	4867	6578	4871
154846811	0	3111	4787	6601	4890
154846911	0	3031	4853	6512	4881
154847011	0	3031	4773	6517	4890
154847110	0	3027	4825	6488	4909
154847211	0	3092	4829	6456	4881
154847311	0	3036	4867	6488	4909
154847410	0	3050	4848	6460	4909
154847511	0	3106	4839	6502	4904
154847611	0	3083	4787	6498	4923
154847710	0	3083	4848	6498	4895
154847811	0	3031	4839	6512	4871
154847911	0	3116	4853	6517	4909
154848011	0	3012	4782	6521	4900
154848111	0	3050	4820	6587	4914
154848211	0	3111	4787	6582	4928
154848311	0	3073	4862	6521	4942
154848411	0	3106	4867	6526	4937
154848511	0	3124	4787	6531	4886
154848611	0	3111	4792	6535	4914
154848711	0	3073	4773	6535	4886
154848815	0	3073	4853	6545	4914
154848911	0	3120	4857	6563	4914
154849011	0	3078	4778	6545	4857
154849111	0	3138	4810	6554	4932
154849211	0	3120	4857	6535	4937
154849311	0	3050	4853	6568	4914
154849611	0	3124	4820	6517	4867
154849711	0	3003	4871	6531	4904
154849811	0	3129	4839	6484	4923
154849911	0	3073	4843	6521	4965
154850011	0	3199	4857	6521	4900
154850111	0	3022	4815	6484	4881
154850211	0	3097	4787	6549	4890
154850311	0	3120	4801	6592	4928
154850411	0	3050	4857	6540	4942
154850511	0	3106	4853	6554	4942
154850611	0	3092	4843	6601	4928
154850711	0	3008	4857	6517	4881
154850811	0	3116	4853	6573	4932
154850911	0	3111	4834	6559	4914
154851011	0	3134	4782	6535	4909
154851111	0	3088	4801	6470	4904
154851211	0	3031	4834	6596	4937
154851311	0	3027	4810	6535	4942
154851410	0	3073	4853	6573	4876
154851510	0	3045	4853	6493	4942
154851611	0	3045	4839	6540	4932
154851711	0	3153	4778	6554	4914
154851811	0	3041	4810	6554	4918
154851911	0	3059	4792	6540	4876
154852011	0	3073	4853	6507	4946
154852111	0	3041	4843	6573	4900
154852211	0	3083	4810	6493	4904
154852311	0	3106	4792	6549	4871
154852411	0	3106	4834	6568	4904
154852510	0	3111	4820	6540	4904
154852611	0	3116	4806	6502	4881
154852711	0	3106	4834	6493	4918
154852810	0	3022	4792	6568	4871
154852915	0	3111	4848	6582	4895
154853010	0	3120	4839	6545	4928
154853111	0	2984	4825	6549	4900
154853211	0	3111	4801	6545	4876
154853311	0	3120	4810	6535	4890
154853410	0	3102	4773	6535	4914
154853513	0	3073	4839	6498	4937
154853611	0	3045	4792	6531	4890
154853711	0	3111	4871	6517	4876
154853811	0	3031	4764	6521	4867
154853910	0	3102	4773	6521	4937
154854011	0	3092	4857	6554	4895
154854110	0	3106	4778	6554	4876
154854211	0	3078	4778	6568	4942
154854311	0	3017	4768	6549	4876
154854410	0	3012	4768	6498	4900
154854511	0	3111	4862	6526	4904
154854611	0	3111	4806	6526	4890
154854711	0	3083	4843	6493	4890
154854811	0	3083	4862	6521	4928
154854910	0	3116	4806	6507	4876
154855011	0	3106	4834	6531	4942
154855110	0	3008	4796	6526	4857
154855211	0	3162	4862	6493	4886
154855310	0	3129	4857	6535	4890
154855411	0	3134	4839	6540	4904
154855510	0	3064	4843	6545	4923
154855610	0	3083	4820	6526	4900
154855711	0	3022	4773	6526	4890
154855811	0	3120	4843	6549	4918
154855911	0	3134	4792	6512	4886
154856011	0	3125	4825	6512	4895
154856110	0	3031	4806	6545	4867
154856211	0	3045	4848	6531	4890
154856310	0	3125	4857	6563	4942
154856411	0	3059	4792	6535	4886
154856511	0	3120	4773	6531	4853
154856611	0	3041	4778	6545	4937
154856711	0	3120	4796	6479	4886
154856810	0	3083	4768	6484	4923
154856911	0	3125	4792	6507	4923
154857015	0	3111	4862	6554	4867
154857111	0	3012	4820	6526	4871
154857211	0	3045	4782	6531	4886
154857311	0	3022	4796	6545	4848
154857411	0	3059	4806	6517	4886
154857511	0	3106	4768	6582	4890
154857611	0	3036	4829	6554	4853
154857710	0	3120	4801	6517	4909
154857811	0	3092	4782	6531	4909
154857911	0	3102	4806	6563	4867
154858011	0	3041	4768	6531	4932
154858111	0	3050	4834	6498	4857
154858211	0	3097	4778	6531	4900
154858310	0	3125	4839	6563	4900
154858411	0	3106	4843	6540	4918
154858511	0	3116	4839	6549	4890
154858611	0	3111	4815	6531	4914
154858710	0	3097	4834	6582	4942
154858811	0	3106	4862	6517	4886
154858911	0	3036	4839	6573	4932
154859011	0	3064	4778	6573	4886
154859111	0	3078	4773	6535	4890
154859211	0	3111	4843	6568	4928
154859310	0	3064	4773	6535	4900
154859410	0	3106	4768	6540	4918
154859511	0	3088	4829	6517	4904
154859611	0	3055	4782	6559	4904
154859711	0	3088	4782	6540	4914
154859811	0	3073	4857	6540	4928
154859910	0	3088	4768	6568	4848
154900011	0	3059	4853	6554	4886
154900111	0	3027	4773	6526	4914
154900211	0	3078	4815	6502	4918
154900311	0	3088	4810	6540	4895
154900411	0	3111	4764	6573	4918
154900511	0	3083	4782	6531	4918
154900611	0	3120	4853	6545	4881
154900711	0	3116	4782	6545	4890
154900811	0	3125	4801	6535	4881
154900911	0	3050	4801	6540	4876
154901010	0	3106	4853	6531	4876
154901115	0	3036	4768	6559	4871
154901211	0	3102	4820	6554	4900
154901311	0	3124	4834	6563	4923
154901411	0	3111	4857	6592	4914
154901511	0	3120	4857	6592	4918
154901610	0	3045	4806	6563	4909
154901711	0	3008	4815	6535	4900
154901811	0	3124	4848	6620	4871
154901911	0	3036	4787	6554	4876
154902011	0	3069	4829	6554	4904
154902111	0	3008	4867	6582	4890
154902211	0	3036	4867	6573	4904
154902311	0	3036	4806	6549	4914
154902410	0	3129	4796	6535	4900
154902511	0	3124	4843	6596	4937
154902610	0	3059	4839	6526	4895
154902711	0	3124	4820	6568	4881
154902811	0	3125	4764	6545	4937
154902910	0	3050	4796	6563	4918
154903010	0	3125	4801	6563	4904
154903111	0	3022	4857	6549	4914
154903211	0	3124	4867	6568	4961
154903311	0	3125	4867	6531	4961
154903411	0	3027	4839	6615	4876
154903511	0	3111	4853	6531	4904
154903611	0	3078	4820	6573	4895
154903710	0	3059	4778	6526	4923
154903811	0	3041	4801	6601	4848
154903911	0	3120	4806	6531	4942
154904011	0	3120	4862	6568	4932
154904111	0	3092	4787	6531	4909
154904211	0	3097	4815	6610	4932
154904310	0	3102	4815	6629	4900
154904411	0	3008	4792	6615	4923
154904511	0	2998	4843	6629	4886
154904611	0	3050	4820	6629	4886
154904711	0	3017	4810	6592	4937
154904811	0	3055	4782	6540	4918
154904910	0	3031	4778	6545	4895
154905011	0	2994	4806	6596	4928
154905110	0	3027	4820	6601	4923
154905213	0	3003	4778	6568	4937
154905311	0	2994	4857	6535	4923
154905411	0	3027	4810	6549	4886
154905511	0	3064	4839	6526	4890
154905611	0	3120	4843	6521	4932
154905711	0	3045	4796	6549	4914
154905810	0	3125	4787	6531	4932
154905911	0	3050	4839	6531	4895
154906011	0	3092	4773	6521	4923
154906111	0	3106	4862	6498	4961
154906211	0	3008	4820	6540	4951
154906311	0	3102	4867	6493	4932
154906411	0	3134	4834	6545	4942
154906511	0	3102	4778	6545	4900
154906610	0	3031	4778	6554	4881
154906711	0	3041	4792	6545	4895
154906811	0	3125	4853	6549	4895
154906911	0	3120	4792	6549	4909
154907011	0	3106	4848	6559	4928
154907111	0	3083	4778	6512	4904
154907210	0	3124	4848	6540	4909
154907311	0	3083	4787	6535	4900
154907410	0	3092	4829	6535	4937
154907510	0	3083	4782	6535	4914
154907610	0	3059	4796	6549	4923
154907711	0	3120	4839	6592	4886
154907810	0	3003	4782	6554	4942
154907911	0	3012	4871	6545	4942
154908010	0	3059	4810	6531	4942
154908111	0	3106	4792	6545	4890
154908210	0	3036	4773	6535	4956
154908311	0	3116	4806	6512	4895
154908410	0	3162	4782	6554	4951
154908511	0	3138	4792	6465	4909
154908611	0	3059	4768	6456	4918
154908710	0	3059	4871	6512	4890
154908811	0	3116	4810	6502	4909
154908910	0	3059	4796	6484	4886
154909010	0	3106	4834	6498	4914
154909111	0	3120	4778	6535	4881
154909211	0	3041	4857	6507	4961
154909313	0	3125	4857	6517	4900
154909410	0	3064	4815	6540	4881
154909511	0	3012	4843	6488	4900
154909611	0	3129	4867	6606	4895
154909710	0	3083	4782	6540	4876
154909811	0	3027	4815	6517	4937
154909910	0	3125	4862	6563	4871
154910010	0	3125	4829	6521	4876
154910110	0	3120	4843	6521	4886
154910210	0	3111	4796	6535	4843
154910310	0	3078	4787	6554	4914
154910411	0	3120	4806	6512	4928
154910510	0	3111	4857	6540	4843
154910611	0	3055	4787	6507	4890
154910711	0	3102	4839	6517	4909
154910810	0	3031	4825	6517	4918
154910910	0	3106	4810	6554	4914
154911011	0	3008	4787	6578	4932
154911111	0	3036	4796	6531	4923
154911211	0	3045	4843	6526	4886
154911310	0	3088	4834	6517	4928
154911411	0	3120	4867	6526	4923
154911511	0	3129	4839	6526	4904
154911611	0	3134	4848	6498	4867
154911711	0	3059	4843	6502	4951
154911810	0	3120	4862	6521	4932
154911911	0	3064	4829	6493	4914
154912010	0	3116	4848	6479	4876
154912111	0	3120	4825	6423	4895
154912211	0	3120	4843	6470	4909
154912310	0	2998	4829	6423	4946
154912411	0	3003	4839	6432	4946
154912510	0	3050	4848	6493	4951
154912610	0	3120	4768	6526	4839
154912711	0	3124	4876	6446	4886
154912810	0	3143	4848	6418	4890
154912911	0	3073	4834	6465	4867
154913010	0	3041	4773	6409	4918
154913110	0	3138	4848	6470	4857
154913210	0	3069	4853	6465	4848
154913310	0	3138	4848	6446	4876
154913412	0	3148	4778	6484	4900
154913511	0	3138	4857	6446	4900
154913611	0	3069	4801	6451	4942
154913711	0	3088	4857	6474	4923
154913810	0	3148	4792	6451	4871
154913910	0	3069	4796	6427	4900
154914010	0	3176	4820	6451	4890
154914110	0	3041	4839	6460	4895
154914210	0	3017	4820	6474	4890
154914411	0	3036	4815	6441	4900
154914511	0	3162	4764	6432	4914
154914611	0	3148	4834	6441	4923
154914711	0	3120	4750	6437	4914
154914811	0	3106	4839	6437	4979
154914910	0	3124	4768	6456	4923
154915010	0	3162	4810	6470	4914
154915110	0	3134	4862	6451	4970
154915210	0	3120	4871	6470	4871
154915310	0	3059	4843	6418	4900
154915410	0	3027	4839	6432	4895
154915510	0	3111	4796	6418	4961
154915611	0	3069	4778	6413	4914
154915711	0	3106	4829	6451	4904
154915810	0	3134	4806	6427	4871
154915910	0	3120	4792	6437	4900
154916010	0	3097	4764	6479	4932
154916110	0	3064	4857	6432	4914
154916211	0	3073	4853	6451	4914
154916310	0	3129	4862	6451	4942
154916410	0	3143	4820	6437	4932
154916511	0	3073	4787	6423	4946
154916610	0	3003	4810	6423	4904
154916711	0	3031	4848	6456	4890
154916811	0	3134	4787	6554	4923
154916911	0	3120	4801	6512	4942
154917011	0	3088	4857	6488	4909
154917110	0	3078	4782	6502	4867
154917211	0	3017	4782	6502	4918
154917311	0	3125	4801	6488	4932
154917411	0	3027	4862	6493	4946
154917512	0	3148	4806	6493	4900
154917610	0	3134	4764	6507	4918
154917710	0	3134	4787	6507	4871
154917810	0	3059	4806	6451	4904
154917910	0	3116	4853	6460	4961
154918011	0	3027	4782	6474	4871
154918111	0	3059	4862	6568	4914
154918210	0	3059	4801	6488	4900
154918311	0	3129	4848	6488	4932
154918411	0	3036	4815	6521	4886
154918511	0	3045	4778	6507	4918
154918610	0	3116	4848	6517	4881
154918711	0	3102	4848	6484	4909
154918810	0	3134	4848	6474	4904
154918910	0	3088	4829	6502	4928
154919010	0	3027	4778	6540	4918
154919111	0	3120	4815	6601	4876
154919210	0	3022	4825	6592	4914
154919309	0	3050	4839	6592	4914
154919412	0	3045	4843	6676	4932
154919508	0	3017	4853	6648	4881
154919609	0	3073	4825	6610	4937
154919711	0	3041	4768	6573	4862
154919810	0	3012	4834	6582	4904
154919908	0	3088	4853	6521	4932
154920008	0	3125	4810	6559	4871
154920111	0	3045	4886	6531	4871
154920208	0	3017	4829	6540	4928
154920310	0	2998	4778	6531	4857
154920408	0	3124	4759	6540	4886
154920509	0	3027	4806	6526	4886
154920608	0	3031	4867	6535	4942
154920710	0	3022	4787	6592	4942
154920808	0	2989	4853	6540	4886
154920908	0	3008	4825	6540	4909
154921009	0	3102	4853	6540	4932
154921111	0	3031	4768	6549	4890
154921210	0	3106	4834	6545	4886
154921308	0	3138	4862	6521	4946
154921410	0	3036	4843	6517	4867
154921509	0	3092	4848	6531	4886
154921613	0	3069	4834	6521	4918
154921708	0	3031	4848	6559	4961
154921809	0	3045	4792	6526	4867
154921908	0	3031	4792	6606	4886
154922008	0	3120	4820	6535	4900
154922108	0	3069	4810	6563	4876
154922211	0	3069	4792	6596	4876
154922311	0	3003	4796	6545	4937
154922408	0	3012	4810	6559	4876
154922509	0	3125	4778	6554	4918
154922608	0	3041	4810	6549	4895
154922710	0	3125	4848	6517	4918
154922808	0	3120	4848	6559	4867
154922909	0	3069	4848	6549	4909
154923008	0	3050	4825	6545	4909
154923108	0	3045	4848	6568	4895
154923210	0	3045	4782	6573	4951
154923308	0	3125	4853	6535	4876
154923409	0	3167	4843	6554	4876
154923508	0	3055	4867	6563	4881
154923610	0	3124	4796	6554	4900
154923709	0	3102	4768	6573	4886
154923811	0	3111	4810	6535	4876
154923910	0	3097	4848	6512	4895
154924008	0	3027	4857	6531	4867
154924108	0	3078	4815	6545	4904
154924209	0	3036	4773	6512	4886
154924309	0	3055	4787	6540	4881
154924409	0	3116	4834	6545	4900
154924509	0	3036	4853	6526	4890
154924609	0	3031	4843	6540	4862
154924708	0	3102	4843	6526	4900
154924809	0	3022	4839	6535	4871
154924908	0	3031	4764	6526	4900
154925009	0	3143	4815	6554	4900
154925109	0	3008	4853	6521	4890
154925208	0	3124	4792	6559	4937
154925309	0	3041	4829	6545	4900
154925409	0	3012	4810	6554	4909
154925509	0	3045	4867	6540	4942
154925608	0	3124	4782	6517	4932
154925713	0	3050	4773	6554	4886
154925808	0	3120	4834	6517	4937
154925908	0	3106	4862	6540	4928
154926008	0	3120	4782	6521	4923
154926108	0	3017	4796	6498	4918
154926209	0	3008	4801	6441	4900
154926309	0	3036	4796	6451	4923
154926408	0	3027	4843	6418	4900
154926508	0	3092	4815	6465	4932
154926608	0	3008	4787	6460	4970
154926708	0	3022	4815	6451	4871
154926808	0	3073	4796	6423	4871
154926909	0	3059	4862	6432	4900
154927008	0	3031	4876	6441	4871
154927108	0	3027	4778	6465	4909
154927209	0	3008	4792	6460	4890
154927309	0	3078	4862	6441	4895
154927408	0	3083	4796	6521	4904
154927508	0	3036	4853	6662	4871
154927608	0	3106	4764	6601	4904
154927708	0	3017	4820	6610	4914
154927809	0	3120	4782	6643	4895
154927908	0	3041	4764	6610	4853
154928008	0	3120	4857	6620	4820
154928108	0	3092	4848	6620	4970
154928209	0	3102	4834	6629	4928
154928309	0	3078	4810	6629	4895
154928408	0	3022	4750	6657	4918
154928509	0	3036	4810	6732	4900
154928609	0	3120	4792	6732	4965
154928708	0	3012	4759	6728	4876
154928809	0	3041	4825	6728	4928
154929008	0	3022	4792	6606	4895
154929108	0	3027	4801	6606	4928
154929208	0	3008	4806	6592	4937
154929308	0	3036	4839	6629	4895
154929408	0	3088	4867	6671	4881
154929508	0	3064	4778	6615	4895
154929609	0	3083	4848	6554	4951
154929708	0	2975	4773	6587	4928
154929813	0	3078	4750	6596	4914
154929908	0	3036	4787	6648	4904
154930008	0	3017	4839	6681	4909
154930109	0	3083	4773	6643	4923
154930209	0	3012	4782	6662	4909
154930309	0	3106	4787	6657	4937
154930409	0	3012	4810	6638	4900
154930508	0	3041	4834	6653	4900
154930609	0	3120	4867	6648	4932
154930708	0	3045	4829	6653	4909
154930808	0	3078	4857	6643	4890
154930909	0	3092	4810	6638	4853
154931009	0	2994	4810	6634	4886
154931108	0	3078	4792	6638	4932
154931208	0	3083	4876	6662	4886
154931309	0	3069	4768	6620	4914
154931409	0	3064	4848	6615	4900
154931508	0	3055	4810	6568	4876
154931608	0	3059	4768	6610	4942
154931709	0	3017	4796	6610	4918
154931808	0	3078	4857	6545	4918
154931908	0	2984	4782	6493	4914
154932008	0	2989	4768	6549	4951
154932108	0	3031	4834	6643	4970
154932208	0	3008	4857	6643	4961
154932309	0	3017	4796	6624	4932
154932409	0	2980	4792	6606	4876
154932509	0	2984	4815	6662	4914
154932609	0	2984	4843	6676	4900
154932708	0	3022	4857	6695	4886
154932808	0	3036	4825	6699	4918
154932908	0	3003	4839	6695	4900
154933008	0	3041	4778	6648	4914
154933108	0	3102	4857	6568	4914
154933208	0	3055	4829	6559	4886
154933308	0	3078	4839	6578	4979
154933408	0	3064	4820	6624	4956
154933508	0	3059	4801	6634	4909
154933609	0	3078	4820	6587	4951
154933708	0	3017	4820	6610	4961
154933808	0	3088	4806	6606	4937
154933912	0	3064	4867	6592	4979
154934009	0	2998	4839	6601	4932
154934108	0	3102	4782	6624	4918
154934209	0	2998	4815	6657	4918
154934309	0	3102	4843	6629	4932
154934408	0	3003	4806	6624	4886
154934509	0	3036	4820	6657	4965
154934608	0	3078	4810	6624	4942
154934708	0	2994	4806	6606	4961
154934808	0	3088	4778	6592	4900
154934909	0	3017	4843	6587	4965
154935009	0	3027	4796	6587	4951
154935108	0	3027	4848	6667	4900
154935209	0	3078	4778	6624	4900
154935308	0	3102	4792	6634	4946
154935408	0	3059	4806	6681	4956
154935509	0	3111	4853	6620	4895
154935609	0	2989	4839	6624	4946
154935708	0	2989	4839	6643	4942
154935808	0	3036	4801	6648	4909
154935908	0	3069	4782	6620	4900
154936009	0	3022	4810	6624	4975
154936109	0	3008	4848	6620	4928
154936208	0	3027	4848	6638	4857
154936308	0	3092	4848	6596	4928
154936409	0	3012	4796	6615	4904
154936509	0	2998	4876	6643	4909
154936608	0	3017	4848	6624	4895
154936709	0	3092	4801	6620	4932
154936808	0	3031	4867	6620	4928
154936909	0	3012	4834	6592	4904
154937008	0	3064	4839	6615	4937
154937109	0	3102	4857	6620	4900
154937208	0	3045	4839	6582	4857
154937309	0	2989	4796	6606	4923
154937408	0	3050	4848	6587	4932
154937508	0	3031	4862	6606	4909
154937608	0	3041	4839	6643	4900
154937708	0	3045	4801	6634	4932
154937808	0	2994	4834	6620	4928
154937909	0	3055	4853	6634	4918
154938013	0	3003	4778	6671	4923
154938108	0	3036	4801	6714	4890
154938209	0	3031	4806	6638	4942
154938308	0	3092	4853	6629	4895
154938409	0	3078	4867	6634	4895
154938508	0	3017	4782	6629	4890
154938608	0	3031	4839	6596	4914
154938708	0	3031	4787	6638	4904
154938808	0	3036	4848	6643	4890
154938908	0	3078	4820	6629	4871
154939009	0	3041	4810	6681	4900
154939109	0	2998	4834	6634	4900
154939208	0	3088	4867	6615	4914
154939308	0	3036	4754	6751	4886
154939408	0	3120	4764	6667	4886
154939508	0	3041	4820	6695	4900
154939608	0	3059	4778	6704	4881
154939709	0	3036	4876	6723	4890
154939808	0	3111	4792	6648	4928
154939908	0	3036	4778	6596	4937
154940009	0	3078	4843	6587	4900
154940109	0	3092	4825	6606	4914
154940208	0	3116	4806	6667	4890
154940308	0	3111	4834	6620	4909
154940409	0	3124	4848	6634	4890
154940508	0	3041	4843	6606	4895
154940609	0	3120	4853	6624	4890
154940709	0	3083	4815	6592	4895
154940809	0	3064	4834	6667	4928
154940908	0	3073	4796	6624	4871
154941008	0	3116	4857	6634	4900
154941109	0	3120	4825	6587	4923
154941208	0	3078	4834	6601	4871
154941309	0	3059	4768	6643	4881
154941408	0	3055	4778	6685	4914
154941508	0	3116	4848	6681	4890
154941608	0	3064	4871	6662	4871
154941709	0	3031	4806	6704	4956
154941808	0	3120	4778	6817	4928
154941909	0	3097	4853	6657	4886
154942008	0	3045	4843	6657	4918
154942112	0	3120	4773	6887	4918
154942208	0	3134	4867	6667	4942
154942308	0	3041	4881	6653	4867
154942408	0	3059	4787	6695	4881
154942509	0	3031	4862	6559	4904
154942609	0	3031	4843	6606	4909
154942708	0	3036	4853	7032	4843
154942808	0	3097	4787	6643	4881
154942909	0	3143	4750	7351	4909
154943009	0	3059	4857	6568	4881
154943108	0	3012	4768	6831	4918
154943209	0	3064	4764	7210	4928
154943308	0	3106	4778	7965	4918
154943408	0	3012	4815	6807	4867
154943508	0	2984	4773	7229	4867
154943608	0	2998	4773	7960	4857
154943708	0	3120	4839	7257	4890
154943808	0	3050	4787	8012	4914
154943909	0	3012	4829	7304	4928
154944008	0	3017	4839	6695	4923
154944108	0	3088	4829	6634	4900
154944208	0	3022	4768	6606	4890
154944308	0	3008	4825	6676	4904
154944409	0	2998	4825	6535	4890
154944509	0	3012	4773	6521	4862
154944608	0	3027	4867	6521	4951
154944708	0	3116	4857	6563	4900
154944809	0	3102	4834	6573	4834
154944908	0	2998	4778	6531	4895
154945009	0	3097	4867	6502	4881
154945108	0	3092	4853	6592	4909
154945209	0	3059	4792	6709	4890
154945312	0	3111	4843	6789	4890
154945408	0	3111	4862	6563	4918
154945508	0	3003	4773	6521	4876
154945608	0	3116	4810	6559	4923
154945708	0	3036	4829	6545	4900
154945808	0	2984	4792	6643	4886
154945908	0	3050	4853	6742	4881
154946008	0	2998	4801	6596	4839
154946108	0	3083	4806	6587	4900
154946212	0	3036	4782	6596	4881
154946308	0	3111	4857	6653	4890
154946409	0	3083	4750	6601	4904
154946508	0	3078	4834	6709	4923
154946608	0	3031	4773	6685	4876
154946708	0	3031	4806	6676	4900
154946808	0	3116	4792	6714	4862
154946908	0	3069	4857	6615	4876
154947008	0	3059	4773	6657	4867
154947109	0	3055	4810	6624	4914
154947209	0	3036	4820	6624	4895
154947308	0	3125	4839	6620	4918
154947408	0	3120	4839	6638	4871
154947509	0	3083	4792	6596	4867
154947608	0	3045	4853	6596	4843
154947708	0	3083	4853	6629	4871
154947808	0	3064	4871	6606	4895
154947909	0	3102	4764	6653	4909
154948009	0	3041	4867	6662	4900
154948108	0	3027	4825	6601	4890
154948208	0	3041	4810	6634	4932
154948308	0	3102	4806	6615	4871
154948408	0	3045	4853	6587	4904
154948509	0	3097	4759	6554	4909
154948608	0	3069	4792	6535	4928
154948708	0	3045	4853	6545	4853
154948808	0	3045	4810	6535	4881
154948909	0	3125	4829	6535	4881
154949008	0	3059	4778	6554	4923
154949108	0	3041	4787	6620	4942
154949208	0	3069	4857	6549	4942
154949308	0	3069	4839	6563	4928
154949408	0	3092	4853	6517	4946
154949508	0	3106	4862	6535	4928
154949609	0	3008	4862	6535	4946
154949708	0	3064	4782	6578	4942
154949809	0	3031	4801	6526	4914
154949908	0	3041	4867	6549	4942
154950008	0	3027	4867	6568	4895
154950108	0	3003	4787	6521	4928
154950208	0	3041	4764	6587	4928
154950312	0	2994	4825	6554	4937
154950408	0	3102	4820	6554	4932
154950509	0	3083	4839	6554	4937
154950608	0	3106	4857	6540	4928
154950709	0	3022	4853	6554	4900
154950809	0	3088	4857	6563	4951
154950908	0	3125	4857	6559	4956
154951009	0	3125	4829	6521	4951
154951108	0	3027	4792	6554	4914
154951209	0	3102	4848	6517	4932
154951308	0	3027	4862	6526	4890
154951408	0	3008	4853	6479	4900
154951508	0	3041	4820	6517	4928
154951608	0	3073	4839	6507	4923
154951708	0	3059	4848	6502	4914
154951809	0	3078	4829	6531	4951
154951908	0	3111	4834	6573	4923
154952009	0	3017	4839	6517	4904
154952108	0	3078	4801	6502	4923
154952208	0	3125	4806	6498	4914
154952308	0	3106	4834	6526	4914
154952408	0	3073	4787	6507	4923
154952508	0	3036	4768	6517	4914
154952608	0	3120	4843	6582	4886
154952708	0	3022	4825	6545	4857
154952808	0	3059	4871	6596	4914
154952908	0	3036	4820	6545	4951
154953008	0	3129	4820	6573	4876
154953108	0	3111	4839	6624	4918
154953208	0	3012	4787	6620	4839
154953308	0	3124	4848	6601	4928
154953408	0	3157	4853	6629	4881
154953508	0	3064	4773	6587	4923
154953608	0	3088	4853	6582	4843
154953708	0	3041	4853	6545	4918
154953808	0	3031	4768	6587	4895
154953908	0	3116	4829	6601	4862
154954008	0	2984	4801	6573	4946
154954108	0	3124	4787	6559	4904
154954208	0	3124	4815	6563	4946
154954308	0	3003	4839	6554	4928
154954412	0	3045	4853	6545	4862
154954508	0	3069	4782	6554	4890
154954608	0	3059	4792	6606	4961
154954708	0	3064	4853	6596	4923
154954808	0	3111	4750	6610	4928
154954909	0	3097	4848	6568	4961
154955008	0	3031	4815	6587	4932
154955108	0	3088	4768	6587	4928
154955208	0	3045	4839	6578	4904
154955308	0	3092	4787	6582	4946
154955408	0	3073	4787	6563	4914
154955508	0	3017	4773	6573	4984
154955608	0	3050	4839	6568	4918
154955708	0	2989	4801	6559	4914
154955808	0	3003	4792	6568	4914
154955908	0	3078	4820	6578	4890
154956008	0	2994	4857	6554	4881
154956108	0	3041	4768	6596	4918
154956208	0	3059	4778	6563	4886
154956308	0	2998	4768	6559	4881
154956408	0	3017	4792	6559	4942
154956508	0	3083	4839	6559	4890
154956608	0	3116	4782	6540	4909
154956708	0	3003	4810	6559	4937
154956808	0	3022	4810	6531	4890
154956908	0	3045	4810	6549	4942
154957008	0	3088	4778	6559	4918
154957108	0	3064	4810	6596	4900
154957208	0	3073	4829	6559	4918
154957308	0	3041	4796	6549	4942
154957408	0	3106	4806	6601	4961
154957508	0	3031	4857	6582	4928
154957608	0	3050	4843	6573	4923
154957709	0	3059	4867	6531	4951
154957808	0	3064	4801	6582	4904
154957908	0	3045	4810	6568	4946
154958008	0	3097	4815	6545	4867
154958108	0	3041	4810	6559	4886
154958208	0	3073	4843	6578	4909
154958308	0	3050	4843	6610	4946
154958408	0	3012	4843	6578	4932
154958513	0	3041	4792	6578	4942
154958608	0	3064	4815	6568	4914
154958708	0	2970	4796	6568	4923
154958808	0	3041	4853	6568	4993
154958908	0	3012	4862	6549	4928
154959009	0	3092	4853	6610	4918
154959108	0	3059	4848	6596	4928
154959208	0	3022	4815	6540	4946
154959308	0	3078	4820	6578	4909
154959408	0	3003	4857	6563	4918
154959508	0	3036	4810	6554	4932
154959608	0	3027	4843	6559	4942
154959708	0	3064	4820	6554	4871
154959808	0	3041	4829	6521	4904
154959908	0	3059	4862	6540	4862
155000008	0	2998	4867	6540	4909
155000108	0	3041	4825	6545	4970
155000208	0	3078	4806	6526	4928
155000308	0	3083	4782	6596	4890
155000408	0	3069	4806	6535	4895
155000508	0	3111	4825	6559	4900
155000609	0	3069	4806	6568	4909
155000708	0	3027	4754	6549	4895
155000808	0	3120	4768	6573	4946
155000908	0	3092	4853	6563	4942
155001008	0	3088	4764	6526	4918
155001108	0	3059	4834	6521	4932
155001208	0	2994	4857	6540	4932
155001308	0	3022	4792	6559	4942
155001408	0	3102	4843	6573	4914
155001508	0	3055	4857	6531	4970
155001608	0	3045	4806	6582	4914
155001708	0	3102	4801	6545	4923
155001808	0	3064	4806	6578	4890
155002009	0	3027	4862	6545	4970
155002108	0	3022	4820	6526	4904
155002208	0	3036	4848	6563	4942
155002308	0	3017	4848	6549	4909
155002408	0	3073	4825	6568	4918
155002508	0	3041	4834	6578	4970
155002612	0	3036	4862	6549	4923
155002708	0	3073	4843	6554	4937
155002808	0	2994	4778	6549	4932
155002908	0	3097	4848	6545	4951
155003008	0	3027	4829	6554	4895
155003108	0	3069	4848	6559	4918
155003208	0	3111	4787	6517	4928
155003308	0	3012	4829	6578	4946
155003408	0	3125	4810	6554	4961
155003508	0	2980	4768	6606	4956
155003608	0	2994	4834	6554	4918
155003709	0	3050	4773	6573	4909
155003808	0	3041	4881	6596	4942
155003908	0	3017	4773	6545	4895
155004008	0	3069	4848	6549	4890
155004108	0	2998	4862	6535	4876
155004208	0	3125	4801	6535	4942
155004308	0	3111	4853	6549	4895
155004408	0	3022	4862	6554	4914
155004509	0	3041	4881	6582	4928
155004608	0	3102	4820	6596	4946
155004708	0	3073	4829	6517	4914
155004808	0	3102	4792	6512	4932
155004908	0	3120	4796	6507	4895
155005008	0	3120	4829	6521	4871
155005108	0	3124	4862	6540	4871
155005208	0	3008	4843	6563	4914
155005308	0	3097	4848	6531	4904
155005408	0	3106	4871	6502	4946
155005508	0	3045	4862	6531	4909
155005608	0	3106	4806	6512	4871
155005708	0	3041	4862	6545	4881
155005808	0	3045	4867	6540	4895
155005908	0	3134	4825	6563	4951
155006008	0	3008	4862	6540	4937
155006108	0	3102	4857	6596	4946
155006208	0	3125	4778	6535	4876
155006308	0	3116	4848	6549	4881
155006408	0	3120	4862	6563	4909
155006508	0	3120	4853	6498	4914
155006608	0	3055	4857	6549	4946
155006712	0	3120	4829	6512	4890
155006808	0	3120	4839	6502	4942
155006908	0	3055	4834	6587	4942
155007008	0	3041	4862	6559	4932
155007108	0	3125	4796	6540	4886
155007208	0	3111	4782	6592	4881
155007308	0	3045	4857	6545	4914
155007408	0	3102	4820	6549	4909
155007508	0	3050	4843	6549	4937
155007608	0	3116	4806	6540	4937
155007708	0	3097	4792	6531	4895
155007808	0	3092	4806	6554	4942
155007908	0	3031	4825	6531	4942
155008008	0	2998	4857	6554	4895
155008108	0	3153	4759	6549	4946
155008208	0	3116	4834	6545	4932
155008308	0	3116	4848	6568	4857
155008408	0	3012	4796	6578	4904
155008508	0	3059	4806	6615	4853
155008608	0	3064	4825	6559	4914
155008708	0	3045	4792	6582	4914
155008808	0	3120	4792	6526	4890
155008909	0	3124	4810	6545	4951
155009008	0	3120	4810	6531	4914
155009108	0	3055	4843	6540	4923
155009208	0	3120	4820	6526	4895
155009308	0	3092	4810	6526	4900
155009408	0	3036	4806	6554	4918
155009508	0	3036	4853	6512	4900
155009608	0	3078	4839	6531	4881
155009708	0	3055	4848	6587	4881
155009808	0	3120	4782	6568	4867
155009908	0	3045	4792	6531	4909
155010008	0	3050	4782	6517	4904
155010108	0	3176	4782	6531	4881
155010208	0	3083	4782	6549	4900
155010308	0	3078	4810	6587	4951
155010408	0	3097	4810	6563	4904
155010508	0	3012	4843	6573	4965
155010608	0	3088	4825	6521	4918
155010708	0	2994	4782	6568	4871
155010812	0	3041	4862	6559	4900
155010908	0	3008	4839	6549	4914
155011008	0	3097	4839	6554	4937
155011108	0	3045	4810	6545	4956
155011212	0	3088	4848	6526	4918
155011308	0	3036	4820	6517	4914
155011408	0	3055	4839	6521	4904
155011508	0	3097	4801	6587	4942
155011608	0	3017	4806	6531	4928
155011708	0	3031	4750	6554	4928
155011808	0	3041	4768	6549	4961
155011908	0	3027	4806	6592	4956
155012008	0	3045	4857	6521	4979
155012108	0	3078	4773	6502	4928
155012208	0	3022	4806	6531	4904
155012308	0	3083	4820	6512	4904
155012408	0	3120	4806	6549	4923
155012508	0	3036	4820	6498	4923
155012608	0	3088	4862	6488	4895
155012708	0	3120	4778	6526	4928
155012808	0	3027	4839	6493	4886
155012908	0	3097	4862	6517	4890
155013008	0	3088	4857	6545	4951
155013108	0	3129	4839	6465	4928
155013208	0	3050	4839	6521	4895
155013308	0	3116	4857	6517	4923
155013408	0	3059	4801	6521	4914
155013508	0	3120	4773	6507	4914
155013608	0	3125	4834	6512	4890
155013708	0	3097	4848	6531	4900
155013808	0	3102	4782	6498	4886
155013908	0	3097	4825	6517	4909
155014008	0	3092	4825	6507	4914
155014108	0	3102	4843	6493	4928
155014208	0	3116	4839	6498	4886
155014308	0	3036	4843	6502	4942
155014408	0	3111	4867	6498	4909
155014508	0	2998	4825	6488	4928
155014608	0	3143	4834	6517	4932
155014708	0	3078	4815	6493	4932
155014808	0	3120	4829	6484	4928
155014912	0	3129	4857	6493	4932
155015008	0	3055	4759	6549	4909
155015108	0	3050	4796	6521	4923
155015208	0	3120	4857	6493	4956
155015308	0	3064	4829	6474	4871
155015408	0	3059	4857	6470	4909
155015508	0	3120	4829	6507	4909
155015608	0	3125	4806	6526	4914
155015708	0	3129	4796	6493	4881
155015808	0	3153	4801	6474	4942
155015908	0	3092	4782	6517	4876
155016008	0	3120	4768	6502	4871
155016108	0	3111	4853	6512	4914
155016208	0	3129	4820	6512	4900
155016308	0	3097	4848	6517	4918
155016408	0	3116	4782	6517	4956
155016508	0	3073	4848	6502	4937
155016608	0	3102	4801	6502	4890
155016708	0	3073	4825	6526	4904
155016808	0	3036	4787	6554	4946
155016908	0	3078	4815	6563	4914
155017008	0	3097	4843	6521	4956
155017108	0	3106	4792	6517	4871
155017208	0	3102	4810	6549	4956
155017308	0	3022	4834	6512	4918
155017408	0	3097	4848	6531	4909
155017508	0	3073	4787	6507	4932
155017608	0	3083	4806	6531	4909
155017708	0	3064	4815	6493	4946
155017808	0	3120	4782	6502	4961
155017908	0	3111	4787	6526	4923
155018008	0	3045	4778	6502	4923
155018108	0	3045	4782	6507	4895
155018208	0	3041	4801	6502	4914
155018308	0	3120	4848	6512	4909
155018408	0	3106	4792	6512	4928
155018508	0	3138	4787	6531	4918
155018608	0	3124	4787	6521	4928
155018708	0	3120	4829	6517	4900
155018808	0	3134	4820	6484	4904
155018908	0	3111	4806	6502	4932
155019012	0	3078	4848	6470	4904
155019108	0	3134	4857	6507	4946
155019208	0	3106	4815	6535	4914
155019308	0	3148	4787	6502	4890
155019408	0	2998	4843	6521	4946
155019508	0	3036	4815	6521	4942
155019608	0	3041	4815	6531	4886
155019708	0	3106	4773	6507	4895
155019808	0	3120	4810	6470	4956
155019908	0	3116	4782	6507	4975
155020007	0	3124	4782	6479	4946
155020109	0	3083	4843	6498	4895
155020208	0	3059	4796	6446	4886
155020308	0	3143	4782	6460	4965
155020408	0	3129	4857	6479	4895
155020508	0	3069	4853	6437	4881
155020608	0	3069	4862	6488	4909
155020708	0	3120	4825	6423	4886
155020808	0	3148	4820	6488	4904
155020908	0	3116	4862	6498	4937
155021008	0	3124	4839	6456	4853
155021108	0	3134	4815	6479	4900
155021208	0	3064	4876	6507	4886
155021308	0	3088	4829	6488	4909
155021408	0	3116	4796	6470	4923
155021508	0	3116	4834	6474	4904
155021608	0	3138	4843	6535	4914
155021708	0	3069	4853	6521	4942
155021808	0	3088	4796	6451	4918
155021908	0	3120	4815	6488	4923
155022008	0	3162	4806	6554	4914
155022108	0	3120	4787	6470	4890
155022208	0	3143	4839	6470	4956
155022308	0	3022	4857	6531	4862
155022408	0	3102	4787	6526	4923
155022508	0	3148	4806	6554	4946
155022608	0	3138	4843	6545	4965
155022708	0	3102	4862	6517	4923
155022808	0	3134	4792	6521	4923
155022908	0	3111	4792	6521	4942
155023008	0	3106	4848	6521	4951
155023112	0	3124	4862	6484	4890
155023208	0	3064	4796	6488	4909
155023308	0	3031	4782	6549	4909
155023408	0	3041	4782	6493	4876
155023508	0	3050	4862	6531	4876
155023608	0	3045	4843	6615	4923
155023708	0	3078	4834	6615	4909
155023808	0	3097	4857	6540	4932
155023908	0	3088	4815	6507	4909
155024008	0	3073	4853	6413	4918
155024108	0	3045	4848	6484	4886
155024208	0	3116	4796	6502	4914
155024308	0	3055	4810	6488	4890
155024408	0	3083	4839	6451	4928
155024507	0	3059	4764	6474	4918
155024608	0	3157	4759	6427	4918
155024708	0	3073	4853	6456	4914
155024808	0	3041	4806	6502	4918
155024908	0	3003	4853	6587	4918
155025008	0	3083	4810	6549	4951
155025108	0	3073	4848	6559	4918
155025207	0	3003	4782	6493	4932
155025308	0	3045	4787	6446	4946
155025408	0	3031	4787	6498	4932
155025508	0	3116	4815	6371	4937
155025608	0	2998	4857	6413	4914
155025708	0	3050	4853	6376	4961
155025808	0	3041	4764	6348	4951
155025908	0	3088	4820	6292	4956
155026008	0	3083	4759	6339	4942
155026108	0	3125	4782	6325	4937
155026208	0	3059	4773	6306	4928
155026308	0	3097	4834	6325	4886
155026408	0	3106	4778	6343	4843
155026508	0	3064	4829	6470	4937
155026608	0	3041	4792	6540	4876
155026708	0	3008	4834	6451	4886
155026807	0	3031	4787	6517	4853
155026908	0	3041	4778	6479	4886
155027008	0	3003	4829	6526	4909
155027307	0	3059	4820	6540	4876
155027408	0	3055	4801	6512	4923
155027508	0	3167	4801	6488	4900
155027607	0	3138	4815	6512	4932
155027708	0	3078	4867	6521	4867
155027808	0	3124	4801	6465	4928
155027907	0	3111	4815	6493	4961
155028008	0	3125	4848	6474	4853
155028108	0	3148	4857	6535	4909
155028208	0	3111	4764	6549	4886
155028308	0	3134	4801	6568	4886
155028408	0	3003	4796	6606	4928
155028508	0	3102	4853	6667	4923
155028608	0	3031	4825	6592	4956
155028708	0	3134	4848	6592	4928
155028808	0	3129	4782	6549	4918
155028908	0	3041	4815	6559	4895
155029008	0	3148	4810	6610	4871
155029107	0	3022	4782	6592	4886
155029208	0	3097	4843	6657	4932
155029308	0	3083	4810	6460	4886
155029408	0	3017	4871	6404	4881
155029508	0	2984	4787	6357	4895
155029608	0	3097	4810	7908	4932
155029708	0	3055	4782	6986	4867
155029808	0	3059	4825	7219	4900
155029907	0	3124	4857	7388	4918
155030008	0	3088	4778	6845	4942
155030108	0	3120	4806	6357	4857
155030207	0	3069	4843	6366	4937
155030307	0	3064	4787	6385	4867
155030408	0	3120	4829	6432	4928
155030508	0	3036	4839	6474	4881
155030608	0	3106	4773	6488	4975
155030708	0	3022	4778	6465	4946
155030808	0	3064	4825	6498	4942
155030908	0	3083	4801	6517	4918
155031007	0	3111	4843	6502	4853
155031108	0	3036	4792	6479	4871
155031208	0	3148	4853	6531	4923
155031311	0	3073	4796	6549	4918
155031408	0	3120	4839	6498	4857
155031508	0	3120	4857	6517	4932
155031608	0	3050	4853	6493	4895
155031708	0	3125	4839	6507	4839
155031808	0	3041	4829	6484	4923
155031908	0	3088	4829	6521	4942
155032008	0	3153	4787	6474	4918
155032108	0	3134	4829	6493	4928
155032208	0	3102	4815	6488	4871
155032308	0	3008	4843	6488	4900
155032408	0	3097	4815	6488	4904
155032508	0	3143	4768	6531	4904
155032607	0	3153	4820	6474	4937
155032708	0	3045	4773	6470	4900
155032807	0	3129	4829	6517	4886
155032908	0	3088	4782	6465	4890
155033008	0	3031	4825	6507	4979
155033108	0	3059	4829	6493	4890
155033207	0	3017	4806	6488	4937
155033308	0	3012	4820	6526	4937
155033408	0	3129	4796	6502	4862
155033508	0	3143	4759	6493	4932
155033607	0	3088	4834	6521	4918
155033708	0	3148	4829	6502	4932
155033807	0	3124	4843	6554	4871
155033908	0	3138	4825	6502	4825
155034008	0	3088	4792	6479	4881
155034108	0	3055	4825	6512	4876
155034208	0	3036	4792	6512	4914
155034307	0	3064	4843	6493	4918
155034408	0	3116	4792	6531	4909
155034508	0	3045	4796	6512	4937
155034608	0	3022	4806	6484	4871
155034708	0	3055	4839	6507	4895
155034808	0	3111	4810	6517	4961
155034907	0	3064	4843	6502	4886
155035008	0	3073	4796	6517	4932
155035108	0	3059	4848	6502	4937
155035208	0	3073	4867	6502	4918
155035307	0	3106	4778	6517	4876
155035410	0	3092	4853	6563	4937
155035508	0	3106	4825	6554	4895
155035608	0	3041	4815	6563	4904
155035707	0	3143	4867	6554	4876
155035808	0	3088	4764	6531	4871
155035908	0	3017	4820	6568	4909
155036008	0	3050	4857	6559	4914
155036107	0	3083	4796	6563	4886
155036208	0	3041	4754	6526	4890
155036308	0	3125	4857	6554	4904
155036508	0	3125	4829	6559	4923
155036607	0	3041	4792	6568	4942
155036708	0	3036	4787	6549	4932
155036808	0	3116	4801	6573	4871
155036908	0	3055	4806	6545	4848
155037008	0	3012	4778	6540	4890
155037111	0	3041	4810	6573	4923
155037208	0	3059	4843	6554	4890
155037308	0	3022	4839	6554	4918
155037408	0	3017	4848	6526	4918
155037508	0	3088	4778	6545	4904
155037608	0	3125	4792	6549	4890
155037708	0	3111	4806	6517	4928
155037808	0	3125	4825	6498	4881
155037908	0	3045	4806	6517	4867
155038008	0	3125	4768	6432	4900
155038108	0	3041	4764	6512	4890
155038208	0	3111	4853	6545	4895
155038308	0	3031	4834	6493	4928
155038408	0	3055	4778	6521	4867
155038507	0	3027	4825	6540	4895
155038608	0	3012	4843	6549	4895
155038708	0	3102	4853	6545	4932
155038807	0	3045	4764	6526	4900
155038908	0	3120	4764	6526	4918
155039007	0	3134	4820	6545	4928
155039108	0	3134	4853	6517	4918
155039208	0	2980	4853	6545	4895
155039308	0	3055	4810	6526	4961
155039408	0	3116	4825	6592	4923
155039512	0	3064	4820	6479	4881
155039607	0	3041	4839	6437	4918
155039707	0	3022	4801	6498	4946
155039807	0	3027	4759	6488	4909
155039908	0	3092	4825	6540	4932
155040007	0	3022	4862	6563	4932
155040108	0	3027	4862	6531	4914
155040208	0	3045	4768	6512	4895
155040308	0	2994	4801	6610	4871
155040408	0	3092	4801	6573	4946
155040508	0	3088	4848	6578	4900
155040608	0	3003	4792	6573	4895
155040708	0	3097	4792	6587	4904
155040807	0	3041	4815	6531	4937
155040908	0	3111	4796	6559	4914
155041007	0	3102	4820	6578	4839
155041107	0	3073	4825	6596	4857
155041208	0	3064	4853	6610	4900
155041307	0	3017	4876	6610	4923
155041408	0	3008	4773	6596	4843
155041507	0	3003	4773	6587	4890
155041608	0	3125	4778	6549	4862
155041708	0	3022	4796	6615	4853
155041807	0	3027	4801	6573	4890
155041908	0	3036	4801	6549	4881
155042008	0	3045	4806	6559	4876
155042108	0	2984	4839	6573	4890
155042208	0	3041	4853	6549	4951
155042308	0	3041	4787	6582	4923
155042407	0	3083	4853	6559	4909
155042508	0	3050	4778	6610	4895
155042607	0	3102	4848	6563	4904
155042708	0	3027	4820	6540	4909
155042808	0	3073	4801	6592	4914
155042907	0	2994	4820	6582	4942
155043008	0	3041	4886	6512	4932
155043108	0	2998	4815	6554	4900
155043207	0	3031	4782	6563	4923
155043508	0	3027	4773	6521	4890
155043610	0	3083	4810	6507	4871
155043707	0	3045	4848	6559	4965
155043808	0	3055	4825	6559	4923
155043908	0	3050	4768	6484	4928
155044008	0	3083	4843	6531	4904
155044108	0	3045	4764	6573	4881
155044208	0	3092	4778	6521	4909
155044307	0	3027	4853	6507	4886
155044408	0	2998	4848	6517	4937
155044508	0	3012	4801	6531	4918
155044607	0	3116	4862	6498	4900
155044708	0	3027	4876	6517	4909
155044807	0	3148	4806	6484	4871
155044905	0	3036	4810	6502	4956
155045006	0	2994	4857	6474	4937
155045106	0	3092	4792	6460	4932
155045206	0	3055	4787	6498	4890
155045307	0	3064	4834	6484	4900
155045407	0	3017	4792	6493	4909
155045506	0	3088	4782	6474	4956
155045605	0	3008	4815	6502	4890
155045708	0	3106	4796	6498	4886
155045808	0	3050	4815	6507	4900
155045906	0	3102	4764	6474	4956
155046005	0	3120	4796	6479	4909
155046105	0	3022	4806	6460	4900
155046206	0	3036	4787	6479	4900
155046306	0	3059	4853	6493	4909
155046406	0	3073	4829	6507	4918
155046507	0	2984	4853	6535	4886
155046606	0	3017	4834	6531	4853
155046707	0	3083	4759	6512	4904
155046807	0	3078	4778	6545	4881
155046905	0	3111	4829	6488	4951
155047006	0	3120	4806	6526	4937
155047105	0	3027	4782	6479	4928
155047208	0	3036	4787	6531	4890
155047305	0	3031	4778	6465	4843
155047606	0	3092	4853	6507	4895
155047710	0	3092	4848	6545	4900
155047806	0	3055	4815	6526	4914
155047906	0	3088	4848	6601	4857
155048005	0	3003	4792	6512	4961
155048106	0	3050	4820	6545	4923
155048206	0	3102	4862	6573	4909
155048308	0	3097	4773	6521	4984
155048406	0	3088	4801	6526	4946
155048505	0	3116	4787	6535	4904
155048607	0	3078	4843	6549	4932
155048707	0	3055	4806	6568	4886
155048806	0	3045	4787	6545	4937
155048905	0	3083	4829	6535	4918
155049008	0	3031	4778	6545	4970
155049106	0	2984	4778	6535	4923
155049205	0	3036	4796	6502	4900
155049308	0	3064	4764	6488	4951
155049408	0	2998	4820	6502	4890
155049508	0	3153	4867	6521	4900
155049605	0	2989	4834	6545	4956
155049705	0	3064	4787	6592	4946
155049805	0	3138	4778	6545	4909
155049906	0	3124	4839	6493	4918
155050005	0	2998	4829	6502	4890
155050105	0	3036	4839	6573	4928
155050205	0	3036	4839	6531	4937
155050306	0	3017	4801	6535	4928
155050406	0	3059	4848	6540	4909
155050506	0	3092	4768	6587	4923
155050605	0	3106	4773	6587	4914
155050706	0	3012	4778	6568	4970
155050806	0	3069	4778	6563	4951
155050906	0	3027	4773	6554	4923
155051005	0	3017	4829	6559	4951
155051106	0	3059	4764	6559	4932
155051205	0	3106	4787	6554	4904
155051305	0	3022	4782	6563	4965
155051406	0	3069	4801	6573	4932
155051506	0	3064	4825	6568	4886
155051606	0	3078	4801	6610	4956
155051705	0	3106	4787	6634	4909
155051809	0	3031	4773	6587	4914
155051906	0	3027	4834	6563	4951
155052005	0	3045	4825	6601	4965
155052205	0	3059	4848	6601	4946
155052305	0	3031	4815	6620	4942
155052406	0	3092	4839	6953	4928
155052506	0	3129	4848	6648	4928
155052606	0	3050	4773	6920	4923
155052706	0	3092	4829	6620	4928
155052806	0	3027	4787	7027	4932
155052906	0	3097	4843	6573	4932
155053006	0	3125	4829	6620	4937
155053106	0	3102	4820	6920	4928
155053205	0	3027	4862	6624	4961
155053305	0	3124	4829	6994	4956
155053405	0	3055	4862	6980	4942
155053505	0	2984	4815	7941	4909
155053606	0	3116	4801	7290	4918
155053705	0	2998	4801	7955	4937
155053806	0	2980	4787	6615	4867
155053905	0	3106	4839	6512	4890
155054006	0	3116	4796	6606	4904
155054106	0	3111	4853	6732	4900
155054206	0	3097	4857	6784	4876
155054305	0	3111	4796	6774	4914
155054406	0	3106	4796	6742	4918
155054505	0	3027	4768	6789	4886
155054606	0	3097	4759	6779	4932
155054705	0	3097	4820	6793	4848
155054805	0	3097	4806	6798	4890
155054906	0	3031	4764	6798	4867
155055005	0	2998	4834	6807	4914
155055105	0	3106	4782	6896	4914
155055205	0	3124	4792	6236	4876
155055305	0	3078	4792	6222	4904
155055406	0	3041	4862	6212	4918
155055505	0	3078	4773	6254	4914
155055606	0	3088	4843	6212	4928
155055706	0	3012	4768	6208	4909
155055805	0	3092	4773	6517	4900
155055910	0	3116	4806	7716	4900
155056006	0	3111	4740	7126	4900
155056106	0	3120	4778	7041	4942
155056205	0	3031	4839	6133	4914
155056305	0	3088	4754	6671	4890
155056405	0	3111	4745	6161	4909
155056506	0	3041	4759	7098	4871
155056605	0	3041	4764	6517	4890
155056705	0	3045	4778	6118	4932
155056806	0	3073	4773	6151	4914
155056906	0	3041	4796	6222	4900
155057006	0	3069	4787	6175	4904
155057106	0	3097	4810	6179	4900
155057205	0	3041	4825	6217	4937
155057305	0	3116	4825	6259	4923
155057405	0	3022	4787	6236	4975
155057506	0	3045	4848	6203	4932
155057605	0	3041	4829	6269	4942
