120115201	0	5134	3770	3967	5363
120115307	0	5129	3756	3986	5373
120115401	0	5134	3761	3953	5322
120115500	0	5111	3743	3991	5312
120115600	0	5134	3743	3977	5322
120115701	0	5125	3743	3949	5336
120115800	0	5101	3770	3953	5317
120115900	0	5129	3748	3944	5345
120116001	0	5134	3762	4000	5326
120116100	0	5143	3766	3949	5345
120116200	0	5153	3756	3953	5322
120116300	0	5106	3770	3967	5336
120116400	0	5176	3748	3953	5298
120116501	0	5115	3752	3944	5312
120116600	0	5120	3762	3935	5359
120116700	0	5129	3761	3949	5336
120116800	0	5125	3780	3949	5336
120116901	0	5083	3729	3949	5340
120117000	0	5129	3762	3949	5294
120117100	0	5158	3762	3958	5317
120117200	0	5120	3761	3958	5331
120117301	0	5115	3738	3963	5345
120117400	0	5129	3748	3991	5363
120117500	0	5134	3756	3967	5355
120117601	0	5143	3780	3958	5363
120117701	0	5129	3729	3949	5359
120117804	0	5129	3748	3939	5377
120117900	0	5087	3756	3972	5359
120118000	0	5125	3748	3944	5336
120118101	0	5134	3729	3949	5364
120118201	0	5092	3748	3953	5336
120118300	0	5139	3752	3949	5326
120118401	0	5106	3748	3949	5294
120118500	0	5083	3766	3982	5382
120118601	0	5111	3766	3977	5340
120118701	0	5139	3762	3996	5331
120118800	0	5106	3738	3967	5340
120118900	0	5148	3775	3953	5294
120119001	0	5120	3756	3953	5303
120119101	0	5139	3775	3977	5350
120119200	0	5143	3757	3949	5369
120119301	0	5143	3743	3953	5331
120119401	0	5158	3762	3982	5308
120119501	0	5111	3766	3986	5369
120119600	0	5139	3743	3939	5326
120119701	0	5111	3738	3996	5331
120119801	0	5139	3748	3996	5345
120119901	0	5148	3748	3953	5359
120120000	0	5134	3780	3967	5331
120120100	0	5129	3770	3982	5317
120120200	0	5115	3761	3991	5340
120120300	0	5115	3780	3967	5322
120120401	0	5111	3743	3991	5303
120120501	0	5125	3780	3949	5326
120120601	0	5115	3752	3953	5363
120120701	0	5125	3756	3982	5303
120120800	0	5129	3762	3958	5275
120120900	0	5139	3761	3963	5317
120121000	0	5153	3762	3958	5326
120121100	0	5162	3752	3949	5350
120121201	0	5097	3752	3944	5363
120121301	0	5125	3752	3949	5331
120121400	0	5101	3780	3949	5364
120121500	0	5120	3761	3982	5308
120121601	0	5125	3752	3986	5340
120121701	0	5139	3766	3986	5331
120121801	0	5125	3743	3953	5336
120121904	0	5111	3762	3977	5373
120122000	0	5106	3762	3949	5326
120122100	0	5115	3761	3991	5317
120122200	0	5125	3738	3958	5350
120122301	0	5143	3752	3967	5359
120122400	0	5087	3738	3949	5289
120122501	0	5162	3729	3991	5317
120122601	0	5148	3738	3982	5308
120122700	0	5120	3756	3977	5298
120122801	0	5143	3761	3982	5265
120122901	0	5083	3757	3967	5350
120123000	0	5111	3748	3963	5382
120123101	0	5120	3752	3986	5303
120123200	0	5134	3743	3977	5369
120123300	0	5129	3738	3967	5345
120123400	0	5125	3785	3963	5340
120123500	0	5101	3762	3953	5350
120123601	0	5139	3748	3944	5355
120123700	0	5129	3756	3972	5336
120123800	0	5139	3762	3963	5345
120123900	0	5106	3752	3967	5340
120124000	0	5143	3770	3991	5377
120124101	0	5129	3757	3986	5331
120124200	0	5111	3756	3996	5340
120124300	0	5106	3757	3982	5359
120124400	0	5097	3743	3982	5322
120124500	0	5143	3766	3953	5359
120124600	0	5143	3748	3939	5369
120124701	0	5092	3762	3953	5312
120124900	0	5092	3762	3949	5331
120125000	0	5120	3780	3958	5340
120125100	0	5083	3780	3963	5355
120125300	0	5083	3757	3958	5326
120125401	0	5134	3770	3972	5350
120125501	0	5139	3770	3986	5303
120125601	0	5120	3770	4000	5350
120125700	0	5111	3780	3977	5312
120125800	0	5153	3743	3986	5317
120125900	0	5134	3762	3949	5308
120126004	0	5087	3762	3986	5355
120126100	0	5134	3743	3982	5336
120126200	0	5125	3743	3991	5355
120126301	0	5143	3748	3963	5331
120126400	0	5125	3748	3967	5308
120126501	0	5101	3770	3977	5298
120126601	0	5106	3761	3977	5340
120126701	0	5097	3748	3944	5345
120126801	0	5134	3775	3982	5308
120126901	0	5120	3738	3949	5345
120127000	0	5115	3762	3982	5331
120127100	0	5073	3762	3949	5317
120127200	0	5158	3756	3982	5308
120127301	0	5125	3743	3991	5364
120127400	0	5158	3738	3967	5345
120127501	0	5153	3762	3991	5336
120127600	0	5134	3756	3986	5369
120127701	0	5143	3757	3963	5345
120127800	0	5120	3757	3953	5275
120127901	0	5120	3752	3986	5289
120128001	0	5125	3761	3991	5317
120128100	0	5115	3762	3958	5363
120128200	0	5162	3756	3982	5350
120128300	0	5125	3743	3944	5345
120128400	0	5101	3775	3958	5331
120128500	0	5139	3729	3967	5364
120128600	0	5134	3762	3986	5340
120128701	0	5115	3748	3963	5345
120128800	0	5139	3743	3944	5275
120128901	0	5134	3766	3986	5312
120129000	0	5139	3743	3982	5340
120129101	0	5143	3743	3972	5308
120129201	0	5143	3762	4000	5298
120129300	0	5143	3762	3939	5322
120129400	0	5134	3757	3953	5312
120129500	0	5134	3748	3949	5317
120129600	0	5111	3743	3986	5326
120129700	0	5143	3756	3958	5345
120129800	0	5120	3756	3958	5369
120129900	0	5083	3756	3996	5363
120130000	0	5120	3762	3958	5340
120130104	0	5111	3756	3986	5369
120130200	0	5087	3748	3963	5331
120130301	0	5120	3748	3986	5322
120130400	0	5101	3775	3967	5359
120130501	0	5125	3748	3986	5345
120130600	0	5139	3762	3939	5322
120130700	0	5148	3780	3996	5322
120130800	0	5111	3757	3996	5326
120130901	0	5129	3734	3953	5364
120131000	0	5120	3748	3944	5308
120131100	0	5148	3762	3986	5336
120131200	0	5101	3757	3949	5308
120131300	0	5148	3775	3944	5317
120131400	0	5143	3761	3949	5322
120131501	0	5115	3762	3986	5326
120131600	0	5143	3770	3996	5322
120131700	0	5125	3761	3958	5322
120131801	0	5120	3748	3986	5326
120131901	0	5129	3756	3996	5331
120132000	0	5115	3780	3986	5265
120132100	0	5134	3761	3996	5317
120132201	0	5111	3766	3991	5294
120132301	0	5111	3757	3982	5350
120132403	0	5129	3757	3996	5345
120132501	0	5134	3756	3953	5303
120132600	0	5101	3756	3996	5322
120132700	0	5111	3761	3939	5359
120132801	0	5120	3748	3991	5326
120132901	0	5158	3766	3949	5317
120133000	0	5125	3756	3986	5303
120133101	0	5148	3770	3958	5340
120133200	0	5078	3752	3944	5326
120133300	0	5064	3748	3972	5355
120133400	0	5134	3766	3986	5308
120133500	0	5139	3756	3996	5308
120133600	0	5125	3752	3991	5350
120133700	0	5106	3752	3958	5322
120133801	0	5134	3756	3996	5350
120133901	0	5158	3770	3982	5359
120134000	0	5106	3752	3972	5331
120134100	0	5139	3757	3958	5340
120134205	0	5111	3762	3935	5363
120134300	0	5143	3752	3944	5340
120134401	0	5111	3775	3953	5317
120134500	0	5125	3748	3996	5312
120134601	0	5111	3766	3958	5331
120134701	0	5125	3794	3982	5317
120134801	0	5106	3757	3958	5369
120134901	0	5134	3762	4000	5364
120135000	0	5106	3752	3953	5270
120135100	0	5139	3770	3967	5359
120135200	0	5129	3743	3963	5308
120135301	0	5115	3761	3982	5317
120135401	0	5111	3734	3977	5382
120135500	0	5120	3756	3986	5308
120135601	0	5134	3761	3982	5364
120135701	0	5143	3752	3944	5350
120135800	0	5129	3775	3944	5336
120135900	0	5143	3756	3953	5369
120136001	0	5134	3766	3949	5336
120136100	0	5143	3756	3982	5326
120136200	0	5143	3762	3939	5355
120136301	0	5111	3761	3982	5308
120136400	0	5125	3775	3958	5355
120136500	0	5125	3748	3982	5340
120136600	0	5120	3734	3949	5369
120136700	0	5120	3761	3982	5345
120136801	0	5120	3752	3991	5303
120136900	0	5115	3762	3982	5331
120137000	0	5097	3748	3958	5289
120137100	0	5129	3752	3996	5326
120137200	0	5115	3748	3944	5294
120137300	0	5153	3757	3958	5382
120137400	0	5153	3761	3977	5322
120137500	0	5101	3770	3996	5331
120137600	0	5162	3756	3949	5308
120137700	0	5111	3780	3958	5345
120137800	0	5106	3757	3963	5382
120137900	0	5134	3748	3991	5377
120138000	0	5153	3770	3986	5284
120138100	0	5134	3761	3949	5331
120138200	0	5129	3766	3944	5355
120138304	0	5143	3743	3996	5289
120138401	0	5125	3748	3967	5294
120138501	0	5092	3752	3953	5345
120138600	0	5097	3766	3967	5345
120138700	0	5139	3757	3977	5331
120138800	0	5139	3762	3958	5312
120138900	0	5120	3785	3958	5294
120139000	0	5125	3743	3958	5317
120139101	0	5092	3780	3972	5363
120139200	0	5120	3794	3982	5294
120139300	0	5139	3761	3991	5359
120139400	0	5083	3748	4000	5345
120139500	0	5134	3757	3972	5359
120139600	0	5125	3762	3949	5340
120139701	0	5134	3775	4000	5308
120139815	0	5158	3748	3972	5331
120139900	0	5101	3729	3977	5345
120140000	0	5111	3738	3953	5308
120140100	0	5092	3762	3953	5336
120140200	0	5125	3756	3986	5363
120140300	0	5115	3738	3953	5369
120140400	0	5158	3756	3986	5373
120140500	0	5172	3729	3944	5298
120140600	0	5143	3757	3986	5308
120140700	0	5143	3762	3944	5298
120140801	0	5134	3743	3996	5303
120140900	0	5083	3775	3958	5331
120141000	0	5134	3761	3949	5322
120141101	0	5129	3766	4000	5336
120141200	0	5125	3766	3996	5322
120141300	0	5073	3756	3963	5364
120141400	0	5129	3757	3996	5317
120141500	0	5148	3762	3953	5387
120141600	0	5120	3785	3944	5326
120141700	0	5125	3748	3991	5298
120141801	0	5129	3775	3949	5368
120141900	0	5120	3766	3958	5336
120142000	0	5143	3734	3949	5364
120142100	0	5143	3785	3963	5336
120142200	0	5115	3752	3949	5363
120142300	0	5134	3738	3944	5294
120142404	0	5111	3743	3963	5326
120142501	0	5083	3748	3982	5294
120142600	0	5111	3766	3986	5355
120142700	0	5115	3748	3958	5326
120142800	0	5139	3761	3991	5317
120142900	0	5143	3748	3953	5336
120143000	0	5115	3756	3944	5336
120143100	0	5134	3757	3986	5369
120143201	0	5087	3738	3986	5340
120143300	0	5092	3752	3949	5322
120143400	0	5101	3766	3996	5336
120143500	0	5115	3756	3986	5331
120143600	0	5153	3748	3972	5369
120143700	0	5139	3785	3982	5382
120143800	0	5115	3724	3991	5355
120143901	0	5120	3757	3977	5294
120144000	0	5129	3766	3977	5326
120144100	0	5134	3761	3939	5359
120144200	0	5143	3761	3953	5336
120144300	0	5101	3780	3953	5331
120144401	0	5111	3743	3986	5289
120144500	0	5129	3766	3972	5345
120144600	0	5106	3761	3953	5345
120144700	0	5162	3762	3996	5331
120144800	0	5148	3762	3967	5363
120144901	0	5111	3738	3986	5350
120145000	0	5148	3738	4000	5340
120145101	0	5115	3724	3963	5322
120145201	0	5092	3799	3939	5359
120145300	0	5101	3738	4000	5336
120145400	0	5115	3775	3963	5303
120145500	0	5129	3743	3944	5322
120145600	0	5134	3752	3977	5303
120145701	0	5106	3775	3953	5345
120145800	0	5134	3734	3967	5350
120145900	0	5115	3780	3991	5317
120146000	0	5092	3748	3953	5355
120146100	0	5106	3738	3986	5303
120146200	0	5148	3756	3944	5336
120146300	0	5092	3766	3982	5369
120146400	0	5097	3743	3958	5331
120146504	0	5153	3780	3953	5340
120146600	0	5143	3756	3944	5359
120146700	0	5139	3756	3996	5345
120146800	0	5111	3762	3953	5317
120146900	0	5143	3748	3991	5359
120147000	0	5111	3766	3949	5364
120147100	0	5139	3756	3982	5350
120147200	0	5092	3761	3986	5350
120147300	0	5101	3738	3944	5331
120147400	0	5115	3752	3944	5369
120147500	0	5120	3743	3958	5350
120147600	0	5092	3756	3986	5331
120147700	0	5134	3766	3996	5322
120147800	0	5134	3757	3991	5340
120147900	0	5148	3748	4000	5326
120148000	0	5101	3766	3939	5289
120148100	0	5148	3752	3944	5363
120148200	0	5167	3748	3949	5331
120148301	0	5143	3743	3939	5317
120148400	0	5139	3743	3949	5298
120148500	0	5106	3761	3939	5355
120148600	0	5134	3752	4000	5308
120148700	0	5111	3738	3944	5312
120148800	0	5139	3775	3944	5340
120148900	0	5101	3761	3982	5340
120149000	0	5115	3770	3986	5363
120149100	0	5139	3770	3977	5350
120149200	0	5125	3770	3958	5303
120149300	0	5111	3752	3986	5322
120149400	0	5125	3770	3986	5322
120149500	0	5143	3757	3953	5326
120149601	0	5087	3761	3949	5345
120149700	0	5134	3743	3944	5336
120149800	0	5129	3757	3944	5312
120149900	0	5129	3785	3967	5355
120150000	0	5148	3761	3953	5336
120150100	0	5139	3766	3991	5326
120150200	0	5134	3762	3953	5336
120150300	0	5097	3770	3949	5369
120150400	0	5134	3752	3958	5350
120150500	0	5083	3770	3982	5331
120150604	0	5129	3743	3996	5350
120150700	0	5129	3748	3991	5345
120150800	0	5129	3761	3967	5331
120150900	0	5101	3756	3953	5345
120151000	0	5129	3748	3935	5322
120151100	0	5115	3756	3967	5322
120151200	0	5106	3756	3986	5289
120151300	0	5097	3766	3986	5359
120151400	0	5111	3757	3982	5298
120151500	0	5120	3762	3982	5326
120151600	0	5092	3748	3953	5368
120151700	0	5125	3748	3958	5363
120151800	0	5115	3743	3953	5331
120151900	0	5153	3756	3949	5368
120152001	0	5125	3762	3986	5340
120152100	0	5125	3761	3991	5298
120152200	0	5120	3743	3972	5312
120152300	0	5101	3743	4000	5284
120152400	0	5134	3743	3953	5331
120152514	0	5097	3757	3944	5331
120152600	0	5115	3770	3944	5317
120152700	0	5148	3762	3977	5364
120152800	0	5129	3748	3977	5312
120152901	0	5129	3757	3991	5326
120153000	0	5143	3743	3963	5345
120153100	0	5129	3761	3949	5345
120153200	0	5139	3766	3953	5363
120153300	0	5120	3780	3986	5340
120153400	0	5106	3743	3963	5308
120153500	0	5143	3761	3967	5355
120153600	0	5153	3762	3986	5340
120153700	0	5134	3756	3982	5326
120153800	0	5125	3756	3944	5331
120153900	0	5134	3766	3944	5331
120154000	0	5129	3766	3944	5331
120154100	0	5120	3761	3991	5340
120154200	0	5111	3761	3967	5322
120154300	0	5120	3756	3953	5364
120154400	0	5129	3757	3949	5340
120154500	0	5143	3738	3953	5298
120154600	0	5125	3748	3944	5355
120154704	0	5101	3785	3963	5336
120154800	0	5111	3785	3953	5355
120154900	0	5129	3743	3953	5364
120155000	0	5083	3761	3953	5345
120155100	0	5092	3780	3982	5369
120155200	0	5106	3770	3982	5322
120155300	0	5087	3752	3944	5364
120155400	0	5129	3766	3953	5345
120155500	0	5158	3775	3967	5363
120155600	0	5111	3756	3991	5368
120155700	0	5101	3770	3944	5350
120155800	0	5083	3729	3935	5345
120155900	0	5139	3743	3991	5317
120156000	0	5139	3775	3953	5382
120156100	0	5087	3752	3977	5326
120156200	0	5153	3757	3986	5345
120156300	0	5153	3761	3982	5317
120156400	0	5101	3756	3986	5298
120156500	0	5129	3757	3958	5340
120156600	0	5097	3770	3944	5368
120156700	0	5078	3748	3967	5322
120156800	0	5101	3752	3996	5336
120156900	0	5139	3780	3972	5326
120157000	0	5139	3729	3982	5317
120157100	0	5115	3756	3986	5298
120157200	0	5143	3766	3982	5336
120157300	0	5101	3743	3972	5336
120157400	0	5125	3752	3953	5368
120157500	0	5106	3748	3958	5340
120157600	0	5134	3752	3958	5317
120157700	0	5111	3762	4000	5364
120157800	0	5115	3756	3996	5312
120157900	0	5134	3770	3991	5340
120158000	0	5115	3761	3977	5373
120158100	0	5125	3757	3958	5369
120158200	0	5158	3748	3944	5345
120158304	0	5134	3734	4000	5308
120158400	0	5134	3738	3986	5326
120158500	0	5106	3761	3958	5336
120158600	0	5139	3757	3977	5308
120158700	0	5101	3762	3953	5350
120158804	0	5115	3734	3986	5265
120158900	0	5134	3766	3949	5322
120159000	0	5115	3738	3986	5308
120159100	0	5158	3743	3977	5345
120159200	0	5134	3780	3949	5340
120159300	0	5087	3775	3953	5308
120159400	0	5111	3775	3958	5336
120159500	0	5143	3766	3986	5340
120159600	0	5125	3757	3953	5377
120159700	0	5129	3748	3953	5340
120159800	0	5092	3757	3972	5340
120159900	0	5134	3762	3991	5317
120200001	0	5120	3756	3953	5331
120200100	0	5129	3748	3944	5350
120200200	0	5101	3756	3958	5303
120200299	0	5106	3766	3986	5355
120200400	0	5143	3756	3963	5326
120200500	0	5125	3743	3953	5322
120200600	0	5148	3762	3953	5350
120200700	0	5115	3780	3982	5322
120200800	0	5111	3757	3949	5326
120200900	0	5115	3762	3967	5350
120201000	0	5125	3738	3977	5322
120201100	0	5106	3761	3949	5369
120201200	0	5111	3770	3958	5317
120201300	0	5134	3752	3935	5289
120201400	0	5158	3743	3963	5289
120201500	0	5129	3752	3958	5363
120201600	0	5148	3752	3996	5317
120201700	0	5129	3752	3972	5275
120201800	0	5162	3770	3986	5317
120201900	0	5148	3748	3939	5331
120202000	0	5115	3766	4000	5340
120202100	0	5106	3762	3958	5368
120202300	0	5115	3743	3953	5340
120202400	0	5101	3766	3939	5369
120202500	0	5153	3756	3949	5312
120202600	0	5148	3762	3953	5345
120202700	0	5115	3738	3996	5355
120202800	0	5134	3761	3982	5294
120202904	0	5139	3752	3972	5312
120203000	0	5125	3757	3977	5345
120203100	0	5153	3762	3986	5350
120203200	0	5111	3752	3996	5340
120203300	0	5115	3743	3963	5322
120203400	0	5129	3734	4005	5369
120203500	0	5158	3762	3996	5369
120203600	0	5101	3738	3944	5312
120203700	0	5125	3743	3953	5355
120203800	0	5111	3780	3991	5336
120203900	0	5120	3756	3939	5377
120204000	0	5083	3752	3986	5373
120204100	0	5139	3748	4000	5270
120204200	0	5097	3762	3991	5336
120204300	0	5162	3762	3986	5317
120204400	0	5120	3770	3963	5326
120204500	0	5106	3748	3982	5317
120204600	0	5148	3752	3996	5336
120204700	0	5115	3748	3986	5322
120204800	0	5097	3729	3996	5326
120204900	0	5101	3789	3963	5340
120205000	0	5158	3775	3986	5312
120205100	0	5111	3752	3972	5317
120205200	0	5134	3752	3991	5326
120205300	0	5106	3743	3991	5322
120205400	0	5134	3762	3944	5355
120205500	0	5120	3762	3958	5359
120205600	0	5134	3729	3986	5345
120205700	0	5139	3748	3963	5373
120205800	0	5115	3752	3953	5322
120205900	0	5148	3775	3986	5336
120206000	0	5097	3738	3949	5350
120206100	0	5129	3762	3991	5363
120206200	0	5167	3766	3996	5303
120206300	0	5129	3743	3949	5363
120206400	0	5129	3724	3935	5350
120206500	0	5101	3743	3944	5322
120206599	0	5125	3743	3953	5280
120206700	0	5087	3748	3935	5312
120206800	0	5129	3743	3977	5322
120206900	0	5097	3743	3963	5355
120207004	0	5083	3743	3944	5331
120207100	0	5115	3761	3972	5298
120207200	0	5111	3766	3944	5331
120207300	0	5111	3770	3967	5345
120207400	0	5129	3738	3944	5350
120207499	0	5092	3752	3982	5368
120207600	0	5143	3756	3991	5289
120207699	0	5125	3752	3991	5326
120207800	0	5143	3762	3953	5336
120207900	0	5143	3766	3958	5331
120208000	0	5153	3761	4000	5312
120208100	0	5125	3743	3986	5312
120208200	0	5106	3748	3944	5364
120208300	0	5087	3738	3939	5340
120208400	0	5115	3761	3972	5345
120208499	0	5106	3762	3944	5265
120208600	0	5139	3743	3939	5322
120208700	0	5162	3761	3996	5359
120208800	0	5115	3738	3949	5350
120208900	0	5134	3770	3996	5368
120209000	0	5139	3743	3977	5326
120209100	0	5125	3752	3958	5312
120209200	0	5153	3752	3958	5331
120209300	0	5111	3766	3996	5340
120209400	0	5083	3761	3944	5377
120209500	0	5125	3752	3953	5326
120209600	0	5148	3729	3996	5359
120209700	0	5148	3748	3991	5364
120209800	0	5139	3719	3986	5312
120209900	0	5143	3756	3986	5359
120210000	0	5092	3752	3982	5340
120210100	0	5101	3766	3963	5303
120210200	0	5139	3762	4000	5331
120210300	0	5115	3738	3977	5350
120210400	0	5143	3761	3949	5331
120210500	0	5097	3766	3991	5317
120210600	0	5097	3752	3963	5312
120210700	0	5106	3757	3996	5308
120210800	0	5129	3770	3944	5280
120210900	0	5115	3757	3991	5308
120211000	0	5129	3762	3972	5364
120211104	0	5148	3770	3963	5373
120211200	0	5120	3766	3953	5359
120211300	0	5129	3724	3991	5364
120211400	0	5120	3748	3996	5363
120211500	0	5148	3752	3986	5336
120211600	0	5120	3756	3963	5336
120211700	0	5115	3748	3949	5368
120211800	0	5059	3762	3944	5326
120211900	0	5143	3738	3963	5298
120212000	0	5101	3748	3996	5382
120212100	0	5115	3770	3949	5340
120212200	0	5106	3743	3944	5308
120212300	0	5106	3743	3982	5331
120212400	0	5097	3762	3944	5280
120212500	0	5120	3761	3963	5312
120212600	0	5129	3761	3944	5326
120212700	0	5139	3748	3996	5364
120212800	0	5115	3762	3963	5350
120212900	0	5125	3738	3982	5368
120213000	0	5134	3734	3944	5294
120213100	0	5134	3766	3944	5331
120213199	0	5129	3762	3949	5359
120213300	0	5087	3756	4000	5326
120213400	0	5167	3752	3944	5312
120213499	0	5101	3734	3977	5331
120213600	0	5101	3761	3963	5326
120213700	0	5143	3766	3939	5326
120213800	0	5101	3743	3953	5303
120213900	0	5120	3748	3958	5355
120214000	0	5148	3761	3982	5322
120214100	0	5106	3770	3963	5345
120214200	0	5134	3757	3963	5368
120214299	0	5106	3738	3996	5331
120214400	0	5153	3770	3986	5355
120214514	0	5125	3757	3982	5331
120214600	0	5148	3756	3944	5322
120214699	0	5087	3789	3958	5363
120214800	0	5106	3761	3972	5331
120214900	0	5134	3752	3958	5340
120215000	0	5111	3757	3944	5369
120215100	0	5129	3752	3963	5312
120215204	0	5158	3757	3949	5340
120215300	0	5139	3729	3991	5294
120215400	0	5097	3743	3953	5317
120215500	0	5101	3738	3944	5312
120215600	0	5125	3752	4000	5369
120215700	0	5129	3752	3939	5312
120215800	0	5134	3757	4000	5391
120215900	0	5115	3738	3953	5364
120216000	0	5129	3748	3953	5355
120216100	0	5097	3762	3949	5368
120216200	0	5153	3762	3967	5368
120216300	0	5073	3752	3953	5303
120216400	0	5139	3761	3939	5373
120216500	0	5125	3762	3977	5336
120216600	0	5101	3762	3944	5364
120216700	0	5115	3729	3935	5336
120216800	0	5115	3757	3939	5308
120216900	0	5158	3738	3986	5326
120217000	0	5134	3756	3967	5303
120217100	0	5143	3738	3986	5369
120217200	0	5139	3738	3949	5322
120217300	0	5125	3785	3991	5326
120217400	0	5115	3756	3944	5317
120217500	0	5148	3762	3982	5331
120217600	0	5134	3794	3949	5359
120217700	0	5120	3752	3991	5326
120217799	0	5153	3761	3986	5312
120217900	0	5125	3743	3944	5322
120217999	0	5139	3775	3953	5317
120218100	0	5129	3752	3963	5336
120218200	0	5115	3729	3986	5317
120218300	0	5115	3738	3958	5387
120218399	0	5162	3780	3949	5368
120218500	0	5162	3766	3949	5340
120218600	0	5083	3761	3972	5355
120218700	0	5120	3752	3972	5355
120218800	0	5097	3762	3977	5363
120218900	0	5134	3799	3986	5322
120219000	0	5129	3748	3953	5369
120219100	0	5120	3766	3982	5308
120219199	0	5158	3757	3996	5326
120219304	0	5158	3761	3939	5303
120219400	0	5148	3719	3963	5303
120219500	0	5120	3756	3991	5359
120219600	0	5129	3757	3949	5350
120219700	0	5139	3738	3953	5340
120219800	0	5143	3766	3963	5363
120219900	0	5106	3775	3972	5336
120220000	0	5162	3752	3939	5331
120220100	0	5115	3757	3991	5359
120220200	0	5148	3780	3963	5322
120220300	0	5134	3762	3986	5340
120220400	0	5125	3743	3939	5322
120220500	0	5120	3757	3972	5340
120220600	0	5129	3743	3967	5308
120220699	0	5125	3766	3949	5336
120220800	0	5134	3770	3991	5312
120220900	0	5125	3756	3977	5317
120221000	0	5153	3766	3972	5322
120221100	0	5158	3743	3986	5377
120221200	0	5092	3775	3996	5350
120221300	0	5134	3748	3949	5317
120221400	0	5148	3757	3958	5275
120221500	0	5120	3762	3949	5331
120221600	0	5143	3775	3977	5363
120221699	0	5148	3761	3977	5322
120221800	0	5115	3761	3982	5322
120221900	0	5139	3757	3982	5308
120222000	0	5129	3752	3949	5364
120222100	0	5115	3762	3982	5345
120222200	0	5111	3743	3958	5336
120222299	0	5129	3766	3996	5312
120222400	0	5092	3738	3972	5336
120222500	0	5092	3756	3963	5336
120222600	0	5139	3780	3944	5312
120222700	0	5148	3766	3967	5312
120222799	0	5111	3743	3953	5331
120222900	0	5115	3757	3982	5336
120223000	0	5153	3770	3986	5336
120223100	0	5134	3766	3953	5377
120223200	0	5143	3762	3996	5326
120223300	0	5111	3743	3944	5369
120223403	0	5139	3762	3977	5373
120223499	0	5143	3752	3953	5317
120223599	0	5106	3738	3958	5355
120223700	0	5083	3743	3953	5387
120223799	0	5111	3770	3972	5369
120223900	0	5115	3785	3953	5345
120224000	0	5129	3748	3944	5368
120224100	0	5111	3724	3986	5317
120224203	0	5120	3757	3953	5355
120224300	0	5101	3729	3982	5368
120224400	0	5134	3766	3977	5298
120224500	0	5129	3724	3949	5312
120224600	0	5120	3761	3944	5331
120224700	0	5134	3752	3991	5312
120224800	0	5134	3780	3949	5336
120224900	0	5143	3756	3963	5355
120224999	0	5139	3743	3963	5364
120225100	0	5125	3757	3996	5331
120225200	0	5134	3757	3982	5340
120225300	0	5111	3762	3953	5340
120225400	0	5120	3734	3982	5270
120225500	0	5134	3752	3967	5345
120225599	0	5153	3762	3958	5308
120225700	0	5148	3743	3949	5317
120225800	0	5092	3756	3991	5345
120225900	0	5125	3756	3939	5355
120226000	0	5153	3762	3944	5308
120226100	0	5092	3724	3944	5317
120226200	0	5148	3743	3996	5364
120226300	0	5143	3734	3949	5350
120226400	0	5129	3738	3953	5326
120226500	0	5106	3752	3982	5312
120226600	0	5125	3734	3939	5336
120226700	0	5139	3756	3949	5322
120226800	0	5148	3766	3996	5387
120226900	0	5083	3762	3944	5326
120226999	0	5120	3752	3935	5350
120227100	0	5162	3775	3944	5359
120227200	0	5134	3738	3986	5364
120227300	0	5120	3757	3953	5355
120227400	0	5143	3748	3944	5355
120227504	0	5125	3766	3982	5369
120227599	0	5134	3761	3944	5345
120227700	0	5101	3761	3986	5345
120227800	0	5087	3766	3991	5298
120227899	0	5115	3748	3996	5317
120228000	0	5097	3756	3977	5303
120228099	0	5092	3761	3996	5326
120228199	0	5139	3770	3944	5322
120228300	0	5120	3762	3986	5317
120228400	0	5134	3762	3949	5294
120228500	0	5129	3748	3953	5350
120228600	0	5153	3762	3986	5359
120228699	0	5111	3734	3986	5387
120228799	0	5097	3770	3977	5326
120228900	0	5120	3748	3991	5312
120228999	0	5101	3775	3953	5345
120229099	0	5158	3748	3991	5312
120229199	0	5153	3775	3953	5280
120229300	0	5139	3743	3996	5369
120229399	0	5101	3738	3986	5317
120229499	0	5139	3770	3963	5368
120229600	0	5153	3748	3953	5368
120229699	0	5143	3761	3953	5298
120229800	0	5139	3743	3986	5326
120229899	0	5106	3757	3958	5284
120229999	0	5153	3757	3972	5382
120230099	0	5101	3757	3949	5340
120230200	0	5134	3743	3991	5340
120230300	0	5125	3757	3967	5326
120230400	0	5129	3738	3953	5312
120230499	0	5115	3734	3944	5373
120230600	0	5115	3766	3953	5350
120230700	0	5129	3761	3991	5345
120230799	0	5120	3770	3986	5340
120230900	0	5129	3748	3953	5369
120231000	0	5125	3775	3967	5345
120231100	0	5139	3748	3991	5331
120231200	0	5120	3748	3982	5336
120231300	0	5120	3756	3939	5303
120231399	0	5129	3766	3949	5340
120231499	0	5120	3762	3991	5382
120231603	0	5087	3738	3991	5261
120231700	0	5129	3757	3944	5312
120231800	0	5125	3770	3972	5298
120231900	0	5097	3748	3991	5350
120232000	0	5111	3775	3991	5363
120232099	0	5115	3752	3949	5359
120232200	0	5101	3762	3986	5308
120232300	0	5101	3803	3986	5331
120232399	0	5125	3766	3949	5331
120232500	0	5134	3775	3953	5322
120232599	0	5078	3757	3967	5270
120232699	0	5120	3757	3991	5289
120232800	0	5153	3762	3986	5308
120232900	0	5111	3770	3949	5326
120232999	0	5153	3752	3944	5312
120233100	0	5115	3762	3963	5368
120233200	0	5101	3766	3939	5294
120233299	0	5148	3756	3996	5317
120233400	0	5120	3794	3977	5317
120233500	0	5129	3770	3963	5336
120233600	0	5092	3756	3972	5363
120233700	0	5139	3756	3967	5369
120233799	0	5097	3756	3977	5363
120233899	0	5106	3748	3991	5369
120233999	0	5092	3770	3953	5364
120234100	0	5120	3734	3935	5350
120234200	0	5139	3785	3949	5369
120234314	0	5134	3766	3991	5336
120234414	0	5111	3761	3953	5298
120234499	0	5129	3761	3949	5373
120234600	0	5153	3761	3944	5355
120234700	0	5134	3743	3982	5317
120234800	0	5125	3757	3963	5355
120234900	0	5078	3752	3977	5387
120234999	0	5083	3780	3986	5336
120235100	0	5134	3780	3953	5322
120235199	0	5125	3738	3986	5284
120235300	0	5148	3752	3991	5336
120235400	0	5097	3752	3935	5336
120235500	0	5129	3775	3996	5298
120235600	0	5120	3766	3977	5322
120235704	0	5129	3748	4005	5368
120235799	0	5120	3756	3953	5336
120235900	0	5111	3743	3953	5359
120236000	0	5143	3757	3953	5340
120236100	0	5129	3756	3991	5326
120236199	0	5120	3724	3963	5312
120236299	0	5120	3770	3967	5350
120236399	0	5115	3761	3953	5355
120236499	0	5092	3766	3986	5317
120236599	0	5097	3738	3967	5303
120236699	0	5115	3748	3991	5336
120236799	0	5101	3762	3991	5322
120236900	0	5129	3743	3949	5345
120236999	0	5139	3756	3986	5326
120237100	0	5139	3761	3991	5317
120237199	0	5120	3729	3982	5308
120237300	0	5101	3766	3986	5322
120237399	0	5143	3752	3958	5391
120237499	0	5092	3752	3963	5350
120237600	0	5153	3761	3958	5308
120237699	0	5134	3766	3958	5363
120237800	0	5092	3775	3977	5363
120237899	0	5129	3738	3958	5331
120238000	0	5134	3734	3944	5331
120238099	0	5106	3770	3944	5355
120238200	0	5115	3762	3986	5345
120238300	0	5101	3770	3986	5298
120238399	0	5139	3748	3996	5345
120238500	0	5120	3748	3953	5312
120238599	0	5125	3738	3996	5340
120238699	0	5097	3766	3986	5317
120238799	0	5125	3762	3991	5359
120238899	0	5120	3761	3949	5326
120239000	0	5125	3756	3991	5350
120239100	0	5134	3770	3967	5336
120239199	0	5134	3757	3944	5312
120239299	0	5139	3748	4000	5377
120239400	0	5153	3743	3953	5312
120239499	0	5134	3761	3949	5336
120239600	0	5139	3752	3944	5340
120239699	0	5106	3719	3982	5340
120239803	0	5115	3752	3991	5326
120239899	0	5134	3757	3986	5336
120240000	0	5115	3734	3963	5340
120240099	0	5143	3756	3963	5364
120240199	0	5125	3762	3935	5368
120240299	0	5073	3752	3935	5382
120240400	0	5129	3757	3953	5317
120240500	0	5125	3757	3991	5289
120240600	0	5134	3761	3996	5345
120240700	0	5134	3734	3944	5363
120240799	0	5153	3756	3991	5298
120240900	0	5115	3748	3949	5303
120241000	0	5083	3770	3949	5326
120241100	0	5153	3719	3939	5331
120241199	0	5139	3748	3982	5340
120241300	0	5120	3770	3953	5322
120241400	0	5097	3752	3944	5284
120241500	0	5129	3789	3949	5373
120241599	0	5129	3756	3977	5331
120241700	0	5125	3761	3939	5350
120241800	0	5158	3756	3953	5355
120241899	0	5148	3761	3991	5303
120242000	0	5143	3766	3944	5326
120242100	0	5143	3762	3982	5345
120242199	0	5097	3762	3991	5336
120242299	0	5087	3766	3986	5359
120242399	0	5120	3743	3967	5373
120242499	0	5129	3738	3944	5331
120242600	0	5125	3756	3996	5331
120242699	0	5087	3770	3949	5289
120242800	0	5115	3748	3944	5368
120242899	0	5148	3757	3996	5359
120243000	0	5111	3738	3986	5350
120243099	0	5125	3761	3949	5326
120243200	0	5111	3761	3949	5336
120243299	0	5139	3762	3963	5331
120243400	0	5101	3734	3963	5387
120243500	0	5111	3748	3953	5340
120243600	0	5120	3743	3991	5340
120243700	0	5106	3761	3986	5308
120243800	0	5129	3738	3963	5377
120243904	0	5139	3752	3982	5355
120243999	0	5129	3761	3991	5298
120244100	0	5134	3770	3949	5326
120244199	0	5158	3766	3949	5322
120244300	0	5129	3761	3963	5345
120244400	0	5129	3785	3958	5368
120244500	0	5153	3757	3991	5340
120244600	0	5120	3766	3982	5364
120244699	0	5148	3770	3958	5369
120244800	0	5129	3743	4010	5289
120244899	0	5106	3762	3958	5364
120245000	0	5125	3770	3949	5303
120245100	0	5120	3752	3982	5359
120245200	0	5129	3752	3982	5373
120245399	0	5129	3762	3991	5355
120245499	0	5134	3738	3944	5326
120245599	0	5129	3734	3986	5322
120245700	0	5115	3724	3944	5322
120245800	0	5134	3775	3977	5312
120245900	0	5134	3752	4000	5340
120246000	0	5143	3757	3991	5322
120246099	0	5148	3766	3982	5336
120246200	0	5092	3748	3953	5345
120246299	0	5143	3752	3977	5331
120246399	0	5134	3762	3982	5350
120246499	0	5115	3775	3977	5368
120246599	0	5143	3757	3991	5345
120246699	0	5064	3734	3958	5312
120246800	0	5120	3756	3982	5350
120246899	0	5106	3766	3963	5322
120246999	0	5139	3738	3977	5298
120247099	0	5143	3770	3944	5364
120247200	0	5139	3743	3963	5369
120247299	0	5097	3756	3953	5363
120247399	0	5143	3761	3986	5345
120247500	0	5120	3752	3977	5355
120247600	0	5106	3734	3953	5350
120247699	0	5101	3738	3991	5322
120247800	0	5134	3766	3949	5308
120247900	0	5087	3762	3991	5336
120248004	0	5106	3757	3991	5336
120248100	0	5158	3752	3991	5373
120248213	0	5087	3756	3972	5363
120248314	0	5064	3756	3944	5317
120248399	0	5083	3757	3972	5317
120248499	0	5101	3757	3972	5377
120248599	0	5115	3756	3986	5373
120248700	0	5120	3761	3996	5322
120248800	0	5167	3770	3982	5312
120248900	0	5158	3752	3972	5303
120249000	0	5125	3756	3996	5312
120249100	0	5125	3766	3996	5373
120249199	0	5115	3752	3972	5303
120249299	0	5129	3756	3986	5336
120249399	0	5120	3756	3949	5317
120249499	0	5172	3766	3939	5345
120249599	0	5106	3761	3953	5368
120249699	0	5129	3752	3996	5377
120249800	0	5139	3766	3977	5322
120249899	0	5143	3743	3986	5355
120250000	0	5158	3770	3986	5340
120250103	0	5120	3761	3953	5326
120250299	0	5120	3756	3996	5373
120250400	0	5134	3775	3953	5340
120250499	0	5143	3762	3953	5336
120250600	0	5120	3743	3949	5364
120250700	0	5125	3761	3953	5369
120250800	0	5153	3748	3991	5326
120250899	0	5120	3748	3939	5331
120251000	0	5111	3770	3986	5265
120251099	0	5092	3748	3953	5345
120251200	0	5129	3734	3986	5317
120251299	0	5087	3757	3991	5336
120251399	0	5139	3743	3944	5317
120251500	0	5148	3775	4000	5312
120251600	0	5153	3756	3949	5303
120251699	0	5139	3752	3996	5364
120251799	0	5087	3761	3982	5350
120251900	0	5120	3757	3967	5326
120252000	0	5120	3752	3953	5298
120252103	0	5097	3770	3982	5345
120252199	0	5120	3757	3977	5350
120252300	0	5101	3785	3949	5359
120252399	0	5129	3719	3958	5294
120252500	0	5092	3757	3949	5322
120252600	0	5134	3743	3972	5336
120252700	0	5162	3770	4000	5322
120252800	0	5129	3734	3944	5298
120252900	0	5106	3761	3996	5359
120253000	0	5129	3766	3949	5336
120253099	0	5111	3748	3944	5359
120253200	0	5153	3738	3953	5326
120253299	0	5129	3762	3996	5359
120253399	0	5129	3770	3982	5312
120253499	0	5087	3756	3958	5308
120253600	0	5125	3762	3991	5298
120253700	0	5134	3748	3949	5317
120253800	0	5115	3757	3944	5355
120253900	0	5083	3761	3986	5303
120254000	0	5139	3748	3991	5284
120254100	0	5106	3756	3935	5317
120254200	0	5139	3748	3939	5359
120254299	0	5129	3762	3986	5368
120254399	0	5153	3761	3977	5345
120254500	0	5111	3775	3977	5359
120254599	0	5134	3770	4000	5345
120254699	0	5125	3761	3963	5326
120254800	0	5115	3752	3958	5391
120254899	0	5115	3757	3991	5350
120254999	0	5111	3752	3958	5303
120255099	0	5143	3752	3944	5345
120255199	0	5125	3766	3949	5359
120255300	0	5129	3752	3982	5336
120255400	0	5134	3734	3949	5331
120255500	0	5120	3752	3972	5340
120255600	0	5158	3770	3953	5345
120255699	0	5139	3757	3972	5336
120255800	0	5134	3743	3939	5345
120255899	0	5129	3734	3939	5303
120255999	0	5106	3766	3944	5303
120256100	0	5129	3775	3944	5298
120256203	0	5125	3757	3982	5350
120256299	0	5115	3770	3949	5340
120256399	0	5111	3752	3953	5303
120256499	0	5134	3752	3953	5363
120256600	0	5143	3762	3963	5345
120256699	0	5106	3775	3991	5331
120256799	0	5083	3756	3949	5294
120256899	0	5153	3738	3953	5331
120257000	0	5120	3748	3949	5331
120257099	0	5153	3766	3982	5317
120257200	0	5143	3756	3939	5364
120257299	0	5101	3752	3958	5284
120257399	0	5129	3748	3982	5331
120257500	0	5106	3762	3958	5289
120257600	0	5101	3766	3963	5308
120257699	0	5125	3762	3982	5369
120257799	0	5134	3762	3949	5345
120257899	0	5148	3785	3982	5355
120257999	0	5111	3738	3986	5382
120258099	0	5092	3766	3953	5294
120258200	0	5125	3766	3958	5312
120258299	0	5139	3761	3953	5345
120258400	0	5129	3761	3953	5331
120258500	0	5111	3748	3939	5317
120258599	0	5143	3756	3953	5355
120258699	0	5115	3766	3986	5350
120258799	0	5129	3780	3991	5308
120258899	0	5101	3761	3949	5369
120259000	0	5106	3743	3977	5317
120259099	0	5125	3766	3977	5368
120259200	0	5120	3738	3953	5350
120259399	0	5106	3748	3977	5355
120259499	0	5101	3757	3986	5345
120259599	0	5148	3738	3996	5355
120259699	0	5134	3756	3977	5340
120259800	0	5115	3762	3949	5350
120259899	0	5068	3756	3986	5317
120259999	0	5120	3756	3963	5396
120300099	0	5134	3762	3977	5303
120300199	0	5139	3743	3967	5373
120300303	0	5134	3748	3963	5294
120300399	0	5092	3748	3949	5326
120300499	0	5139	3789	3991	5364
120300599	0	5139	3766	3986	5359
120300700	0	5148	3770	3944	5308
120300799	0	5134	3775	3963	5345
120300900	0	5139	3752	3953	5350
120301000	0	5083	3770	3982	5363
120301099	0	5092	3780	3991	5363
120301200	0	5120	3770	3949	5326
120301299	0	5134	3734	3953	5340
120301399	0	5125	3762	3944	5345
120301499	0	5097	3761	3996	5336
120301600	0	5134	3748	3949	5336
120301699	0	5101	3775	3986	5373
120301799	0	5111	3734	3953	5312
120301899	0	5120	3770	3949	5312
120302000	0	5087	3766	3953	5359
120302100	0	5134	3756	3967	5345
120302199	0	5125	3738	3967	5312
120302299	0	5148	3770	3967	5308
120302399	0	5106	3752	3967	5364
120302500	0	5148	3761	3963	5303
120302600	0	5125	3748	3982	5391
120302699	0	5120	3743	3958	5363
120302800	0	5125	3761	3949	5331
120302899	0	5139	3780	3958	5317
120302999	0	5139	3729	3977	5336
120303100	0	5120	3752	3982	5340
120303199	0	5115	3756	3972	5364
120303299	0	5115	3724	3977	5322
120303399	0	5125	3770	3944	5317
120303499	0	5120	3743	3986	5368
120303599	0	5143	3770	3930	5345
120303700	0	5153	3770	3958	5336
120303800	0	5106	3775	3953	5322
120303899	0	5129	3748	3996	5326
120303999	0	5125	3738	3967	5312
120304099	0	5153	3743	3944	5303
120304200	0	5143	3770	3996	5326
120304300	0	5111	3748	3944	5364
120304403	0	5134	3748	3958	5317
120304499	0	5129	3775	3958	5308
120304599	0	5106	3748	3982	5364
120304699	0	5134	3757	3949	5340
120304799	0	5115	3748	3996	5355
120304900	0	5101	3756	3991	5369
120304999	0	5125	3756	3953	5340
120305099	0	5115	3770	3949	5298
120305199	0	5115	3757	3982	5298
120305299	0	5115	3752	3996	5308
120305399	0	5115	3757	3977	5322
120305499	0	5139	3770	3944	5368
120305599	0	5115	3734	3967	5340
120305699	0	5120	3757	3967	5289
120305799	0	5083	3761	3982	5331
120305900	0	5120	3743	3996	5359
120305999	0	5158	3748	3972	5312
120306099	0	5120	3757	3986	5355
120306199	0	5125	3752	3986	5326
120306300	0	5134	3762	3963	5373
120306399	0	5129	3775	3944	5363
120306499	0	5115	3729	3972	5340
120306600	0	5111	3743	3977	5308
120306699	0	5092	3752	3986	5326
120306799	0	5139	3762	3982	5369
120306899	0	5120	3734	3949	5368
120307000	0	5106	3762	3977	5336
120307100	0	5101	3738	3977	5340
120307199	0	5153	3780	3977	5336
120307299	0	5158	3757	3991	5326
120307399	0	5106	3770	3991	5326
120307500	0	5120	3734	3982	5377
120307599	0	5153	3775	3949	5312
120307700	0	5106	3757	3967	5369
120307799	0	5129	3757	3949	5359
120307899	0	5106	3748	3944	5322
120308000	0	5111	3734	3991	5298
120308099	0	5115	3757	3953	5326
120308200	0	5101	3770	3944	5359
120308299	0	5111	3757	3949	5289
120308400	0	5120	3766	3967	5340
120308501	0	5106	3752	3963	5303
120308599	0	5134	3766	3986	5345
120308699	0	5092	3762	3991	5298
120308799	0	5073	3757	3935	5336
120308899	0	5139	3729	3963	5350
120309000	0	5125	3752	3977	5382
120309099	0	5087	3734	3939	5368
120309199	0	5139	3770	3991	5298
120309299	0	5120	3766	3982	5373
120309399	0	5120	3761	3963	5317
120309499	0	5101	3770	3963	5308
120309599	0	5092	3757	3991	5303
120309699	0	5111	3743	3949	5336
120309799	0	5153	3757	3944	5369
120309899	0	5106	3780	3953	5317
120309999	0	5167	3775	3935	5340
120310099	0	5129	3752	3986	5284
120310200	0	5139	3752	3967	5298
120310300	0	5129	3757	3958	5355
120310399	0	5111	3743	3949	5350
120310499	0	5134	3757	3939	5345
120310599	0	5125	3766	3963	5303
120310699	0	5139	3761	3996	5308
120310799	0	5087	3762	3963	5331
120310899	0	5092	3748	3958	5336
120310999	0	5078	3756	3953	5345
120311100	0	5115	3775	3986	5298
120311200	0	5125	3780	3991	5331
120311299	0	5120	3734	3953	5359
120311399	0	5125	3762	3986	5364
120311500	0	5115	3738	3953	5294
120311599	0	5120	3762	3958	5369
120311699	0	5125	3766	3958	5373
120311799	0	5120	3748	3944	5322
120311900	0	5158	3734	3958	5303
120311999	0	5101	3734	3991	5359
120312099	0	5139	3762	3958	5340
120312199	0	5125	3734	3939	5289
120312299	0	5106	3738	3986	5322
120312399	0	5125	3748	3986	5294
120312499	0	5087	3752	3986	5377
120312602	0	5148	3738	3967	5317
120312699	0	5092	3775	3982	5369
120312799	0	5134	3762	3944	5368
120312899	0	5148	3756	3996	5369
120312999	0	5111	3780	3939	5308
120313099	0	5139	3757	3996	5308
120313199	0	5125	3756	3991	5364
120313299	0	5097	3738	3953	5340
120313399	0	5111	3766	3935	5308
120313499	0	5129	3756	3963	5350
120313599	0	5073	3761	3977	5284
120313699	0	5125	3757	3996	5326
120313800	0	5129	3780	3977	5303
120313899	0	5092	3743	3982	5312
120313999	0	5087	3752	3949	5355
120314100	0	5139	3766	3953	5326
120314199	0	5158	3762	3982	5326
120314300	0	5158	3770	3996	5355
120314400	0	5115	3757	3996	5322
120314500	0	5106	3761	3953	5308
120314600	0	5125	3762	3953	5289
120314699	0	5125	3775	3982	5359
120314799	0	5139	3766	4000	5331
120314900	0	5129	3734	3967	5322
120314999	0	5106	3780	3972	5317
120315099	0	5134	3752	3977	5289
120315199	0	5129	3761	3977	5331
120315300	0	5148	3748	4000	5336
120315399	0	5162	3789	3986	5368
120315499	0	5143	3748	3986	5303
120315599	0	5143	3757	3949	5317
120315699	0	5101	3752	3977	5340
120315799	0	5125	3775	3972	5294
120315899	0	5134	3748	3996	5322
120316003	0	5139	3775	3977	5284
120316099	0	5129	3748	3996	5369
120316199	0	5120	3738	3996	5355
120316300	0	5115	3757	3986	5345
120316399	0	5111	3743	3991	5336
120316499	0	5083	3770	3953	5406
120316599	0	5083	3748	3958	5308
120316701	0	5115	3738	3953	5345
120316799	0	5148	3748	3949	5317
120316899	0	5162	3766	3944	5363
120317000	0	5129	3766	3991	5345
120317099	0	5139	3752	3958	5364
120317199	0	5139	3743	3949	5298
120317299	0	5129	3743	3944	5322
120317399	0	5129	3775	3939	5326
120317500	0	5134	3734	3972	5331
120317599	0	5101	3756	3982	5355
120317699	0	5120	3752	3986	5355
120317800	0	5106	3761	3953	5331
120317900	0	5111	3719	3977	5369
120317999	0	5134	3761	3949	5308
120318099	0	5111	3748	4000	5359
120318199	0	5125	3762	3953	5368
120318299	0	5120	3752	3958	5382
120318400	0	5115	3752	3935	5359
120318499	0	5115	3761	3996	5406
120318599	0	5134	3752	3982	5377
120318699	0	5125	3762	3963	5406
120318799	0	5172	3743	3991	5275
120318899	0	5097	3756	3949	5298
120319000	0	5139	3743	3991	5345
120319099	0	5083	3756	3967	5303
120319199	0	5125	3761	3944	5308
120319299	0	5097	3775	3982	5322
120319399	0	5162	3748	3982	5336
120319500	0	5139	3752	3939	5303
120319599	0	5115	3770	3996	5369
120319699	0	5111	3738	3963	5298
120319799	0	5111	3748	3953	5364
120319899	0	5087	3748	3991	5322
120319999	0	5139	3734	3949	5331
120320099	0	5097	3794	3958	5368
120320199	0	5162	3762	3953	5340
120320299	0	5129	3743	3953	5326
120320399	0	5106	3770	3991	5247
120320499	0	5148	3748	3958	5326
120320599	0	5148	3738	3944	5331
120320699	0	5134	3762	3949	5331
120320801	0	5129	3775	3944	5326
120320899	0	5125	3766	3977	5340
120320999	0	5139	3761	3939	5284
120321100	0	5139	3770	3958	5336
120321199	0	5153	3748	3986	5340
120321299	0	5106	3762	3982	5326
120321400	0	5097	3780	3996	5256
120321499	0	5153	3748	3977	5340
120321600	0	5106	3770	3949	5340
120321700	0	5115	3756	3977	5373
120321799	0	5129	3757	3991	5369
120321899	0	5139	3752	3958	5326
120322000	0	5125	3734	3996	5326
120322099	0	5115	3770	3982	5377
120322199	0	5083	3729	3944	5336
120322299	0	5148	3757	3977	5336
120322399	0	5115	3743	3949	5298
120322499	0	5106	3748	3944	5326
120322599	0	5167	3761	3996	5340
120322699	0	5153	3762	3982	5289
120322799	0	5162	3762	3944	5340
120322899	0	5143	3762	3977	5298
120322999	0	5078	3762	3991	5369
120323099	0	5129	3761	3925	5355
120323199	0	5097	3756	3944	5308
120323299	0	5101	3770	3953	5350
120323399	0	5162	3752	3953	5345
120323499	0	5087	3766	3972	5359
120323600	0	5101	3738	3953	5340
120323699	0	5167	3757	3991	5368
120323799	0	5120	3762	3991	5345
120323899	0	5111	3766	3996	5326
120323999	0	5097	3761	3949	5350
120324099	0	5148	3748	3944	5369
120324199	0	5139	3715	3991	5312
120324299	0	5139	3785	3939	5340
120324399	0	5092	3757	3967	5396
120324499	0	5139	3761	3958	5280
120324599	0	5129	3770	3982	5387
120324699	0	5143	3789	4000	5368
120324799	0	5139	3766	3967	5336
120324901	0	5092	3775	3958	5303
120325000	0	5120	3762	3996	5359
120325099	0	5129	3762	3963	5359
120325199	0	5101	3756	3963	5322
120325299	0	5143	3752	3972	5369
120325399	0	5106	3729	3953	5326
120325499	0	5134	3729	3949	5289
120325599	0	5115	3761	3958	5340
120325699	0	5111	3780	3972	5359
120325799	0	5143	3757	3967	5340
120325899	0	5143	3752	3977	5350
120325999	0	5106	3748	3953	5340
120326097	0	5087	3748	3986	5294
120326197	0	5115	3743	3939	5331
120326297	0	5120	3752	3963	5336
120326397	0	5092	3734	3991	5322
120326497	0	5106	3748	3953	5387
120326597	0	5129	3761	3963	5308
120326697	0	5148	3766	3949	5331
120326797	0	5134	3734	3991	5340
120326897	0	5097	3775	3963	5298
120326997	0	5134	3748	3982	5331
120327097	0	5092	3757	3949	5350
120327197	0	5139	3762	3953	5336
120327297	0	5129	3729	3944	5336
120327397	0	5111	3748	3986	5289
120327497	0	5139	3761	3953	5377
120327597	0	5129	3785	3991	5336
120327697	0	5139	3752	3972	5373
120327797	0	5129	3766	3944	5317
120327897	0	5101	3738	3996	5363
120327997	0	5120	3770	3967	5308
120328098	0	5134	3766	3949	5326
120328197	0	5120	3785	3958	5336
120328297	0	5134	3752	3991	5312
120328397	0	5068	3761	3996	5355
120328497	0	5115	3734	3996	5326
120328597	0	5101	3743	3963	5345
120328697	0	5115	3780	3982	5322
120328797	0	5111	3738	3953	5373
120328897	0	5139	3761	3958	5359
120329001	0	5139	3748	3963	5326
120329097	0	5153	3743	3986	5368
120329197	0	5092	3761	3958	5331
120329297	0	5115	3757	3939	5303
120329397	0	5125	3775	3967	5326
120329497	0	5087	3766	3958	5331
120329597	0	5120	3752	3982	5331
120329697	0	5120	3761	3949	5336
120329797	0	5073	3734	3967	5340
120329897	0	5129	3770	3949	5326
120329997	0	5129	3775	3982	5369
120330097	0	5129	3762	3949	5322
120330197	0	5125	3756	3949	5369
120330297	0	5125	3756	3953	5382
120330397	0	5139	3752	3967	5298
120330497	0	5148	3756	3953	5284
120330597	0	5120	3785	3939	5331
120330697	0	5101	3761	3986	5308
120330797	0	5129	3757	3944	5284
120330897	0	5134	3729	3949	5359
120330997	0	5134	3766	3996	5359
120331097	0	5106	3752	3935	5294
120331197	0	5134	3766	3986	5326
120331297	0	5139	3785	3953	5355
120331397	0	5120	3752	3991	5345
120331497	0	5115	3748	3949	5410
120331597	0	5139	3762	3982	5326
120331697	0	5115	3766	3991	5326
120331797	0	5120	3734	3996	5326
120331897	0	5148	3775	3958	5331
120331997	0	5111	3766	3949	5303
120332097	0	5115	3757	3991	5350
120332197	0	5139	3770	3958	5336
120332297	0	5083	3743	3991	5317
120332397	0	5083	3762	3944	5345
120332497	0	5101	3738	3982	5340
120332597	0	5134	3738	3982	5298
120332697	0	5129	3748	3991	5345
120332797	0	5148	3752	3986	5368
120332897	0	5111	3761	3953	5369
120332996	0	5097	3734	3949	5350
120333101	0	5134	3756	3949	5303
120333197	0	5101	3748	3963	5331
120333297	0	5111	3729	3953	5350
120333397	0	5092	3762	3982	5326
120333497	0	5120	3770	3949	5317
120333597	0	5125	3766	3939	5322
120333697	0	5078	3770	3949	5317
120333797	0	5120	3775	3944	5308
120333897	0	5106	3748	3996	5369
120333997	0	5129	3743	3953	5326
120334097	0	5115	3752	3958	5331
120334197	0	5125	3770	3967	5340
120334297	0	5129	3738	3958	5387
120334397	0	5129	3757	3953	5284
120334497	0	5139	3748	3986	5303
120334597	0	5078	3757	3986	5308
120334697	0	5111	3729	3958	5331
120334797	0	5129	3757	3967	5270
120334897	0	5092	3752	3991	5345
120334997	0	5111	3743	3958	5308
120335097	0	5120	3756	3953	5326
120335197	0	5143	3757	3939	5382
120335297	0	5148	3775	3977	5322
120335397	0	5158	3775	3963	5369
120335497	0	5087	3761	3944	5298
120335597	0	5134	3734	3949	5312
120335697	0	5129	3743	3977	5312
120335797	0	5111	3762	3996	5322
120335897	0	5143	3766	3944	5331
120335997	0	5092	3756	3972	5350
120336097	0	5115	3734	3944	5340
120336197	0	5153	3761	3963	5284
120336297	0	5111	3748	3967	5326
120336396	0	5153	3780	3953	5261
120336497	0	5139	3766	3958	5396
120336597	0	5139	3748	3991	5369
120336697	0	5111	3762	3944	5391
120336796	0	5134	3762	3972	5289
120336897	0	5111	3738	3939	5303
120336997	0	5101	3756	3972	5373
120337096	0	5134	3757	3949	5350
120337201	0	5101	3743	3949	5298
120337297	0	5153	3743	3991	5345
120337397	0	5139	3756	3982	5312
120337497	0	5087	3748	3944	5340
120337597	0	5139	3762	3977	5382
120337697	0	5111	3752	3972	5345
120337797	0	5120	3752	3967	5294
120337897	0	5120	3757	3949	5340
120337996	0	5125	3770	3953	5364
120338097	0	5101	3748	3963	5317
120338197	0	5129	3775	3982	5308
120338297	0	5120	3785	3944	5312
120338397	0	5106	3761	3949	5340
120338497	0	5139	3770	3939	5350
120338597	0	5134	3775	3991	5322
120338697	0	5134	3780	3991	5359
120338797	0	5115	3780	3953	5336
120338897	0	5134	3757	4010	5322
120338997	0	5097	3757	3963	5363
120339097	0	5120	3780	3986	5280
120339197	0	5097	3738	4000	5345
120339297	0	5153	3762	3982	5387
120339397	0	5139	3761	3953	5303
120339497	0	5111	3748	3944	5336
120339597	0	5115	3761	3963	5345
120339697	0	5101	3752	3953	5368
120339797	0	5153	3743	3986	5312
120339897	0	5097	3761	3986	5355
120339997	0	5125	3743	3953	5331
120340097	0	5092	3756	3949	5303
120340197	0	5134	3752	3972	5369
120340297	0	5097	3738	3986	5289
120340396	0	5134	3770	3921	5369
120340497	0	5120	3752	3949	5350
120340597	0	5115	3752	3953	5317
120340697	0	5129	3748	3949	5303
120340797	0	5129	3729	3982	5369
120340897	0	5134	3734	3953	5322
120340997	0	5153	3766	3972	5308
120341097	0	5111	3734	3939	5326
120341197	0	5097	3752	3963	5322
120341301	0	5083	3757	3991	5368
120341397	0	5139	3770	3986	5363
120341497	0	5111	3766	3982	5355
120341597	0	5083	3748	3944	5284
120341697	0	5101	3757	3939	5294
120341797	0	5148	3738	3991	5336
120341903	0	5162	3752	3949	5355
120341997	0	5125	3761	3953	5298
120342097	0	5111	3756	3991	5317
120342197	0	5129	3748	3944	5331
120342297	0	5073	3757	3949	5289
120342397	0	5115	3761	3944	5345
120342497	0	5125	3756	3991	5364
120342597	0	5101	3756	3935	5355
120342697	0	5134	3756	3986	5350
120342797	0	5125	3762	3991	5364
120342897	0	5139	3761	3963	5331
120342997	0	5111	3748	3949	5369
120343097	0	5115	3761	3991	5326
120343197	0	5148	3780	3939	5326
120343297	0	5092	3775	3982	5303
120343397	0	5092	3724	3991	5359
120343497	0	5083	3770	3949	5326
120343597	0	5068	3738	3953	5373
120343697	0	5115	3770	3958	5303
120343797	0	5139	3757	3935	5308
120343896	0	5115	3752	3972	5298
120343997	0	5129	3762	3996	5364
120344097	0	5092	3734	3986	5251
120344197	0	5129	3757	3991	5317
120344296	0	5106	3780	3967	5322
120344397	0	5129	3766	3949	5359
120344497	0	5120	3738	3991	5336
120344597	0	5134	3756	3944	5312
120344697	0	5073	3757	3986	5303
120344796	0	5115	3780	3986	5355
120344897	0	5092	3756	3982	5350
120344997	0	5129	3743	3953	5317
120345097	0	5097	3757	3986	5377
120345196	0	5158	3761	3935	5336
120345297	0	5148	3775	3939	5298
120345401	0	5111	3748	3982	5312
120345497	0	5106	3756	3953	5294
120345597	0	5111	3738	3944	5317
120345697	0	5120	3761	3986	5284
120345796	0	5111	3752	3953	5355
120345897	0	5148	3743	3986	5369
120345997	0	5125	3738	3991	5336
120346097	0	5162	3756	3986	5336
120346197	0	5143	3752	3949	5303
120346297	0	5120	3761	3991	5322
120346396	0	5139	3757	3991	5270
120346497	0	5158	3748	3977	5298
120346597	0	5134	3761	3939	5340
120346697	0	5153	3743	3939	5247
120346797	0	5125	3738	3944	5350
120346897	0	5143	3752	3986	5298
120346996	0	5125	3743	3996	5312
120347097	0	5115	3762	3953	5331
120347197	0	5172	3752	3958	5359
120347297	0	5162	3775	3958	5294
120347397	0	5120	3762	3963	5326
120347497	0	5139	3766	3977	5294
120347797	0	5139	3766	3982	5312
120347897	0	5143	3756	3958	5336
120347997	0	5101	3757	3949	5294
120348097	0	5139	3762	3949	5294
120348197	0	5129	3756	3944	5312
120348297	0	5120	3738	3982	5355
120348397	0	5134	3761	3986	5364
120348497	0	5092	3743	3944	5298
120348597	0	5115	3761	3949	5322
120348697	0	5125	3762	3982	5387
120348796	0	5120	3770	3958	5340
120348897	0	5148	3761	3986	5331
120348997	0	5134	3761	3953	5322
120349097	0	5129	3761	3996	5368
120349197	0	5125	3775	3986	5294
120349297	0	5068	3757	3986	5350
120349397	0	5111	3757	3958	5303
120349501	0	5148	3766	3949	5303
120349597	0	5129	3748	3958	5322
120349696	0	5111	3766	3963	5368
120349797	0	5129	3734	3953	5298
120349897	0	5139	3761	3944	5280
120349997	0	5125	3766	3991	5251
120350097	0	5181	3762	3953	5364
120350196	0	5078	3752	3935	5336
120350296	0	5129	3757	3953	5350
120350396	0	5158	3748	3986	5345
120350497	0	5120	3761	3944	5364
120350597	0	5134	3734	3939	5322
120350697	0	5143	3748	3996	5373
120350796	0	5106	3757	3949	5336
120350897	0	5153	3748	3982	5308
120350997	0	5087	3748	3982	5308
120351097	0	5078	3766	3982	5331
120351197	0	5120	3762	3949	5298
120351297	0	5115	3762	3944	5326
120351396	0	5148	3761	3986	5368
120351497	0	5111	3757	3986	5289
120351597	0	5120	3780	3986	5359
120351697	0	5092	3757	3991	5350
120351797	0	5111	3757	3944	5350
120351897	0	5134	3775	3996	5350
120351997	0	5092	3752	3996	5298
120352097	0	5120	3762	3949	5336
120352197	0	5139	3743	3958	5359
120352297	0	5153	3762	3967	5317
120352397	0	5115	3756	3949	5336
120352497	0	5106	3752	3958	5331
120352597	0	5115	3710	3991	5331
120352697	0	5139	3762	3949	5355
120352797	0	5129	3757	3949	5359
120352897	0	5083	3752	3958	5303
120352996	0	5134	3738	3949	5355
120353097	0	5129	3789	3996	5265
120353196	0	5143	3775	3958	5326
120353296	0	5120	3780	3949	5396
120353397	0	5139	3762	3939	5312
120353497	0	5134	3762	3996	5294
120353601	0	5125	3748	3986	5350
120353697	0	5111	3724	3944	5322
120353796	0	5115	3743	3953	5336
120353897	0	5139	3770	3967	5340
120353997	0	5125	3752	3939	5322
120354096	0	5125	3761	3953	5350
120354196	0	5097	3752	3986	5303
120354297	0	5129	3752	3953	5326
120354397	0	5120	3738	3958	5275
120354497	0	5158	3738	3991	5345
120354597	0	5134	3761	3949	5345
120354697	0	5111	3780	3949	5364
120354797	0	5139	3762	3996	5322
120354897	0	5143	3757	3986	5308
120354996	0	5087	3761	3967	5280
120355097	0	5106	3738	3949	5364
120355197	0	5125	3761	3986	5345
120355297	0	5134	3738	3958	5340
120355396	0	5139	3738	3958	5317
120355497	0	5120	3757	3991	5331
120355596	0	5087	3729	3939	5326
120355697	0	5111	3734	3949	5359
120355797	0	5101	3770	3996	5331
120355896	0	5143	3762	3986	5326
120355997	0	5125	3743	3953	5322
120356096	0	5125	3748	3986	5368
120356197	0	5158	3770	3953	5331
120356297	0	5129	3738	3982	5363
120356397	0	5143	3794	3977	5355
120356497	0	5115	3761	3944	5401
120356597	0	5139	3738	3953	5312
120356696	0	5111	3738	3991	5355
120356796	0	5129	3738	3958	5340
120356996	0	5101	3734	3963	5317
120357096	0	5162	3748	3986	5350
120357197	0	5125	3734	3991	5270
120357297	0	5111	3734	3982	5377
120357396	0	5143	3743	3986	5317
120357497	0	5092	3762	3953	5369
120357597	0	5172	3743	3967	5308
120357701	0	5129	3762	3944	5340
120357797	0	5087	3743	3953	5355
120357896	0	5139	3761	3958	5336
120357997	0	5087	3748	3991	5336
120358097	0	5134	3762	3949	5345
120358196	0	5172	3729	3982	5373
120358297	0	5101	3743	3986	5345
120358397	0	5148	3761	3982	5331
120358497	0	5139	3780	3949	5312
120358597	0	5101	3738	3939	5322
120358697	0	5097	3775	3939	5294
120358796	0	5134	3775	3986	5345
120358897	0	5158	3770	3986	5326
120358997	0	5101	3752	3953	5326
120359096	0	5120	3738	3953	5340
120359196	0	5139	3743	3953	5312
120359296	0	5115	3748	3939	5336
120359397	0	5125	3770	3949	5317
120359497	0	5139	3756	3986	5308
120359597	0	5083	3762	3967	5284
120359697	0	5139	3761	3963	5340
120359797	0	5139	3738	3935	5303
120359897	0	5129	3738	3958	5308
120359996	0	5115	3756	3963	5363
120400096	0	5120	3738	3963	5373
120400197	0	5153	3766	3986	5336
120400297	0	5115	3743	3977	5369
120400396	0	5129	3766	3977	5387
120400496	0	5125	3729	3996	5391
120400596	0	5139	3743	3982	5369
120400697	0	5129	3743	3996	5340
120400797	0	5115	3743	3972	5391
120400897	0	5148	3770	3977	5298
120400997	0	5148	3757	3949	5331
120401096	0	5129	3752	3958	5298
120401197	0	5139	3770	3967	5369
120401296	0	5143	3748	3963	5363
120401396	0	5139	3757	3953	5369
120401497	0	5129	3757	3949	5350
120401597	0	5092	3762	3939	5350
120401696	0	5115	3738	3963	5410
120401800	0	5106	3752	3982	5326
120401897	0	5092	3752	3949	5308
120401997	0	5129	3756	3958	5322
120402097	0	5143	3761	3935	5350
120402197	0	5092	3734	3967	5326
120402297	0	5153	3752	3949	5355
120402397	0	5115	3770	3963	5363
120402497	0	5092	3756	3991	5322
120402596	0	5120	3757	3944	5308
120402696	0	5115	3743	3958	5331
120402796	0	5120	3757	3986	5308
120402897	0	5097	3738	3986	5345
120402996	0	5101	3757	3963	5368
120403097	0	5115	3770	3986	5326
120403196	0	5125	3761	3972	5326
120403297	0	5115	3743	3935	5326
120403397	0	5097	3752	4000	5308
120403497	0	5106	3757	3935	5340
120403597	0	5115	3752	3986	5331
120403697	0	5129	3743	3935	5364
120403796	0	5125	3770	3991	5322
120403897	0	5167	3743	3986	5364
120403997	0	5101	3762	3982	5377
120404097	0	5129	3775	3944	5331
120404196	0	5120	3752	3996	5298
120404297	0	5120	3757	3991	5308
120404397	0	5111	3761	3986	5331
120404496	0	5162	3766	3944	5280
120404597	0	5129	3770	3949	5322
120404697	0	5134	3752	3944	5369
120404797	0	5115	3743	3944	5284
120404896	0	5134	3757	3953	5308
120404997	0	5134	3761	3958	5377
120405096	0	5120	3752	3991	5364
120405196	0	5120	3724	3991	5308
120405297	0	5097	3762	3967	5340
120405396	0	5078	3757	3939	5355
120405496	0	5134	3757	3977	5331
120405597	0	5111	3757	3953	5326
120405697	0	5097	3752	3963	5275
120405796	0	5115	3738	3958	5331
120405900	0	5115	3770	3944	5350
120405996	0	5129	3738	3953	5350
120406096	0	5115	3775	3944	5340
120406197	0	5143	3752	3949	5350
120406296	0	5143	3756	3986	5336
120406397	0	5087	3734	3958	5312
120406496	0	5125	3766	3996	5359
120406596	0	5153	3762	4005	5312
120406696	0	5134	3785	3953	5322
120406796	0	5115	3770	3944	5336
120406897	0	5139	3762	3963	5363
120406996	0	5148	3766	3986	5312
120407097	0	5134	3780	3953	5326
120407197	0	5153	3762	3958	5340
120407297	0	5101	3738	3967	5308
120407396	0	5106	3743	3944	5326
120407497	0	5134	3756	3958	5387
120407597	0	5125	3780	3982	5369
120407696	0	5120	3770	3944	5312
120407802	0	5120	3757	3977	5345
120407896	0	5134	3757	3953	5377
120407996	0	5143	3748	3944	5331
120408096	0	5111	3724	3977	5364
120408197	0	5139	3729	3977	5326
120408297	0	5092	3729	3991	5340
120408396	0	5120	3752	3986	5369
120408497	0	5158	3761	3944	5308
120408596	0	5120	3757	3986	5308
120408696	0	5115	3734	3949	5331
120408797	0	5129	3775	3949	5340
120408897	0	5143	3803	3972	5391
120408996	0	5092	3761	3991	5312
120409097	0	5111	3761	3977	5373
120409197	0	5115	3752	3982	5355
120409297	0	5139	3762	3953	5331
120409396	0	5134	3752	3949	5326
120409497	0	5125	3752	3944	5303
120409596	0	5134	3770	4000	5275
120409697	0	5125	3799	3953	5312
120409796	0	5162	3752	3949	5336
120409897	0	5134	3770	3935	5322
120410001	0	5120	3743	3958	5369
120410097	0	5167	3757	3982	5350
120410196	0	5111	3734	3953	5363
120410297	0	5106	3762	3986	5340
120410396	0	5097	3748	3944	5322
120410497	0	5115	3766	3953	5298
120410596	0	5148	3748	3991	5359
120410697	0	5087	3762	3986	5331
120410797	0	5143	3761	3972	5387
120410897	0	5148	3719	3949	5317
120410996	0	5148	3752	3953	5369
120411097	0	5143	3752	3939	5359
120411196	0	5153	3743	3991	5359
120411296	0	5106	3743	3958	5326
120411396	0	5115	3743	3953	5345
120411496	0	5129	3775	3944	5359
120411597	0	5115	3775	3986	5336
120411696	0	5120	3775	3953	5284
120411796	0	5111	3752	3949	5336
120411896	0	5111	3762	3991	5359
120412096	0	5125	3734	3972	5369
120412197	0	5134	3743	3949	5350
120412296	0	5120	3761	3939	5364
120412397	0	5143	3770	3953	5265
120412496	0	5134	3762	3958	5322
120412597	0	5120	3770	3972	5359
120412696	0	5120	3743	3958	5331
120412796	0	5148	3762	3986	5377
120412896	0	5111	3734	3991	5336
120412996	0	5115	3756	3953	5396
120413096	0	5092	3752	3953	5331
120413196	0	5153	3780	3986	5364
120413296	0	5115	3761	3991	5308
120413396	0	5129	3762	4000	5359
120413497	0	5125	3752	3958	5326
120413597	0	5120	3743	3967	5355
120413697	0	5115	3775	3963	5322
120413797	0	5139	3743	3982	5340
120413896	0	5115	3724	3949	5326
120413996	0	5120	3770	3977	5331
120414100	0	5125	3743	3963	5345
120414197	0	5153	3775	3953	5355
120414297	0	5129	3770	3944	5406
120414397	0	5129	3756	3944	5298
120414496	0	5111	3748	3967	5275
120414596	0	5120	3743	3958	5322
120414696	0	5148	3757	3944	5280
120414796	0	5120	3756	3982	5345
120414896	0	5129	3762	3972	5251
120414996	0	5106	3757	3977	5308
120415097	0	5143	3757	3982	5317
120415196	0	5120	3738	3967	5369
120415296	0	5125	3752	3953	5363
120415396	0	5143	3738	3986	5340
120415497	0	5115	3756	3996	5280
120415596	0	5134	3743	3958	5363
120415697	0	5101	3762	3949	5364
120415797	0	5143	3762	3949	5308
120415896	0	5129	3766	3949	5391
120415997	0	5153	3734	3986	5368
120416096	0	5092	3734	3939	5340
120416196	0	5101	3762	3986	5294
120416296	0	5148	3762	3953	5368
120416397	0	5134	3757	3944	5345
120416497	0	5097	3748	3972	5363
120416596	0	5143	3757	3963	5350
120416696	0	5115	3766	3972	5322
120416796	0	5134	3743	3996	5317
120416896	0	5111	3775	3986	5294
120416996	0	5101	3743	4000	5359
120417096	0	5162	3743	3986	5369
120417196	0	5106	3738	3939	5322
120417296	0	5153	3738	3982	5355
120417396	0	5139	3762	3953	5359
120417496	0	5125	3775	3991	5312
120417597	0	5087	3752	3977	5326
120417697	0	5129	3762	3944	5326
120417797	0	5106	3752	3963	5336
120417896	0	5097	3729	3986	5363
120417996	0	5092	3761	3996	5364
120418097	0	5153	3752	3944	5336
120418200	0	5111	3752	3939	5391
120418297	0	5139	3766	3967	5377
120418396	0	5115	3761	3977	5331
120418496	0	5120	3748	3958	5322
120418597	0	5125	3743	3953	5317
120418697	0	5129	3756	3986	5355
120418797	0	5092	3761	3939	5336
120418896	0	5129	3761	3963	5308
120418996	0	5125	3762	3949	5406
120419097	0	5143	3752	4000	5270
120419197	0	5139	3743	3949	5298
120419297	0	5134	3738	4000	5340
120419396	0	5078	3762	3953	5312
120419496	0	5115	3775	3944	5294
120419596	0	5125	3748	3949	5326
120419696	0	5129	3756	3986	5369
120419796	0	5125	3766	3977	5363
120419896	0	5139	3766	3953	5364
120419997	0	5125	3766	3949	5340
120420097	0	5111	3766	3953	5350
120420197	0	5120	3743	3953	5336
120420297	0	5158	3743	3963	5355
120420396	0	5115	3757	3986	5368
120420496	0	5120	3757	3986	5363
120420596	0	5120	3752	3986	5368
120420697	0	5106	3756	3977	5326
120420796	0	5120	3762	3949	5312
120420896	0	5148	3748	3972	5312
120420996	0	5134	3738	3953	5336
120421096	0	5148	3766	3949	5340
120421196	0	5083	3756	3949	5355
120421296	0	5125	3748	3996	5368
120421396	0	5134	3757	3953	5410
120421496	0	5158	3761	3986	5326
120421597	0	5083	3743	3996	5308
120421696	0	5143	3748	3944	5350
120421797	0	5111	3780	3967	5331
120421897	0	5129	3775	3963	5359
120421996	0	5111	3738	3944	5350
120422096	0	5158	3775	3953	5391
120422197	0	5125	3770	3972	5336
120422300	0	5153	3752	3935	5284
120422396	0	5139	3738	3982	5355
120422496	0	5111	3757	3963	5317
120422597	0	5129	3762	3972	5359
120422696	0	5115	3752	3953	5336
120422796	0	5115	3752	3944	5331
120422896	0	5106	3766	3953	5308
120422996	0	5125	3752	3996	5308
120423096	0	5125	3729	3982	5340
120423197	0	5143	3762	3944	5322
120423296	0	5139	3775	3949	5350
120423396	0	5097	3756	3958	5336
120423496	0	5120	3752	3953	5345
120423596	0	5101	3748	3967	5317
120423696	0	5134	3748	3953	5368
120423797	0	5101	3738	3949	5336
120423896	0	5143	3756	3953	5308
120423996	0	5125	3748	3963	5336
120424096	0	5111	3743	3982	5303
120424196	0	5162	3752	3949	5369
120424297	0	5139	3780	3935	5322
120424396	0	5134	3775	3972	5373
120424496	0	5158	3729	3958	5336
120424596	0	5115	3757	3991	5326
120424696	0	5134	3748	3972	5312
120424797	0	5097	3752	3967	5336
120424896	0	5101	3752	3967	5359
120424997	0	5120	3738	3953	5340
120425097	0	5134	3770	3944	5382
120425196	0	5111	3748	3991	5322
120425297	0	5129	3775	3996	5363
120425397	0	5120	3738	3996	5355
120425496	0	5120	3748	3996	5331
120425597	0	5097	3757	3996	5382
120425696	0	5158	3743	3963	5317
120425796	0	5120	3738	3953	5355
120425897	0	5129	3724	3953	5364
120425997	0	5129	3756	3958	5294
120426096	0	5106	3756	3958	5317
120426196	0	5134	3738	3953	5355
120426296	0	5111	3743	3949	5326
120426400	0	5139	3761	3972	5289
120426496	0	5101	3748	3958	5350
120426596	0	5129	3770	3986	5331
120426696	0	5111	3756	3944	5406
120426797	0	5092	3799	3982	5336
120426897	0	5143	3734	3953	5368
120426996	0	5083	3748	4000	5336
120427097	0	5120	3770	3977	5308
120427196	0	5143	3752	3953	5373
120427296	0	5101	3752	3949	5373
120427396	0	5120	3766	3967	5350
120427497	0	5106	3761	3977	5308
120427597	0	5129	3770	3991	5364
120427697	0	5111	3748	3953	5298
120427796	0	5106	3743	3967	5336
120427897	0	5139	3757	3963	5382
120427996	0	5139	3734	3958	5340
120428096	0	5111	3748	3986	5345
120428197	0	5092	3748	3944	5317
120428297	0	5172	3757	3986	5317
120428397	0	5129	3770	3977	5345
120428496	0	5087	3743	3939	5373
120428597	0	5162	3775	3991	5369
120428696	0	5134	3756	3949	5345
120428796	0	5125	3756	3949	5355
120428897	0	5134	3743	3944	5326
120428996	0	5120	3756	3972	5312
120429097	0	5134	3761	3991	5340
120429196	0	5106	3748	3944	5340
120429297	0	5111	3770	3977	5350
120429397	0	5125	3770	3944	5256
120429496	0	5115	3752	3944	5336
120429596	0	5143	3775	3967	5326
120429696	0	5115	3785	3935	5387
120429796	0	5115	3743	3953	5331
120429896	0	5106	3775	3939	5331
120429996	0	5078	3729	3972	5317
120430096	0	5092	3748	3986	5251
120430196	0	5120	3748	3939	5340
120430296	0	5120	3738	3986	5294
120430396	0	5101	3761	3958	5336
120430500	0	5172	3752	3972	5331
120430596	0	5134	3748	3986	5289
120430696	0	5111	3743	3986	5368
120430796	0	5097	3757	3944	5363
120430896	0	5111	3748	3953	5377
120430996	0	5129	3762	3958	5303
120431096	0	5134	3756	4000	5317
120431196	0	5139	3756	3939	5270
120431297	0	5134	3729	3963	5294
120431396	0	5139	3761	3949	5359
120431497	0	5148	3729	3963	5377
120431597	0	5134	3738	3972	5326
120431696	0	5125	3762	3963	5312
120431796	0	5120	3756	3986	5322
120431896	0	5134	3752	3986	5377
120431997	0	5120	3738	3944	5326
120432096	0	5115	3766	3944	5359
120432196	0	5120	3752	3939	5331
120432296	0	5115	3748	3982	5317
120432396	0	5115	3748	3982	5317
120432496	0	5115	3761	3949	5373
120432597	0	5148	3752	3958	5303
120432697	0	5125	3748	3972	5368
120432796	0	5129	3757	3991	5364
120432896	0	5106	3738	3953	5303
120432996	0	5083	3762	3939	5298
120433097	0	5143	3738	3935	5284
120433197	0	5139	3748	4000	5336
120433296	0	5139	3762	3982	5308
120433397	0	5101	3756	3977	5350
120433497	0	5125	3770	3986	5410
120433596	0	5134	3770	3991	5396
120433702	0	5097	3770	3996	5373
120433796	0	5092	3748	3953	5336
120433897	0	5111	3752	3944	5298
120433997	0	5106	3748	3963	5265
120434096	0	5106	3766	3949	5303
120434196	0	5143	3729	3953	5368
120434296	0	5125	3770	3944	5340
120434397	0	5073	3743	3939	5294
120434496	0	5054	3743	3991	5382
120434600	0	5134	3762	3982	5303
120434696	0	5143	3762	3963	5364
120434797	0	5153	3762	4000	5350
120434896	0	5120	3748	3944	5322
120434997	0	5101	3775	3958	5331
120435096	0	5153	3743	3982	5331
120435197	0	5129	3766	3963	5355
120435297	0	5092	3762	3977	5312
120435396	0	5092	3780	3944	5363
120435496	0	5143	3756	3963	5312
120435597	0	5115	3743	3958	5359
120435696	0	5139	3748	3982	5308
120435796	0	5115	3775	3977	5387
120435897	0	5111	3743	3982	5294
120435996	0	5115	3738	3939	5322
120436096	0	5134	3752	3986	5340
120436196	0	5120	3762	3967	5336
120436297	0	5111	3748	3991	5308
120436396	0	5120	3766	3982	5363
120436497	0	5087	3752	3986	5387
120436596	0	5087	3738	3953	5261
120436696	0	5139	3761	3991	5363
120436796	0	5120	3752	3963	5326
120436897	0	5101	3757	3986	5387
120436996	0	5092	3756	3972	5326
120437096	0	5162	3761	3953	5377
120437196	0	5115	3743	3953	5326
120437296	0	5158	3729	3949	5336
120437397	0	5139	3729	3949	5303
120437496	0	5143	3766	3972	5350
120437596	0	5073	3762	3944	5336
120437696	0	5129	3766	3977	5377
120437797	0	5153	3766	3982	5345
120437896	0	5106	3756	3958	5298
120437996	0	5129	3729	3935	5355
120438096	0	5158	3780	3991	5308
120438197	0	5101	3757	3996	5391
120438296	0	5148	3762	3991	5377
120438397	0	5111	3738	3986	5326
120438496	0	5129	3762	3996	5308
120438596	0	5134	3756	3944	5312
120438701	0	5139	3752	3944	5406
120438796	0	5115	3770	3958	5294
120438896	0	5143	3743	3977	5308
120438997	0	5129	3724	3958	5331
120439096	0	5106	3757	3949	5294
120439196	0	5134	3762	3991	5308
120439296	0	5158	3761	3991	5284
120439396	0	5115	3743	3996	5275
120439496	0	5167	3743	3953	5331
120439596	0	5143	3738	3977	5312
120439696	0	5092	3762	3977	5294
120439796	0	5139	3766	3986	5350
120439896	0	5078	3734	3977	5294
120439996	0	5120	3762	3949	5247
120440296	0	5139	3743	3986	5322
120440396	0	5106	3762	3958	5308
120440496	0	5129	3757	3991	5364
120440597	0	5148	3748	3972	5308
120440696	0	5106	3757	3982	5294
120440796	0	5111	3766	3982	5289
120440896	0	5139	3757	3949	5345
120440997	0	5143	3757	3986	5382
120441096	0	5111	3761	3967	5373
120441196	0	5101	3761	3967	5317
120441296	0	5139	3738	3949	5336
120441396	0	5134	3766	3939	5303
120441496	0	5111	3734	3996	5317
120441596	0	5125	3770	3986	5350
120441696	0	5125	3766	3953	5326
120441796	0	5087	3757	3949	5312
120441896	0	5111	3761	3986	5336
120441996	0	5120	3743	3991	5369
120442096	0	5134	3762	3949	5336
120442196	0	5120	3756	3986	5326
120442296	0	5129	3748	3953	5369
120442396	0	5120	3743	3986	5364
120442496	0	5148	3734	3958	5317
120442597	0	5087	3766	3996	5345
120442696	0	5148	3748	3958	5336
120442800	0	5134	3748	3991	5326
120442896	0	5153	3748	3972	5336
120442997	0	5101	3757	3949	5322
120443096	0	5111	3752	3958	5312
120443196	0	5120	3756	3977	5340
120443296	0	5148	3748	3939	5336
120443396	0	5148	3756	3944	5294
120443496	0	5134	3756	3944	5312
120443596	0	5087	3762	3982	5363
120443696	0	5134	3756	3991	5284
120443796	0	5120	3766	3958	5359
120443896	0	5101	3756	3939	5382
120443996	0	5129	3756	3958	5406
120444097	0	5115	3743	3972	5298
120444197	0	5139	3738	3963	5336
120444296	0	5115	3794	3972	5336
120444396	0	5106	3766	3963	5368
120444696	0	5148	3734	3949	5303
120444797	0	5120	3734	3944	5312
120444896	0	5097	3766	3982	5355
120444996	0	5125	3770	3977	5340
120445096	0	5129	3757	3953	5382
120445196	0	5115	3734	3963	5331
120445296	0	5148	3752	3958	5322
120445396	0	5129	3748	3986	5331
120445496	0	5153	3770	3958	5308
120445596	0	5153	3752	3991	5317
120445696	0	5115	3752	3977	5326
120445796	0	5101	3756	3949	5322
120445896	0	5129	3719	3953	5308
120445996	0	5129	3729	3953	5364
120446096	0	5143	3766	3991	5359
120446196	0	5125	3748	3939	5387
120446296	0	5101	3780	3958	5336
120446396	0	5120	3729	3972	5359
120446496	0	5139	3748	3939	5322
120446597	0	5120	3756	3972	5340
120446696	0	5097	3756	3953	5317
120446796	0	5134	3743	3963	5317
120446898	0	5158	3748	3939	5298
120446996	0	5134	3756	3944	5294
120447096	0	5120	3743	3935	5331
120447196	0	5115	3770	3977	5265
120447296	0	5134	3756	3991	5345
120447396	0	5139	3743	3977	5317
120447496	0	5143	3766	3944	5340
120447596	0	5120	3757	3939	5331
120447697	0	5101	3743	3953	5340
120447796	0	5172	3752	3991	5331
120447896	0	5111	3761	3939	5336
120447996	0	5129	3752	3986	5336
120448096	0	5148	3770	3944	5308
120448196	0	5097	3761	4000	5345
120448296	0	5120	3752	3944	5345
120448396	0	5125	3748	3953	5387
120448496	0	5087	3785	3996	5265
120448596	0	5115	3743	3949	5322
120448697	0	5143	3780	3991	5308
120448996	0	5106	3785	3996	5340
120449096	0	5111	3756	3986	5312
120449196	0	5139	3752	3949	5336
120449296	0	5120	3752	3967	5322
120449396	0	5097	3734	3953	5326
120449496	0	5129	3766	3991	5261
120449596	0	5148	3734	3939	5345
120449696	0	5120	3757	3963	5345
120449797	0	5115	3743	3991	5317
120449896	0	5120	3770	3972	5280
120449996	0	5134	3761	3977	5345
120450196	0	5134	3761	3963	5331
120450296	0	5129	3785	3982	5336
120450396	0	5125	3762	3963	5355
120450496	0	5087	3762	3972	5317
120450597	0	5115	3756	3991	5340
120450696	0	5143	3738	3958	5322
120450796	0	5115	3743	3944	5289
120450896	0	5134	3752	3939	5336
120450998	0	5092	3738	3986	5270
120451096	0	5139	3743	3972	5317
120451196	0	5148	3757	3953	5326
120451296	0	5097	3748	3977	5340
120451396	0	5125	3770	3935	5298
120451496	0	5148	3757	3982	5317
120451596	0	5129	3752	3982	5336
120451696	0	5115	3743	3958	5350
120451796	0	5111	3748	3963	5340
120451896	0	5115	3775	3949	5345
120451996	0	5158	3748	3977	5336
120452096	0	5115	3761	3949	5317
120452196	0	5106	3752	3963	5317
120452296	0	5134	3748	3939	5284
120452396	0	5125	3757	3953	5364
120452496	0	5101	3743	3944	5308
120452596	0	5115	3785	3963	5265
120452696	0	5106	3729	3986	5303
120452796	0	5148	3748	3986	5355
120452896	0	5162	3738	3949	5322
120452996	0	5153	3762	3982	5303
120453096	0	5106	3743	3991	5294
120453196	0	5125	3775	3949	5359
120453296	0	5087	3761	3982	5336
120453396	0	5111	3748	3949	5336
120453496	0	5139	3766	3949	5382
120453596	0	5120	3757	3967	5331
120453696	0	5111	3766	3996	5345
120453794	0	5083	3743	3958	5326
120453894	0	5111	3724	3972	5345
120453994	0	5148	3780	3977	5308
120454094	0	5167	3738	3953	5369
120454194	0	5120	3762	3963	5355
120454294	0	5125	3743	3949	5322
120454394	0	5115	3761	3944	5369
120454494	0	5115	3775	3986	5355
120454594	0	5097	3748	3953	5355
120454694	0	5139	3762	3939	5251
120454794	0	5129	3761	3991	5415
120454894	0	5134	3748	3944	5373
120454994	0	5158	3756	3996	5312
120455098	0	5097	3738	3958	5289
120455194	0	5125	3756	3953	5270
120455294	0	5120	3766	3939	5359
120455394	0	5111	3761	3963	5336
120455494	0	5143	3757	3949	5242
120455594	0	5148	3766	3972	5377
120455694	0	5101	3738	3944	5322
120455794	0	5143	3766	3982	5345
120455894	0	5106	3752	3953	5289
120455994	0	5148	3748	3963	5368
120456094	0	5115	3748	3967	5289
120456194	0	5162	3743	3963	5303
120456294	0	5115	3743	3949	5359
120456394	0	5148	3757	3996	5326
120456494	0	5101	3757	3986	5326
120456594	0	5129	3789	3953	5336
120456694	0	5153	3756	3958	5322
120456794	0	5115	3738	3949	5350
120456894	0	5153	3766	3935	5359
120456994	0	5125	3762	3982	5275
120457094	0	5097	3756	3958	5331
120457194	0	5139	3766	3991	5331
120457294	0	5101	3738	3991	5326
120457394	0	5129	3752	3958	5336
120457494	0	5148	3775	3996	5387
120457594	0	5129	3734	3996	5340
120457694	0	5134	3756	3977	5336
120457794	0	5125	3738	3986	5312
120457894	0	5153	3748	3982	5317
120457994	0	5101	3770	3986	5373
120458094	0	5134	3748	3949	5303
120458194	0	5148	3770	3963	5331
120458294	0	5120	3762	3963	5359
120458394	0	5101	3775	3944	5331
120458494	0	5101	3766	3982	5317
120458594	0	5106	3757	3972	5317
120458694	0	5120	3748	3953	5284
120458794	0	5078	3743	3949	5317
120458894	0	5162	3757	3977	5355
120458994	0	5125	3762	3958	5368
120459094	0	5153	3738	3982	5280
120459198	0	5115	3770	3944	5308
120459294	0	5101	3757	3982	5350
120459394	0	5125	3734	3935	5284
120459494	0	5101	3775	3963	5331
120459594	0	5148	3752	3953	5355
120459694	0	5111	3743	3949	5368
120459794	0	5097	3757	3949	5336
120459894	0	5120	3780	3953	5336
120459994	0	5148	3752	3958	5363
120500094	0	5115	3724	3963	5251
120500194	0	5129	3775	3958	5326
120500294	0	5129	3743	3982	5340
120500394	0	5129	3762	3972	5336
120500494	0	5139	3743	3967	5364
120500593	0	5097	3748	3958	5340
120500694	0	5129	3757	3986	5355
120500794	0	5139	3766	3944	5355
120500894	0	5111	3770	3963	5364
120500994	0	5120	3757	3958	5326
120501094	0	5111	3785	3972	5308
120501194	0	5125	3743	3991	5331
120501294	0	5139	3738	3991	5364
120501394	0	5106	3748	3939	5369
120501494	0	5139	3770	3967	5336
120501594	0	5129	3724	3982	5312
120501694	0	5115	3766	3944	5303
120501794	0	5153	3743	3949	5308
120501894	0	5134	3743	3967	5340
120501994	0	5101	3770	3991	5331
120502094	0	5143	3734	3939	5359
120502193	0	5153	3729	3996	5391
120502294	0	5125	3761	3972	5345
120502394	0	5115	3743	3953	5359
120502494	0	5120	3743	3949	5350
120502594	0	5106	3775	3944	5364
120502694	0	5097	3762	3967	5345
120502794	0	5125	3743	3949	5345
120502894	0	5143	3756	3991	5331
120502994	0	5111	3738	3991	5336
120503094	0	5115	3734	3977	5355
120503194	0	5115	3762	3953	5363
120503298	0	5101	3752	3958	5336
120503394	0	5134	3770	3967	5363
120503494	0	5153	3775	3949	5317
120503594	0	5101	3770	3963	5377
120503694	0	5134	3748	3991	5336
120503794	0	5111	3761	3991	5303
120503894	0	5097	3761	3949	5326
120503994	0	5101	3761	3963	5350
120504094	0	5148	3738	3996	5336
120504194	0	5129	3748	3986	5340
120504294	0	5139	3752	3944	5331
120504394	0	5143	3743	3949	5363
120504494	0	5139	3734	3996	5331
120504594	0	5097	3762	3939	5312
120504694	0	5125	3734	3949	5340
120504794	0	5134	3738	3986	5308
120504894	0	5097	3756	3939	5298
120504994	0	5120	3743	3972	5308
120505093	0	5143	3775	3953	5331
120505194	0	5097	3766	3986	5326
120505294	0	5139	3724	3949	5298
120505394	0	5158	3761	3967	5261
120505494	0	5153	3752	3963	5331
120505593	0	5143	3748	3991	5261
120505694	0	5106	3770	3953	5326
120505794	0	5087	3748	3944	5345
120505894	0	5078	3734	3991	5369
120505994	0	5115	3780	3963	5382
120506094	0	5106	3762	3996	5322
120506194	0	5129	3762	3967	5312
120506294	0	5120	3762	3963	5336
120506394	0	5153	3766	3991	5312
120506494	0	5106	3775	3963	5289
120506594	0	5139	3775	3986	5340
120506694	0	5129	3770	3982	5350
120506794	0	5120	3766	3939	5322
120506894	0	5139	3770	3996	5336
120506994	0	5143	3762	3991	5275
120507094	0	5129	3756	3944	5322
120507194	0	5139	3761	3982	5355
120507294	0	5125	3762	3953	5317
120507398	0	5092	3719	3953	5336
120507494	0	5143	3757	3944	5336
120507594	0	5106	3762	3958	5369
120507694	0	5111	3734	3939	5355
120507794	0	5134	3775	3996	5242
120507894	0	5153	3762	3972	5377
120507994	0	5115	3775	3986	5322
120508094	0	5106	3762	3953	5317
120508194	0	5158	3743	3977	5382
120508294	0	5097	3775	3935	5345
120508394	0	5106	3743	3953	5363
120508494	0	5153	3752	3982	5350
120508594	0	5134	3729	3986	5355
120508694	0	5153	3729	3996	5326
120508794	0	5115	3775	3958	5363
120508894	0	5139	3756	3991	5350
120508993	0	5097	3761	3949	5270
120509094	0	5134	3752	3939	5317
120509194	0	5106	3761	3953	5340
120509294	0	5129	3770	3963	5331
120509394	0	5129	3724	3991	5340
120509493	0	5143	3748	3958	5331
120509594	0	5101	3761	3977	5331
120509694	0	5143	3752	3991	5363
120509794	0	5115	3761	3958	5364
120509894	0	5143	3789	3949	5331
120509994	0	5125	3748	3944	5355
120510094	0	5092	3752	3972	5331
120510194	0	5134	3738	3972	5369
120510294	0	5083	3794	3953	5363
120510394	0	5158	3775	3972	5308
120510494	0	5125	3756	3982	5345
120510594	0	5092	3734	3982	5336
120510694	0	5139	3757	3982	5350
120510794	0	5158	3734	3939	5355
120510894	0	5134	3780	3944	5331
120510994	0	5162	3738	3944	5322
120511094	0	5143	3743	3996	5369
120511194	0	5129	3761	3982	5336
120511294	0	5101	3738	3986	5340
120511394	0	5120	3738	3949	5345
120511498	0	5125	3762	3958	5377
120511594	0	5125	3770	3977	5326
120511694	0	5134	3756	3977	5298
120511793	0	5097	3752	3991	5350
120511894	0	5129	3748	3944	5322
120511993	0	5143	3761	3972	5382
120512094	0	5139	3748	3996	5340
120512194	0	5143	3770	3958	5345
120512294	0	5106	3752	3935	5355
120512393	0	5120	3775	3963	5298
120512494	0	5097	3761	3953	5359
120512594	0	5129	3756	4000	5303
120512694	0	5162	3780	3953	5303
120512794	0	5139	3757	3991	5350
120512894	0	5125	3757	3944	5317
120512994	0	5153	3762	3935	5340
120513094	0	5120	3729	3986	5350
120513194	0	5101	3775	3958	5355
120513294	0	5139	3775	3963	5322
120513393	0	5115	3748	3986	5336
120513494	0	5148	3752	3986	5308
120513594	0	5115	3752	3944	5345
120513694	0	5129	3756	3953	5355
120513794	0	5097	3770	3953	5326
120513894	0	5111	3738	3991	5308
120513994	0	5120	3756	3972	5377
120514094	0	5092	3757	3967	5317
120514194	0	5125	3748	3967	5317
120514294	0	5120	3748	3953	5317
120514394	0	5125	3757	3939	5359
120514494	0	5111	3766	3977	5340
120514598	0	5148	3734	3953	5345
120514694	0	5153	3743	3958	5326
120514794	0	5134	3748	3958	5336
120514894	0	5143	3766	3967	5322
120514994	0	5120	3775	3958	5289
120515093	0	5143	3752	3935	5322
120515193	0	5106	3770	3972	5336
120515293	0	5125	3729	3972	5364
120515394	0	5134	3761	3958	5355
120515494	0	5143	3748	3953	5359
120515598	0	5139	3757	3986	5364
120515694	0	5139	3762	3982	5359
120515794	0	5101	3756	3967	5340
120515894	0	5092	3775	3977	5359
120515994	0	5129	3738	3963	5298
120516094	0	5097	3748	3996	5326
120516194	0	5129	3762	3996	5336
120516293	0	5106	3762	4000	5350
120516394	0	5115	3761	3977	5350
120516494	0	5083	3756	3963	5322
120516594	0	5129	3757	3958	5359
120516694	0	5129	3766	3986	5331
120516794	0	5129	3761	3982	5391
120516894	0	5125	3775	3949	5359
120516994	0	5125	3734	3977	5391
120517093	0	5125	3734	3958	5363
120517194	0	5101	3734	3986	5284
120517294	0	5129	3761	3958	5345
120517394	0	5087	3724	3996	5326
120517495	0	5106	3775	3944	5326
120517594	0	5134	3757	3953	5326
